('generated stochastic delays:', [array([ 2, 11,  5, ...,  2,  3,  1])])
('test function', 'Branin')
('opt_fidel_cost:', 1.0)
Running Experiment1: 
('total budget:', 600)
Auto Init: 
C: 0.8313313703582592
nu: 0.8313313703582592
Budget Remaining: 591.98201704
Number of MFHOO Instances: 1
Budget per MFHOO Instance:590.98201704
number of HOO: 1
Running SOO number: 1 rho: 0.95 nu: 0.8313313703582592
delay_type: DHOO
policy: UCB1
[0.54638672 0.12475586]
final iterations:77812535
final HOO number of nodes:539
final HOO height:26
final duration:590
final optimal value:-0.521140 
time durations: [0.0014009475708007812, 4.003793001174927, 8.011150121688843, 8.012020111083984, 12.015990018844604, 16.033116102218628, 20.042885065078735, 24.050706148147583, 28.06083393096924, 32.06738901138306, 32.067909955978394, 36.07211399078369, 36.08748698234558, 36.08951497077942, 40.09249997138977, 40.09959697723389, 40.100131034851074, 44.13131403923035, 48.14602708816528, 48.14731001853943, 52.155357122421265, 56.16649794578552, 56.1672101020813, 60.17985796928406, 64.18838715553284, 64.18933200836182, 68.20804500579834, 68.20872712135315, 72.23097205162048, 72.23208093643188, 76.23957800865173, 76.2404100894928, 80.25132012367249, 80.25228309631348, 84.26755213737488, 88.27954602241516, 88.28084897994995, 92.30153799057007, 92.30253314971924, 96.31473112106323, 96.31577706336975, 100.31978011131287, 104.32731509208679, 104.32835292816162, 108.34713101387024, 112.35234713554382, 112.353511095047, 116.36924695968628, 116.37030696868896, 120.38206791877747, 120.38302206993103, 124.39682698249817, 124.3978419303894, 128.4185061454773, 128.42033505439758, 132.43729305267334, 132.43904209136963, 136.44881296157837, 140.45427298545837, 140.4555699825287, 144.4700779914856, 144.4713909626007, 148.48290610313416, 152.49207401275635, 152.49325013160706, 156.52039408683777, 160.52585291862488, 160.52783012390137, 164.53380608558655, 168.54793906211853, 168.5494351387024, 172.56491804122925, 172.56626296043396, 176.59080910682678, 176.59334111213684, 180.60426712036133, 180.6060290336609, 180.60744214057922, 184.63443994522095, 184.63600611686707, 188.64646911621094, 188.64878296852112, 192.6589469909668, 192.66030192375183, 196.67093896865845, 196.672749042511, 200.6761519908905, 200.67750692367554, 204.621896982193, 208.63410592079163, 208.63575315475464, 212.65161800384521, 212.65273213386536, 216.6722331047058, 216.6741600036621, 220.6860921382904, 224.6912260055542, 224.69377493858337, 228.70660710334778, 228.7084310054779, 232.71035408973694, 236.72199296951294, 236.72370600700378, 240.73792600631714, 244.7637541294098, 244.76569604873657, 248.77872014045715, 248.78168106079102, 252.7848949432373, 256.7939269542694, 256.7958400249481, 260.8082330226898, 260.80997705459595, 264.8239760398865, 264.82593393325806, 268.8356509208679, 268.8375151157379, 272.851774930954, 272.8540999889374, 276.8777461051941, 280.8852951526642, 280.88736295700073, 284.8988699913025, 288.90807008743286, 288.9100811481476, 292.92298197746277, 292.9252870082855, 296.9368209838867, 296.9394099712372, 300.956346988678, 300.9587540626526, 304.97418093681335, 304.97764897346497, 308.98843693733215, 313.00542402267456, 313.00812292099, 317.01123094558716, 317.01342701911926, 321.0291199684143, 321.03095293045044, 325.0404119491577, 325.04257011413574, 329.0525789260864, 329.0549170970917, 333.073539018631, 333.07574796676636, 337.08729314804077, 337.0898771286011, 341.1023910045624, 341.1051321029663, 345.11381006240845, 345.1162979602814, 349.12726497650146, 353.1380970478058, 353.14068508148193, 357.1518609523773, 357.1557869911194, 361.1662349700928, 361.16875314712524, 365.1800079345703, 365.18309593200684, 369.2194049358368, 373.2223091125488, 373.2249300479889, 377.24533104896545, 377.24786400794983, 381.2521870136261, 381.25559306144714, 385.2679171562195, 385.2713530063629, 389.28624510765076, 389.28828597068787, 393.3201870918274, 393.32390308380127, 397.35041904449463, 397.3524270057678, 401.36518692970276, 401.36842012405396, 405.3753619194031, 405.3785309791565, 409.3949189186096, 409.397912979126, 413.4035060405731, 413.40658497810364, 417.41790103912354, 417.4207830429077, 421.4276120662689, 421.4305031299591, 425.44266414642334, 425.44642901420593, 429.45237398147583, 429.45558404922485, 433.47519302368164, 433.4790549278259, 437.4874620437622, 437.4905960559845, 441.50368905067444, 441.50672698020935, 445.54978013038635, 449.5573899745941, 449.56039810180664, 453.57298493385315, 453.5760509967804, 457.5868830680847, 457.59028911590576, 461.60358715057373, 461.60673809051514, 465.62864899635315, 465.6319360733032, 469.6376259326935, 469.640841960907, 473.6542580127716, 477.66639709472656, 477.66977310180664, 481.68130898475647, 481.6847710609436, 485.70800399780273, 485.7110900878906, 489.72762393951416, 489.7317681312561, 489.73532009124756, 493.74767899513245, 493.7514569759369, 497.75880193710327, 497.7638969421387, 501.7760100364685, 505.78631711006165, 505.78993105888367, 509.8019721508026, 509.80587792396545, 513.8253149986267, 513.8293850421906, 517.8461060523987, 517.8510010242462, 521.8614990711212, 521.8645269870758, 521.8677899837494, 525.8866820335388, 525.8901741504669, 529.90505194664, 529.9089350700378, 533.9251189231873, 533.929032087326, 537.9434180259705, 537.946417093277, 541.9568469524384, 545.9704251289368, 545.9747540950775, 549.9870190620422, 549.9911000728607, 554.0062129497528, 554.0106279850006, 558.0314900875092, 558.0353469848633, 562.0412650108337, 562.046257019043, 566.0751531124115, 566.0793330669403, 570.0882019996643, 570.0919990539551, 574.1029291152954, 574.1074860095978, 578.1205480098724, 578.1258730888367, 582.1381981372833, 582.1422901153564, 586.1575779914856, 586.1623039245605, 590.1863391399384, 590.1899869441986]
noisy values: [-24.717212720622562, -3.2693864500647454, -3.2693864500647454, -3.2693864500647454, -3.2693864500647454, -3.2693864500647454, -3.2693864500647454, -1.878555389133357, -1.1364511705127924, -1.1364511705127924, -1.1364511705127924, -1.1364511705127924, -1.0557382984011134, -1.0557382984011134, -1.0557382984011134, -0.6921541650187368, -0.6921541650187368, -0.5899661281421285, -0.5899661281421285, -0.5899661281421285, -0.5899661281421285, -0.5899661281421285, -0.5899661281421285, -0.5683187133139782, -0.5683187133139782, -0.5683187133139782, -0.552931661533071, -0.552931661533071, -0.552931661533071, -0.552931661533071, -0.552931661533071, -0.552931661533071, -0.5466641792848588, -0.5466641792848588, -0.5466641792848588, -0.5466641792848588, -0.5466641792848588, -0.5466641792848588, -0.5466641792848588, -0.5386088113066769, -0.5386088113066769, -0.5307696512662385, -0.5307696512662385, -0.5307696512662385, -0.5307696512662385, -0.5307696512662385, -0.5307696512662385, -0.5307696512662385, -0.5307696512662385, -0.5307696512662385, -0.5307696512662385, -0.5307696512662385, -0.5307696512662385, -0.5307696512662385, -0.5307696512662385, -0.5274149529187842, -0.5274149529187842, -0.5239574856475571, -0.5239574856475571, -0.5239574856475571, -0.5239574856475571, -0.5239574856475571, -0.5239574856475571, -0.5239574856475571, -0.5239574856475571, -0.5239574856475571, -0.5239574856475571, -0.5239574856475571, -0.5239574856475571, -0.5239574856475571, -0.5239574856475571, -0.5239574856475571, -0.5239574856475571, -0.5239574856475571, -0.5239574856475571, -0.5239574856475571, -0.5239574856475571, -0.5239574856475571, -0.5236127656782159, -0.5236127656782159, -0.5236127656782159, -0.5236127656782159, -0.5236127656782159, -0.5236127656782159, -0.5236127656782159, -0.5236127656782159, -0.5236127656782159, -0.5236127656782159, -0.5236127656782159, -0.5236127656782159, -0.5236127656782159, -0.5236127656782159, -0.5236127656782159, -0.5236127656782159, -0.5236127656782159, -0.5236127656782159, -0.5236127656782159, -0.5236127656782159, -0.5236127656782159, -0.5236127656782159, -0.5236127656782159, -0.5236127656782159, -0.5236127656782159, -0.5236127656782159, -0.5236127656782159, -0.5236127656782159, -0.5236127656782159, -0.5236127656782159, -0.5236127656782159, -0.5236127656782159, -0.5236127656782159, -0.5216187511742127, -0.5216187511742127, -0.5216187511742127, -0.5216187511742127, -0.5216187511742127, -0.5216187511742127, -0.5216187511742127, -0.5216187511742127, -0.5216187511742127, -0.5216187511742127, -0.5216187511742127, -0.5216187511742127, -0.5216187511742127, -0.5216187511742127, -0.5216187511742127, -0.5216187511742127, -0.5216187511742127, -0.5216187511742127, -0.5216187511742127, -0.5216187511742127, -0.5216187511742127, -0.5216187511742127, -0.5216187511742127, -0.5216187511742127, -0.5216187511742127, -0.5216187511742127, -0.5216187511742127, -0.5216187511742127, -0.5216187511742127, -0.5216187511742127, -0.5216187511742127, -0.5216187511742127, -0.5216187511742127, -0.5216187511742127, -0.5216187511742127, -0.5216187511742127, -0.5216187511742127, -0.5216187511742127, -0.5216187511742127, -0.5216187511742127, -0.5216187511742127, -0.5216187511742127, -0.5216187511742127, -0.5216187511742127, -0.5216187511742127, -0.5211403536062917, -0.5211403536062917, -0.5211403536062917, -0.5211403536062917, -0.5211403536062917, -0.5211403536062917, -0.5211403536062917, -0.5211403536062917, -0.5211403536062917, -0.5211403536062917, -0.5211403536062917, -0.5211403536062917, -0.5211403536062917, -0.5211403536062917, -0.5211403536062917, -0.5211403536062917, -0.5211403536062917, -0.5211403536062917, -0.5211403536062917, -0.5211403536062917, -0.5211403536062917, -0.5211403536062917, -0.5211403536062917, -0.5211403536062917, -0.5211403536062917, -0.5211403536062917, -0.5211403536062917, -0.5211403536062917, -0.5211403536062917, -0.5211403536062917, -0.5211403536062917, -0.5211403536062917, -0.5211403536062917, -0.5211403536062917, -0.5211403536062917, -0.5211403536062917, -0.5211403536062917, -0.5211403536062917, -0.5211403536062917, -0.5211403536062917, -0.5211403536062917, -0.5211403536062917, -0.5211403536062917, -0.5211403536062917, -0.5211403536062917, -0.5211403536062917, -0.5211403536062917, -0.5211403536062917, -0.5211403536062917, -0.5211403536062917, -0.5211403536062917, -0.5211403536062917, -0.5211403536062917, -0.5211403536062917, -0.5211403536062917, -0.5211403536062917, -0.5211403536062917, -0.5211403536062917, -0.5211403536062917, -0.5211403536062917, -0.5211403536062917, -0.5211403536062917, -0.5211403536062917, -0.5211403536062917, -0.5211403536062917, -0.5211403536062917, -0.5211403536062917, -0.5211403536062917, -0.5211403536062917, -0.5211403536062917, -0.5211403536062917, -0.5211403536062917, -0.5211403536062917, -0.5211403536062917, -0.5211403536062917, -0.5211403536062917, -0.5211403536062917, -0.5211403536062917, -0.5211403536062917, -0.5211403536062917, -0.5211403536062917, -0.5211403536062917, -0.5211403536062917, -0.5211403536062917, -0.5211403536062917, -0.5211403536062917, -0.5211403536062917, -0.5211403536062917, -0.5211403536062917, -0.5211403536062917, -0.5211403536062917, -0.5211403536062917, -0.5211403536062917, -0.5211403536062917, -0.5211403536062917, -0.5211403536062917, -0.5211403536062917, -0.5211403536062917, -0.5211403536062917, -0.5211403536062917, -0.5211403536062917, -0.5211403536062917, -0.5211403536062917, -0.5211403536062917, -0.5211403536062917, -0.5211403536062917, -0.5211403536062917, -0.5211403536062917, -0.5211403536062917, -0.5211403536062917, -0.5211403536062917, -0.5211403536062917, -0.5211403536062917, -0.5211403536062917]
data points:
values: [-24.129964413622268, -3.156436450015981, -3.156436450015981, -3.156436450015981, -3.156436450015981, -3.156436450015981, -3.156436450015981, -2.065240567292882, -1.2367994993539337, -1.2367994993539337, -1.2367994993539337, -1.2367994993539337, -1.2367994993539337, -1.138531354346135, -1.138531354346135, -1.138531354346135, -0.7604847887383777, -0.7604847887383777, -0.6366682720651493, -0.6366682720651493, -0.6366682720651493, -0.6366682720651493, -0.6366682720651493, -0.6366682720651493, -0.6061414031402013, -0.6061414031402013, -0.6061414031402013, -0.5809771487741298, -0.5809771487741298, -0.5809771487741298, -0.5809771487741298, -0.5809771487741298, -0.5809771487741298, -0.5802631959207343, -0.5802631959207343, -0.5802631959207343, -0.5802631959207343, -0.5802631959207343, -0.5802631959207343, -0.5802631959207343, -0.5667294360429196, -0.5667294360429196, -0.5564109472988754, -0.5564109472988754, -0.5564109472988754, -0.5564109472988754, -0.5564109472988754, -0.5564109472988754, -0.5564109472988754, -0.5564109472988754, -0.5564109472988754, -0.5564109472988754, -0.5564109472988754, -0.5564109472988754, -0.5564109472988754, -0.5564109472988754, -0.552464239068339, -0.552464239068339, -0.5473032171179568, -0.5473032171179568, -0.5473032171179568, -0.5473032171179568, -0.5473032171179568, -0.5473032171179568, -0.5473032171179568, -0.5473032171179568, -0.5473032171179568, -0.5473032171179568, -0.5473032171179568, -0.5473032171179568, -0.5473032171179568, -0.5473032171179568, -0.5473032171179568, -0.5473032171179568, -0.5473032171179568, -0.5473032171179568, -0.5473032171179568, -0.5473032171179568, -0.5473032171179568, -0.5461260234587701, -0.5461260234587701, -0.5461260234587701, -0.5461260234587701, -0.5461260234587701, -0.5461260234587701, -0.5461260234587701, -0.5461260234587701, -0.5461260234587701, -0.5461260234587701, -0.5461260234587701, -0.5461260234587701, -0.5461260234587701, -0.5461260234587701, -0.5461260234587701, -0.5461260234587701, -0.5461260234587701, -0.5461260234587701, -0.5461260234587701, -0.5461260234587701, -0.5461260234587701, -0.5461260234587701, -0.5461260234587701, -0.5461260234587701, -0.5461260234587701, -0.5461260234587701, -0.5461260234587701, -0.5461260234587701, -0.5461260234587701, -0.5461260234587701, -0.5461260234587701, -0.5461260234587701, -0.5461260234587701, -0.5461132684755707, -0.5461132684755707, -0.5461132684755707, -0.5461132684755707, -0.5461132684755707, -0.5461132684755707, -0.5461132684755707, -0.5461132684755707, -0.5461132684755707, -0.5461132684755707, -0.5461132684755707, -0.5461132684755707, -0.5461132684755707, -0.5461132684755707, -0.5461132684755707, -0.5461132684755707, -0.5461132684755707, -0.5461132684755707, -0.5461132684755707, -0.5461132684755707, -0.5461132684755707, -0.5461132684755707, -0.5461132684755707, -0.5461132684755707, -0.5461132684755707, -0.5461132684755707, -0.5461132684755707, -0.5461132684755707, -0.5461132684755707, -0.5461132684755707, -0.5461132684755707, -0.5461132684755707, -0.5461132684755707, -0.5461132684755707, -0.5461132684755707, -0.5461132684755707, -0.5461132684755707, -0.5461132684755707, -0.5461132684755707, -0.5461132684755707, -0.5461132684755707, -0.5461132684755707, -0.5461132684755707, -0.5461132684755707, -0.5461132684755707, -0.5428672800484442, -0.5428672800484442, -0.5428672800484442, -0.5428672800484442, -0.5428672800484442, -0.5428672800484442, -0.5428672800484442, -0.5428672800484442, -0.5428672800484442, -0.5428672800484442, -0.5428672800484442, -0.5428672800484442, -0.5428672800484442, -0.5428672800484442, -0.5428672800484442, -0.5428672800484442, -0.5428672800484442, -0.5428672800484442, -0.5428672800484442, -0.5428672800484442, -0.5428672800484442, -0.5428672800484442, -0.5428672800484442, -0.5428672800484442, -0.5428672800484442, -0.5428672800484442, -0.5428672800484442, -0.5428672800484442, -0.5428672800484442, -0.5428672800484442, -0.5428672800484442, -0.5428672800484442, -0.5428672800484442, -0.5428672800484442, -0.5428672800484442, -0.5428672800484442, -0.5428672800484442, -0.5428672800484442, -0.5428672800484442, -0.5428672800484442, -0.5428672800484442, -0.5428672800484442, -0.5428672800484442, -0.5428672800484442, -0.5428672800484442, -0.5428672800484442, -0.5428672800484442, -0.5428672800484442, -0.5428672800484442, -0.5428672800484442, -0.5428672800484442, -0.5428672800484442, -0.5428672800484442, -0.5428672800484442, -0.5428672800484442, -0.5428672800484442, -0.5428672800484442, -0.5428672800484442, -0.5428672800484442, -0.5428672800484442, -0.5428672800484442, -0.5428672800484442, -0.5428672800484442, -0.5428672800484442, -0.5428672800484442, -0.5428672800484442, -0.5428672800484442, -0.5428672800484442, -0.5428672800484442, -0.5428672800484442, -0.5428672800484442, -0.5428672800484442, -0.5428672800484442, -0.5428672800484442, -0.5428672800484442, -0.5428672800484442, -0.5428672800484442, -0.5428672800484442, -0.5428672800484442, -0.5428672800484442, -0.5428672800484442, -0.5428672800484442, -0.5428672800484442, -0.5428672800484442, -0.5428672800484442, -0.5428672800484442, -0.5428672800484442, -0.5428672800484442, -0.5428672800484442, -0.5428672800484442, -0.5428672800484442, -0.5428672800484442, -0.5428672800484442, -0.5428672800484442, -0.5428672800484442, -0.5428672800484442, -0.5428672800484442, -0.5428672800484442, -0.5428672800484442, -0.5428672800484442, -0.5428672800484442, -0.5428672800484442, -0.5428672800484442, -0.5428672800484442, -0.5428672800484442, -0.5428672800484442, -0.5428672800484442, -0.5428672800484442, -0.5428672800484442, -0.5428672800484442, -0.5428672800484442, -0.5428672800484442, -0.5428672800484442]
Done!
opt_val: -0.542867280048
