('generated stochastic delays:', [array([ 2, 11,  5, ...,  2,  3,  1])])
('test function', 'Branin')
('opt_fidel_cost:', 1.0)
Running Experiment1: 
('total budget:', 600)
Auto Init: 
C: 0.8313313703582592
nu: 0.8313313703582592
Budget Remaining: 591.991621017
Number of MFHOO Instances: 1
Budget per MFHOO Instance:590.991621017
number of HOO: 1
Running SOO number: 1 rho: 0.95 nu: 0.8313313703582592
delay_type: DHOO
policy: UCB1
[0.9609375  0.12109375]
final iterations:67377222
final HOO number of nodes:579
final HOO height:26
final duration:590
final optimal value:-0.455550 
time durations: [0.00074005126953125, 4.004579067230225, 8.010680913925171, 8.011497974395752, 12.015711069107056, 12.016178846359253, 12.017544984817505, 16.024420976638794, 20.02891492843628, 20.0296049118042, 24.045387029647827, 28.047852039337158, 28.048902988433838, 32.05433487892151, 32.055168867111206, 36.06283187866211, 40.070136070251465, 40.07081604003906, 40.071266889572144, 44.08348298072815, 48.09063196182251, 48.09166502952576, 52.0977668762207, 52.09864807128906, 56.12089991569519, 60.12673592567444, 60.12785196304321, 64.14821195602417, 64.1493148803711, 68.15824389457703, 68.15988898277283, 72.16405487060547, 76.17081999778748, 76.1721088886261, 80.18378400802612, 84.18694591522217, 84.18793201446533, 88.1946029663086, 88.19570899009705, 92.20364904403687, 92.20596194267273, 96.21052503585815, 100.21428489685059, 100.21542596817017, 100.21649289131165, 104.22566890716553, 104.22687602043152, 108.23571586608887, 108.2368688583374, 112.24330401420593, 112.24454593658447, 116.25295805931091, 116.25418496131897, 120.26128101348877, 120.2623040676117, 124.27440905570984, 124.27545404434204, 128.2831928730011, 128.28434586524963, 132.2892348766327, 132.29000091552734, 136.302551984787, 136.30367183685303, 140.3245849609375, 140.32615089416504, 144.331857919693, 144.33321690559387, 148.33679294586182, 148.3384940624237, 152.34438395500183, 152.34572505950928, 156.3523828983307, 156.3537368774414, 160.36135697364807, 160.36361384391785, 164.36986184120178, 164.37152194976807, 168.38343405723572, 168.3848979473114, 172.39261603355408, 172.3940908908844, 176.3999378681183, 176.4014859199524, 180.40774488449097, 180.40914297103882, 184.4280469417572, 184.4295859336853, 188.43832898139954, 188.44016885757446, 192.44496393203735, 192.44695401191711, 196.45508193969727, 196.45723605155945, 200.46755504608154, 200.47029304504395, 204.47945404052734, 208.48194289207458, 208.48368191719055, 212.48950505256653, 212.49157691001892, 216.50138998031616, 216.50388288497925, 220.51418089866638, 220.51688599586487, 224.52746105194092, 224.52965307235718, 228.53634405136108, 228.53774094581604, 232.54312896728516, 232.54498100280762, 236.5606780052185, 236.56228804588318, 240.56910800933838, 240.57104206085205, 244.46715092658997, 244.47035694122314, 248.47634887695312, 248.47817587852478, 248.48006892204285, 252.49544095993042, 252.49751091003418, 256.5061340332031, 256.508013010025, 260.52068185806274, 260.5231149196625, 264.53108501434326, 264.53334403038025, 264.53614592552185, 268.5433609485626, 268.54615592956543, 272.55311703681946, 276.55767488479614, 276.5596468448639, 280.56390285491943, 280.5661940574646, 284.5753438472748, 284.5781009197235, 288.5820560455322, 292.5908579826355, 292.5936689376831, 296.6059229373932, 296.60819602012634, 300.6145648956299, 304.6186978816986, 304.62145495414734, 308.63208198547363, 308.63441586494446, 312.64239406585693, 316.64878606796265, 316.651349067688, 320.66193103790283, 320.66441893577576, 324.6752378940582, 324.6775770187378, 328.6836998462677, 328.6860730648041, 332.6946840286255, 332.69706296920776, 336.70220589637756, 336.70457792282104, 340.71656703948975, 340.71906185150146, 344.7323260307312, 344.7347228527069, 348.7445728778839, 348.7469549179077, 352.75263690948486, 352.7564010620117, 356.76139187812805, 356.7632689476013, 360.7688889503479, 364.77586793899536, 364.77934193611145, 364.7820279598236, 368.80288791656494, 368.80549001693726, 372.8192889690399, 372.82377886772156, 376.83302092552185, 376.8359489440918, 380.8447320461273, 380.8483328819275, 384.8588008880615, 384.8618199825287, 388.87236285209656, 388.87901306152344, 392.8838880062103, 392.8865430355072, 396.893492937088, 396.8974540233612, 400.90416502952576, 400.9078178405762, 404.9181559085846, 404.92223596572876, 408.9281449317932, 408.93211483955383, 412.94245290756226, 412.9462859630585, 412.9510340690613, 416.95901584625244, 416.96275305747986, 420.9773199558258, 420.981241941452, 420.98500204086304, 425.0022029876709, 425.00535893440247, 429.0255720615387, 429.0288119316101, 433.0372269153595, 433.0409610271454, 437.04922890663147, 437.05364298820496, 441.0580768585205, 441.0613498687744, 441.06440806388855, 445.0765628814697, 445.0799150466919, 449.0865819454193, 449.0899920463562, 449.09343695640564, 453.1007158756256, 453.10455298423767, 457.11180996894836, 457.11846685409546, 461.12594985961914, 461.12935400009155, 465.13599491119385, 465.1397018432617, 469.150022983551, 469.15596199035645, 469.1604628562927, 473.1712830066681, 473.17461585998535, 477.1802749633789, 477.18542885780334, 481.19227385520935, 481.19683384895325, 485.2076618671417, 485.21134305000305, 489.220340013504, 489.22884607315063, 489.246120929718, 493.254665851593, 493.2585699558258, 497.2688009738922, 497.27303099632263, 501.2885069847107, 501.29225492477417, 505.3005049228668, 505.30492186546326, 509.3142819404602, 509.3183710575104, 513.3336429595947, 513.3374600410461, 517.3453030586243, 517.3486909866333, 521.3564400672913, 521.3600690364838, 525.3693678379059, 525.373673915863, 529.4023418426514, 529.4061419963837, 533.4166569709778, 533.4205470085144, 537.4349908828735, 541.4424660205841, 541.4465148448944, 545.4520530700684, 549.4634819030762, 549.4691779613495, 549.4739990234375, 553.4824879169464, 553.4862999916077, 557.4911530017853, 557.4953289031982, 561.5044848918915, 561.5094568729401, 565.514673948288, 565.519455909729, 569.5266599655151, 569.5317919254303, 573.5378189086914, 573.5420310497284, 577.5535190105438, 581.5600490570068, 581.5643210411072, 585.5828330516815, 585.5875279903412, 589.5950870513916, 589.5998950004578]
noisy values: [-24.717212720622562, -3.2693864500647454, -3.2693864500647454, -3.2693864500647454, -3.2693864500647454, -3.2693864500647454, -3.2693864500647454, -3.2693864500647454, -3.2693864500647454, -3.2693864500647454, -1.5199296376694846, -1.4772111409563848, -1.4772111409563848, -1.076487245808023, -1.076487245808023, -0.7973920160766816, -0.5979799154339407, -0.5979799154339407, -0.5979799154339407, -0.532478707987309, -0.4971639155651033, -0.4971639155651033, -0.47459460530205, -0.47459460530205, -0.4555500513400279, -0.4555500513400279, -0.4555500513400279, -0.4555500513400279, -0.4555500513400279, -0.4555500513400279, -0.4555500513400279, -0.4555500513400279, -0.4555500513400279, -0.4555500513400279, -0.4555500513400279, -0.4555500513400279, -0.4555500513400279, -0.4555500513400279, -0.4555500513400279, -0.4555500513400279, -0.4555500513400279, -0.4555500513400279, -0.4555500513400279, -0.4555500513400279, -0.4555500513400279, -0.4555500513400279, -0.4555500513400279, -0.4555500513400279, -0.4555500513400279, -0.4555500513400279, -0.4555500513400279, -0.4555500513400279, -0.4555500513400279, -0.4555500513400279, -0.4555500513400279, -0.4555500513400279, -0.4555500513400279, -0.4555500513400279, -0.4555500513400279, -0.4555500513400279, -0.4555500513400279, -0.4555500513400279, -0.4555500513400279, -0.4555500513400279, -0.4555500513400279, -0.4555500513400279, -0.4555500513400279, -0.4555500513400279, -0.4555500513400279, -0.4555500513400279, -0.4555500513400279, -0.4555500513400279, -0.4555500513400279, -0.4555500513400279, -0.4555500513400279, -0.4555500513400279, -0.4555500513400279, -0.4555500513400279, -0.4555500513400279, -0.4555500513400279, -0.4555500513400279, -0.4555500513400279, -0.4555500513400279, -0.4555500513400279, -0.4555500513400279, -0.4555500513400279, -0.4555500513400279, -0.4555500513400279, -0.4555500513400279, -0.4555500513400279, -0.4555500513400279, -0.4555500513400279, -0.4555500513400279, -0.4555500513400279, -0.4555500513400279, -0.4555500513400279, -0.4555500513400279, -0.4555500513400279, -0.4555500513400279, -0.4555500513400279, -0.4555500513400279, -0.4555500513400279, -0.4555500513400279, -0.4555500513400279, -0.4555500513400279, -0.4555500513400279, -0.4555500513400279, -0.4555500513400279, -0.4555500513400279, -0.4555500513400279, -0.4555500513400279, -0.4555500513400279, -0.4555500513400279, -0.4555500513400279, -0.4555500513400279, -0.4555500513400279, -0.4555500513400279, -0.4555500513400279, -0.4555500513400279, -0.4555500513400279, -0.4555500513400279, -0.4555500513400279, -0.4555500513400279, -0.4555500513400279, -0.4555500513400279, -0.4555500513400279, -0.4555500513400279, -0.4555500513400279, -0.4555500513400279, -0.4555500513400279, -0.4555500513400279, -0.4555500513400279, -0.4555500513400279, -0.4555500513400279, -0.4555500513400279, -0.4555500513400279, -0.4555500513400279, -0.4555500513400279, -0.4555500513400279, -0.4555500513400279, -0.4555500513400279, -0.4555500513400279, -0.4555500513400279, -0.4555500513400279, -0.4555500513400279, -0.4555500513400279, -0.4555500513400279, -0.4555500513400279, -0.4555500513400279, -0.4555500513400279, -0.4555500513400279, -0.4555500513400279, -0.4555500513400279, -0.4555500513400279, -0.4555500513400279, -0.4555500513400279, -0.4555500513400279, -0.4555500513400279, -0.4555500513400279, -0.4555500513400279, -0.4555500513400279, -0.4555500513400279, -0.4555500513400279, -0.4555500513400279, -0.4555500513400279, -0.4555500513400279, -0.4555500513400279, -0.4555500513400279, -0.4555500513400279, -0.4555500513400279, -0.4555500513400279, -0.4555500513400279, -0.4555500513400279, -0.4555500513400279, -0.4555500513400279, -0.4555500513400279, -0.4555500513400279, -0.4555500513400279, -0.4555500513400279, -0.4555500513400279, -0.4555500513400279, -0.4555500513400279, -0.4555500513400279, -0.4555500513400279, -0.4555500513400279, -0.4555500513400279, -0.4555500513400279, -0.4555500513400279, -0.4555500513400279, -0.4555500513400279, -0.4555500513400279, -0.4555500513400279, -0.4555500513400279, -0.4555500513400279, -0.4555500513400279, -0.4555500513400279, -0.4555500513400279, -0.4555500513400279, -0.4555500513400279, -0.4555500513400279, -0.4555500513400279, -0.4555500513400279, -0.4555500513400279, -0.4555500513400279, -0.4555500513400279, -0.4555500513400279, -0.4555500513400279, -0.4555500513400279, -0.4555500513400279, -0.4555500513400279, -0.4555500513400279, -0.4555500513400279, -0.4555500513400279, -0.4555500513400279, -0.4555500513400279, -0.4555500513400279, -0.4555500513400279, -0.4555500513400279, -0.4555500513400279, -0.4555500513400279, -0.4555500513400279, -0.4555500513400279, -0.4555500513400279, -0.4555500513400279, -0.4555500513400279, -0.4555500513400279, -0.4555500513400279, -0.4555500513400279, -0.4555500513400279, -0.4555500513400279, -0.4555500513400279, -0.4555500513400279, -0.4555500513400279, -0.4555500513400279, -0.4555500513400279, -0.4555500513400279, -0.4555500513400279, -0.4555500513400279, -0.4555500513400279, -0.4555500513400279, -0.4555500513400279, -0.4555500513400279, -0.4555500513400279, -0.4555500513400279, -0.4555500513400279, -0.4555500513400279, -0.4555500513400279, -0.4555500513400279, -0.4555500513400279, -0.4555500513400279, -0.4555500513400279, -0.4555500513400279, -0.4555500513400279, -0.4555500513400279, -0.4555500513400279, -0.4555500513400279, -0.4555500513400279, -0.4555500513400279, -0.4555500513400279, -0.4555500513400279, -0.4555500513400279, -0.4555500513400279, -0.4555500513400279, -0.4555500513400279, -0.4555500513400279, -0.4555500513400279, -0.4555500513400279, -0.4555500513400279, -0.4555500513400279, -0.4555500513400279, -0.4555500513400279, -0.4555500513400279, -0.4555500513400279, -0.4555500513400279, -0.4555500513400279, -0.4555500513400279, -0.4555500513400279, -0.4555500513400279, -0.4555500513400279, -0.4555500513400279, -0.4555500513400279, -0.4555500513400279, -0.4555500513400279, -0.4555500513400279, -0.4555500513400279, -0.4555500513400279, -0.4555500513400279, -0.4555500513400279, -0.4555500513400279, -0.4555500513400279]
data points:
values: [-24.129964413622268, -3.156436450015981, -3.156436450015981, -3.156436450015981, -3.156436450015981, -3.156436450015981, -3.156436450015981, -3.156436450015981, -3.156436450015981, -3.156436450015981, -1.3881950455370848, -1.3881950455370848, -2.580807557829406, -2.580807557829406, -1.6297225052651196, -1.6297225052651196, -1.7979222316787116, -1.3090917336242907, -1.3090917336242907, -1.3090917336242907, -1.007178847650561, -0.8501462518079705, -0.8501462518079705, -0.8999343203442578, -0.8999343203442578, -0.8203796242741888, -0.8203796242741888, -0.8203796242741888, -0.8203796242741888, -0.8203796242741888, -0.8203796242741888, -0.8203796242741888, -0.8203796242741888, -0.8203796242741888, -0.8203796242741888, -0.8203796242741888, -0.8203796242741888, -0.8203796242741888, -0.8203796242741888, -0.8203796242741888, -0.8203796242741888, -0.8203796242741888, -0.8203796242741888, -0.8203796242741888, -0.8203796242741888, -0.8203796242741888, -0.8203796242741888, -0.8203796242741888, -0.8203796242741888, -0.8203796242741888, -0.8203796242741888, -0.8203796242741888, -0.8203796242741888, -0.8203796242741888, -0.8203796242741888, -0.8203796242741888, -0.8203796242741888, -0.8203796242741888, -0.8203796242741888, -0.8203796242741888, -0.8203796242741888, -0.8203796242741888, -0.8203796242741888, -0.8203796242741888, -0.8203796242741888, -0.8203796242741888, -0.8203796242741888, -0.8203796242741888, -0.8203796242741888, -0.8203796242741888, -0.8203796242741888, -0.8203796242741888, -0.8203796242741888, -0.8203796242741888, -0.8203796242741888, -0.8203796242741888, -0.8203796242741888, -0.8203796242741888, -0.8203796242741888, -0.8203796242741888, -0.8203796242741888, -0.8203796242741888, -0.8203796242741888, -0.8203796242741888, -0.8203796242741888, -0.8203796242741888, -0.8203796242741888, -0.8203796242741888, -0.8203796242741888, -0.8203796242741888, -0.8203796242741888, -0.8203796242741888, -0.8203796242741888, -0.8203796242741888, -0.8203796242741888, -0.8203796242741888, -0.8203796242741888, -0.8203796242741888, -0.8203796242741888, -0.8203796242741888, -0.8203796242741888, -0.8203796242741888, -0.8203796242741888, -0.8203796242741888, -0.8203796242741888, -0.8203796242741888, -0.8203796242741888, -0.8203796242741888, -0.8203796242741888, -0.8203796242741888, -0.8203796242741888, -0.8203796242741888, -0.8203796242741888, -0.8203796242741888, -0.8203796242741888, -0.8203796242741888, -0.8203796242741888, -0.8203796242741888, -0.8203796242741888, -0.8203796242741888, -0.8203796242741888, -0.8203796242741888, -0.8203796242741888, -0.8203796242741888, -0.8203796242741888, -0.8203796242741888, -0.8203796242741888, -0.8203796242741888, -0.8203796242741888, -0.8203796242741888, -0.8203796242741888, -0.8203796242741888, -0.8203796242741888, -0.8203796242741888, -0.8203796242741888, -0.8203796242741888, -0.8203796242741888, -0.8203796242741888, -0.8203796242741888, -0.8203796242741888, -0.8203796242741888, -0.8203796242741888, -0.8203796242741888, -0.8203796242741888, -0.8203796242741888, -0.8203796242741888, -0.8203796242741888, -0.8203796242741888, -0.8203796242741888, -0.8203796242741888, -0.8203796242741888, -0.8203796242741888, -0.8203796242741888, -0.8203796242741888, -0.8203796242741888, -0.8203796242741888, -0.8203796242741888, -0.8203796242741888, -0.8203796242741888, -0.8203796242741888, -0.8203796242741888, -0.8203796242741888, -0.8203796242741888, -0.8203796242741888, -0.8203796242741888, -0.8203796242741888, -0.8203796242741888, -0.8203796242741888, -0.8203796242741888, -0.8203796242741888, -0.8203796242741888, -0.8203796242741888, -0.8203796242741888, -0.8203796242741888, -0.8203796242741888, -0.8203796242741888, -0.8203796242741888, -0.8203796242741888, -0.8203796242741888, -0.8203796242741888, -0.8203796242741888, -0.8203796242741888, -0.8203796242741888, -0.8203796242741888, -0.8203796242741888, -0.8203796242741888, -0.8203796242741888, -0.8203796242741888, -0.8203796242741888, -0.8203796242741888, -0.8203796242741888, -0.8203796242741888, -0.8203796242741888, -0.8203796242741888, -0.8203796242741888, -0.8203796242741888, -0.8203796242741888, -0.8203796242741888, -0.8203796242741888, -0.8203796242741888, -0.8203796242741888, -0.8203796242741888, -0.8203796242741888, -0.8203796242741888, -0.8203796242741888, -0.8203796242741888, -0.8203796242741888, -0.8203796242741888, -0.8203796242741888, -0.8203796242741888, -0.8203796242741888, -0.8203796242741888, -0.8203796242741888, -0.8203796242741888, -0.8203796242741888, -0.8203796242741888, -0.8203796242741888, -0.8203796242741888, -0.8203796242741888, -0.8203796242741888, -0.8203796242741888, -0.8203796242741888, -0.8203796242741888, -0.8203796242741888, -0.8203796242741888, -0.8203796242741888, -0.8203796242741888, -0.8203796242741888, -0.8203796242741888, -0.8203796242741888, -0.8203796242741888, -0.8203796242741888, -0.8203796242741888, -0.8203796242741888, -0.8203796242741888, -0.8203796242741888, -0.8203796242741888, -0.8203796242741888, -0.8203796242741888, -0.8203796242741888, -0.8203796242741888, -0.8203796242741888, -0.8203796242741888, -0.8203796242741888, -0.8203796242741888, -0.8203796242741888, -0.8203796242741888, -0.8203796242741888, -0.8203796242741888, -0.8203796242741888, -0.8203796242741888, -0.8203796242741888, -0.8203796242741888, -0.8203796242741888, -0.8203796242741888, -0.8203796242741888, -0.8203796242741888, -0.8203796242741888, -0.8203796242741888, -0.8203796242741888, -0.8203796242741888, -0.8203796242741888, -0.8203796242741888, -0.8203796242741888, -0.8203796242741888, -0.8203796242741888, -0.8203796242741888, -0.8203796242741888, -0.8203796242741888, -0.8203796242741888, -0.8203796242741888, -0.8203796242741888, -0.8203796242741888, -0.8203796242741888, -0.8203796242741888, -0.8203796242741888, -0.8203796242741888, -0.8203796242741888, -0.8203796242741888, -0.8203796242741888, -0.8203796242741888, -0.8203796242741888, -0.8203796242741888, -0.8203796242741888, -0.8203796242741888, -0.8203796242741888, -0.8203796242741888, -0.8203796242741888, -0.8203796242741888, -0.8203796242741888]
Done!
opt_val: -0.820379624274
