('generated stochastic delays:', [array([ 2, 11,  5, ...,  2,  3,  1])])
('test function', 'Branin')
('opt_fidel_cost:', 1.0)
Running Experiment1: 
('total budget:', 600)
Auto Init: 
C: 0.8313313703582592
nu: 0.8313313703582592
Budget Remaining: 591.990360975
Number of MFHOO Instances: 2
Budget per MFHOO Instance:294.995180488
number of HOO: 2
Running SOO number: 1 rho: 0.95 nu: 0.8313313703582592
delay_type: DHOO
policy: UCB1
[0.54638672 0.12475586]
final iterations:41085182
final HOO number of nodes:271
final HOO height:23
final duration:294
final optimal value:-0.520051 
time durations: [0.0007920265197753906, 4.005731105804443, 8.00773310661316, 8.010804176330566, 12.017619132995605, 16.027356147766113, 20.03390121459961, 24.04127812385559, 28.04512906074524, 32.052014112472534, 32.05254411697388, 32.05375599861145, 36.059948205947876, 36.06206011772156, 40.067970991134644, 40.068379163742065, 44.080581188201904, 48.08692717552185, 48.08820104598999, 52.094868183135986, 52.09646821022034, 56.102580070495605, 56.10319900512695, 60.110722064971924, 60.111579179763794, 64.11972498893738, 64.12062907218933, 68.12895798683167, 72.13481307029724, 72.1357581615448, 76.14967799186707, 76.1506462097168, 80.15372920036316, 80.1555540561676, 84.16578722000122, 84.1667320728302, 88.18149614334106, 88.18250513076782, 88.18344521522522, 92.20058917999268, 92.20142006874084, 96.21153211593628, 96.21252012252808, 100.22630000114441, 104.23115801811218, 104.23196816444397, 108.2378101348877, 108.23960900306702, 112.24910116195679, 112.25087213516235, 116.25421118736267, 116.25535821914673, 120.25973320007324, 120.26837015151978, 120.26941204071045, 120.27062106132507, 124.2841010093689, 124.2858030796051, 128.29396200180054, 128.29587411880493, 128.2976531982422, 132.30546712875366, 136.3095850944519, 136.31070518493652, 140.3156611919403, 144.32245206832886, 144.32426500320435, 144.3252010345459, 148.3339660167694, 148.3352370262146, 152.339693069458, 152.34118819236755, 156.3483121395111, 156.34964799880981, 156.35097098350525, 160.35472202301025, 164.36136102676392, 164.36284112930298, 168.37026810646057, 172.37367916107178, 172.3752942085266, 176.38260102272034, 176.38374209403992, 176.38516902923584, 180.39253902435303, 180.39390802383423, 184.4188461303711, 188.4251470565796, 188.42662715911865, 192.43197798728943, 196.43893313407898, 196.4412591457367, 200.44625210762024, 204.45749711990356, 204.45894718170166, 208.4688470363617, 208.47047519683838, 212.48595905303955, 212.4875190258026, 216.49710202217102, 220.5044071674347, 220.50696110725403, 224.51737999916077, 224.5191249847412, 228.52565503120422, 228.52761316299438, 232.53402709960938, 232.5358850955963, 236.5434432029724, 236.54523515701294, 240.5599491596222, 240.56224417686462, 244.57019209861755, 244.57381200790405, 248.58154320716858, 248.5840141773224, 252.59488821029663, 252.5977771282196, 256.604679107666, 260.61267709732056, 260.6145861148834, 264.6247341632843, 264.6273419857025, 268.6304211616516, 268.6328492164612, 272.6412241458893, 272.64442920684814, 276.6605501174927, 276.6623730659485, 280.6692349910736, 280.6721520423889, 284.68768215179443, 284.69003319740295, 288.70210909843445, 288.704097032547, 292.7208549976349, 292.7232491970062]
noisy values: [-24.717212720622562, -3.2693864500647454, -3.2693864500647454, -3.2693864500647454, -3.2693864500647454, -3.2693864500647454, -3.2693864500647454, -1.878555389133357, -1.1364511705127924, -1.1364511705127924, -1.1364511705127924, -1.1364511705127924, -1.1364511705127924, -1.0557382984011134, -0.6921541650187368, -0.6921541650187368, -0.6921541650187368, -0.5852528064027673, -0.5852528064027673, -0.5852528064027673, -0.5852528064027673, -0.5852528064027673, -0.5852528064027673, -0.5852528064027673, -0.5852528064027673, -0.5664329759479383, -0.5664329759479383, -0.5449905097821297, -0.5449905097821297, -0.5449905097821297, -0.5449905097821297, -0.5449905097821297, -0.5449905097821297, -0.5449905097821297, -0.5340457960844827, -0.5340457960844827, -0.5340457960844827, -0.5340457960844827, -0.5340457960844827, -0.5340457960844827, -0.5340457960844827, -0.5340457960844827, -0.5340457960844827, -0.5340457960844827, -0.5340457960844827, -0.5340457960844827, -0.5295062349068829, -0.5295062349068829, -0.5295062349068829, -0.5295062349068829, -0.5295062349068829, -0.5295062349068829, -0.5295062349068829, -0.5295062349068829, -0.5295062349068829, -0.5295062349068829, -0.5295062349068829, -0.5295062349068829, -0.5261728983110068, -0.5261728983110068, -0.5261728983110068, -0.5239574856475571, -0.5239574856475571, -0.5239574856475571, -0.5239574856475571, -0.5239574856475571, -0.5239574856475571, -0.5239574856475571, -0.5239574856475571, -0.5239574856475571, -0.5239574856475571, -0.5239574856475571, -0.5239574856475571, -0.5239574856475571, -0.5239574856475571, -0.5239574856475571, -0.5239574856475571, -0.5239574856475571, -0.5239574856475571, -0.5239574856475571, -0.5239574856475571, -0.5203959781406411, -0.5203959781406411, -0.5203959781406411, -0.5203959781406411, -0.5203959781406411, -0.5203959781406411, -0.5203959781406411, -0.5203959781406411, -0.5203959781406411, -0.5203959781406411, -0.5203959781406411, -0.5203959781406411, -0.5203959781406411, -0.5203959781406411, -0.5203959781406411, -0.5203959781406411, -0.5203959781406411, -0.5203959781406411, -0.5203959781406411, -0.5203959781406411, -0.5203959781406411, -0.5203959781406411, -0.5203959781406411, -0.5203959781406411, -0.5203959781406411, -0.5203959781406411, -0.5203959781406411, -0.5203959781406411, -0.5203959781406411, -0.5203959781406411, -0.5203959781406411, -0.5203959781406411, -0.5203959781406411, -0.5203959781406411, -0.5203959781406411, -0.5203959781406411, -0.5203959781406411, -0.5203959781406411, -0.5203959781406411, -0.5203959781406411, -0.5203959781406411, -0.5203959781406411, -0.5203959781406411, -0.5203959781406411, -0.5200514229641406, -0.5200514229641406, -0.5200514229641406, -0.5200514229641406, -0.5200514229641406, -0.5200514229641406, -0.5200514229641406, -0.5200514229641406, -0.5200514229641406, -0.5200514229641406, -0.5200514229641406, -0.5200514229641406]
data points:
values: [-24.129964413622268, -3.156436450015981, -3.156436450015981, -3.156436450015981, -3.156436450015981, -3.156436450015981, -3.156436450015981, -2.065240567292882, -1.2367994993539337, -1.2367994993539337, -1.2367994993539337, -1.2367994993539337, -1.2367994993539337, -1.2367994993539337, -1.138531354346135, -0.7604847887383777, -0.7604847887383777, -0.7604847887383777, -0.6366682720651493, -0.6366682720651493, -0.6366682720651493, -0.6366682720651493, -0.6366682720651493, -0.6366682720651493, -0.6366682720651493, -0.6366682720651493, -0.6061414031402013, -0.6061414031402013, -0.5802631959207343, -0.5802631959207343, -0.5802631959207343, -0.5802631959207343, -0.5802631959207343, -0.5802631959207343, -0.5802631959207343, -0.566327834922566, -0.566327834922566, -0.566327834922566, -0.566327834922566, -0.566327834922566, -0.566327834922566, -0.566327834922566, -0.566327834922566, -0.566327834922566, -0.566327834922566, -0.566327834922566, -0.566327834922566, -0.5564109472988754, -0.5564109472988754, -0.5564109472988754, -0.5564109472988754, -0.5564109472988754, -0.5564109472988754, -0.5564109472988754, -0.5564109472988754, -0.5564109472988754, -0.5564109472988754, -0.5564109472988754, -0.5564109472988754, -0.552464239068339, -0.552464239068339, -0.552464239068339, -0.5473032171179568, -0.5473032171179568, -0.5473032171179568, -0.5473032171179568, -0.5473032171179568, -0.5473032171179568, -0.5473032171179568, -0.5473032171179568, -0.5473032171179568, -0.5473032171179568, -0.5473032171179568, -0.5473032171179568, -0.5473032171179568, -0.5473032171179568, -0.5473032171179568, -0.5473032171179568, -0.5473032171179568, -0.5473032171179568, -0.5473032171179568, -0.5473032171179568, -0.5461132684755707, -0.5461132684755707, -0.5461132684755707, -0.5461132684755707, -0.5461132684755707, -0.5461132684755707, -0.5461132684755707, -0.5461132684755707, -0.5461132684755707, -0.5461132684755707, -0.5461132684755707, -0.5461132684755707, -0.5461132684755707, -0.5461132684755707, -0.5461132684755707, -0.5461132684755707, -0.5461132684755707, -0.5461132684755707, -0.5461132684755707, -0.5461132684755707, -0.5461132684755707, -0.5461132684755707, -0.5461132684755707, -0.5461132684755707, -0.5461132684755707, -0.5461132684755707, -0.5461132684755707, -0.5461132684755707, -0.5461132684755707, -0.5461132684755707, -0.5461132684755707, -0.5461132684755707, -0.5461132684755707, -0.5461132684755707, -0.5461132684755707, -0.5461132684755707, -0.5461132684755707, -0.5461132684755707, -0.5461132684755707, -0.5461132684755707, -0.5461132684755707, -0.5461132684755707, -0.5461132684755707, -0.5461132684755707, -0.5428672800484442, -0.5428672800484442, -0.5428672800484442, -0.5428672800484442, -0.5428672800484442, -0.5428672800484442, -0.5428672800484442, -0.5428672800484442, -0.5428672800484442, -0.5428672800484442, -0.5428672800484442]
Done!
Running SOO number: 2 rho: 0.9025 nu: 0.8313313703582592
delay_type: DHOO
policy: UCB1
[0.54589844 0.12451172]
final iterations:43816785
final HOO number of nodes:283
final HOO height:24
final duration:294
final optimal value:-0.537502 
time durations: [0.0001399517059326172, 4.006181001663208, 8.012378931045532, 8.017147779464722, 12.016695976257324, 12.017707824707031, 16.027623891830444, 16.028077840805054, 20.036733865737915, 20.037675857543945, 24.054757833480835, 28.065427780151367, 32.07086777687073, 32.08065986633301, 36.090088844299316, 36.09081196784973, 40.09632992744446, 40.097452878952026, 40.09806180000305, 44.1094708442688, 44.1256468296051, 48.13084077835083, 52.14078497886658, 52.141685962677, 56.149186849594116, 60.15466499328613, 60.155494928359985, 64.177316904068, 68.1817147731781, 68.18301391601562, 72.18774700164795, 76.19127583503723, 76.1923098564148, 76.19324278831482, 80.19994878768921, 80.2007257938385, 80.20134592056274, 84.2166519165039, 88.21849799156189, 88.220223903656, 92.22845196723938, 92.2296929359436, 96.24257493019104, 96.24342894554138, 100.25560688972473, 100.25655388832092, 104.26853084564209, 104.26946783065796, 108.2766649723053, 108.27779483795166, 112.28047895431519, 116.28415298461914, 116.28562092781067, 120.29150080680847, 124.2950029373169, 124.29639387130737, 128.30392789840698, 128.3049237728119, 132.3124589920044, 132.3136568069458, 136.32784795761108, 140.33425498008728, 140.33594298362732, 144.36382484436035, 144.36525297164917, 144.36649990081787, 148.37589192390442, 148.37710285186768, 152.39249086380005, 156.39774084091187, 156.39901399612427, 160.4116609096527, 160.41304183006287, 164.41895580291748, 164.42026090621948, 164.42153882980347, 168.43096494674683, 168.4322738647461, 172.45271587371826, 172.4541039466858, 176.46042895317078, 176.462632894516, 180.46930289268494, 180.47082686424255, 184.47537398338318, 184.47704100608826, 188.48628687858582, 192.4934229850769, 192.49520683288574, 192.49803400039673, 196.50535583496094, 200.50927686691284, 200.51082396507263, 204.52641081809998, 208.53198981285095, 208.53366780281067, 212.54635381698608, 212.54856896400452, 216.56114387512207, 216.56402397155762, 220.57014298439026, 220.5718128681183, 220.5735149383545, 224.58068799972534, 224.58358788490295, 228.5913109779358, 228.59403586387634, 228.59678077697754, 232.60349488258362, 232.60527777671814, 236.61301684379578, 236.61515188217163, 240.6310098171234, 240.63387084007263, 240.636323928833, 244.65383887290955, 244.65584182739258, 248.66212582588196, 248.6654989719391, 252.67228889465332, 252.6748869419098, 256.69130086898804, 256.69587683677673, 256.70072388648987, 260.74484395980835, 260.7488429546356, 264.7603659629822, 264.7630078792572, 268.77281880378723, 268.7755868434906, 272.78300380706787, 272.78514099121094, 276.80074882507324, 276.8030319213867, 280.8115179538727, 280.8155529499054, 284.8258249759674, 284.8279798030853, 288.8341507911682, 288.8369138240814, 288.83987379074097, 292.8495719432831, 292.853138923645]
noisy values: [-24.717212720622562, -3.2635714940076213, -3.2635714940076213, -3.2635714940076213, -3.2635714940076213, -3.2635714940076213, -3.2635714940076213, -3.2635714940076213, -3.2635714940076213, -3.2635714940076213, -3.2635714940076213, -1.9397050744348796, -1.9397050744348796, -1.1719682227522306, -1.1719682227522306, -1.1719682227522306, -1.1719682227522306, -1.0906818972654708, -1.0906818972654708, -1.0906818972654708, -0.7226243684244444, -0.7226243684244444, -0.6094237144579644, -0.6094237144579644, -0.6094237144579644, -0.6094237144579644, -0.6094237144579644, -0.6094237144579644, -0.6094237144579644, -0.6094237144579644, -0.5853804006791865, -0.5853804006791865, -0.5853804006791865, -0.5853804006791865, -0.5674919020363145, -0.5674919020363145, -0.5674919020363145, -0.5642720367330387, -0.5642720367330387, -0.5642720367330387, -0.5642720367330387, -0.5523984687240375, -0.5523984687240375, -0.5523984687240375, -0.5523984687240375, -0.5523984687240375, -0.5523984687240375, -0.5523984687240375, -0.5523984687240375, -0.5523984687240375, -0.5523984687240375, -0.5523984687240375, -0.5523984687240375, -0.5523984687240375, -0.5453115807647038, -0.5453115807647038, -0.5453115807647038, -0.5453115807647038, -0.5453115807647038, -0.5453115807647038, -0.5453115807647038, -0.5453115807647038, -0.5453115807647038, -0.5421844255394817, -0.5421844255394817, -0.5421844255394817, -0.5390733132608858, -0.5390733132608858, -0.5390733132608858, -0.5390733132608858, -0.5390733132608858, -0.5390733132608858, -0.5390733132608858, -0.5390733132608858, -0.5390733132608858, -0.5390733132608858, -0.5390733132608858, -0.5390733132608858, -0.5390733132608858, -0.5390733132608858, -0.5390733132608858, -0.5390733132608858, -0.5390733132608858, -0.5390733132608858, -0.5390733132608858, -0.5390733132608858, -0.5390733132608858, -0.5390733132608858, -0.5390733132608858, -0.5390733132608858, -0.5390733132608858, -0.5390733132608858, -0.5390733132608858, -0.5390733132608858, -0.5390733132608858, -0.5390733132608858, -0.5390733132608858, -0.5390733132608858, -0.5390733132608858, -0.5390733132608858, -0.5375021639210029, -0.5375021639210029, -0.5375021639210029, -0.5375021639210029, -0.5375021639210029, -0.5375021639210029, -0.5375021639210029, -0.5375021639210029, -0.5375021639210029, -0.5375021639210029, -0.5375021639210029, -0.5375021639210029, -0.5375021639210029, -0.5375021639210029, -0.5375021639210029, -0.5375021639210029, -0.5375021639210029, -0.5375021639210029, -0.5375021639210029, -0.5375021639210029, -0.5375021639210029, -0.5375021639210029, -0.5375021639210029, -0.5375021639210029, -0.5375021639210029, -0.5375021639210029, -0.5375021639210029, -0.5375021639210029, -0.5375021639210029, -0.5375021639210029, -0.5375021639210029, -0.5375021639210029, -0.5375021639210029, -0.5375021639210029, -0.5375021639210029, -0.5375021639210029, -0.5375021639210029, -0.5375021639210029, -0.5375021639210029, -0.5375021639210029, -0.5375021639210029, -0.5375021639210029, -0.5375021639210029]
data points:
values: [-24.129964413622268, -3.156436450015981, -3.156436450015981, -3.156436450015981, -3.156436450015981, -3.156436450015981, -3.156436450015981, -3.156436450015981, -3.156436450015981, -3.156436450015981, -3.156436450015981, -2.065240567292882, -2.065240567292882, -1.2367994993539337, -1.2367994993539337, -1.2367994993539337, -1.2367994993539337, -1.2367994993539337, -1.138531354346135, -1.138531354346135, -0.7604847887383777, -0.7604847887383777, -0.7604847887383777, -0.6366682720651493, -0.6366682720651493, -0.6366682720651493, -0.6366682720651493, -0.6366682720651493, -0.6366682720651493, -0.6366682720651493, -0.6366682720651493, -0.6016096509437467, -0.6016096509437467, -0.6016096509437467, -0.6016096509437467, -0.5809771487741298, -0.5809771487741298, -0.5809771487741298, -0.5802631959207343, -0.5802631959207343, -0.5802631959207343, -0.566327834922566, -0.566327834922566, -0.566327834922566, -0.566327834922566, -0.566327834922566, -0.566327834922566, -0.566327834922566, -0.566327834922566, -0.566327834922566, -0.566327834922566, -0.566327834922566, -0.566327834922566, -0.566327834922566, -0.566327834922566, -0.5564109472988754, -0.5564109472988754, -0.5564109472988754, -0.5564109472988754, -0.5564109472988754, -0.5564109472988754, -0.5564109472988754, -0.5564109472988754, -0.5564109472988754, -0.552464239068339, -0.552464239068339, -0.552464239068339, -0.5473032171179568, -0.5473032171179568, -0.5473032171179568, -0.5473032171179568, -0.5473032171179568, -0.5473032171179568, -0.5473032171179568, -0.5473032171179568, -0.5473032171179568, -0.5473032171179568, -0.5473032171179568, -0.5473032171179568, -0.5473032171179568, -0.5473032171179568, -0.5473032171179568, -0.5473032171179568, -0.5473032171179568, -0.5473032171179568, -0.5473032171179568, -0.5473032171179568, -0.5473032171179568, -0.5473032171179568, -0.5473032171179568, -0.5473032171179568, -0.5473032171179568, -0.5473032171179568, -0.5473032171179568, -0.5473032171179568, -0.5473032171179568, -0.5473032171179568, -0.5473032171179568, -0.5473032171179568, -0.5473032171179568, -0.5473032171179568, -0.5461132684755707, -0.5461132684755707, -0.5461132684755707, -0.5461132684755707, -0.5461132684755707, -0.5461132684755707, -0.5461132684755707, -0.5461132684755707, -0.5461132684755707, -0.5461132684755707, -0.5461132684755707, -0.5461132684755707, -0.5461132684755707, -0.5461132684755707, -0.5461132684755707, -0.5461132684755707, -0.5461132684755707, -0.5461132684755707, -0.5461132684755707, -0.5461132684755707, -0.5461132684755707, -0.5461132684755707, -0.5461132684755707, -0.5461132684755707, -0.5461132684755707, -0.5461132684755707, -0.5461132684755707, -0.5461132684755707, -0.5461132684755707, -0.5461132684755707, -0.5461132684755707, -0.5461132684755707, -0.5461132684755707, -0.5461132684755707, -0.5461132684755707, -0.5461132684755707, -0.5461132684755707, -0.5461132684755707, -0.5461132684755707, -0.5461132684755707, -0.5461132684755707, -0.5461132684755707]
Done!
Updating C
C: 1.163863918501563
nu_max: 1.163863918501563
opt_val: -0.542867280048
