('generated stochastic delays:', [array([ 2, 11,  5, ...,  2,  3,  1])])
('test function', 'Branin')
('opt_fidel_cost:', 1.0)
Running Experiment1: 
('total budget:', 600)
Auto Init: 
C: 0.8313313703582592
nu: 0.8313313703582592
Budget Remaining: 591.99029994
Number of MFHOO Instances: 2
Budget per MFHOO Instance:294.99514997
number of HOO: 2
Running SOO number: 1 rho: 0.95 nu: 0.8313313703582592
delay_type: DHOO
policy: UCB1
[0.9609375  0.12109375]
final iterations:47893815
final HOO number of nodes:287
final HOO height:26
final duration:294
final optimal value:-0.465784 
time durations: [0.001277923583984375, 4.005733013153076, 4.006511926651001, 8.00818395614624, 8.015079021453857, 8.015820026397705, 12.021136045455933, 12.021633863449097, 16.027611017227173, 16.028794050216675, 20.03371787071228, 24.039534091949463, 28.046040058135986, 28.046818017959595, 32.06124401092529, 36.06709098815918, 40.0693199634552, 40.088659048080444, 44.09209609031677, 48.09528303146362, 48.097660064697266, 48.09838390350342, 52.13661503791809, 52.13739800453186, 56.150168895721436, 60.156028032302856, 60.15713906288147, 64.16692996025085, 64.16783785820007, 68.18342208862305, 72.18970704078674, 72.19080901145935, 76.19398999214172, 76.19462203979492, 80.2054340839386, 80.20623707771301, 84.2117190361023, 84.21263003349304, 88.21961998939514, 88.22091102600098, 92.22279500961304, 96.23355507850647, 96.23497486114502, 100.24924206733704, 100.25011396408081, 104.26221704483032, 104.26312398910522, 108.26818799972534, 108.26924896240234, 108.27015590667725, 112.27168989181519, 112.28624701499939, 112.28786993026733, 116.2938780784607, 120.2997899055481, 120.30142593383789, 124.3103699684143, 124.311439037323, 124.31269693374634, 128.32110404968262, 128.32219099998474, 132.33374285697937, 132.3352348804474, 136.3471188545227, 136.34892201423645, 140.35703492164612, 144.38172698020935, 144.3837649822235, 148.38614797592163, 148.38750290870667, 148.38858294487, 152.4212350845337, 156.42394590377808, 156.42612886428833, 160.43100094795227, 164.44511604309082, 164.44702291488647, 168.45540308952332, 168.45805191993713, 172.4634358882904, 172.46485686302185, 172.46615886688232, 176.48196387290955, 176.48338389396667, 180.48809599876404, 180.4896969795227, 184.4982008934021, 184.49979305267334, 188.51218795776367, 188.51411485671997, 192.5195620059967, 192.5211250782013, 192.5227189064026, 196.53017687797546, 196.531555891037, 200.54498100280762, 200.54683208465576, 204.55521607398987, 204.5570719242096, 208.5727880001068, 208.5739450454712, 212.57855105400085, 212.58029007911682, 216.59921097755432, 216.6010570526123, 220.60617804527283, 220.60783100128174, 224.61672687530518, 224.61859107017517, 224.62027192115784, 228.63582587242126, 228.63776087760925, 232.6499969959259, 232.6523380279541, 236.66641402244568, 240.68585991859436, 240.68785405158997, 244.69429397583008, 244.69636607170105, 244.69819402694702, 248.7101330757141, 248.71221590042114, 252.71568489074707, 252.71715307235718, 256.7252449989319, 256.72752594947815, 260.7414798736572, 260.7435109615326, 264.7528350353241, 264.75482988357544, 268.7663118839264, 268.76871490478516, 272.7735459804535, 272.77513885498047, 276.78374004364014, 276.78577995300293, 280.80550599098206, 280.80778789520264, 284.8173680305481, 284.8195459842682, 284.8216230869293, 288.8415529727936, 288.84320998191833, 292.8540999889374, 292.8566470146179]
noisy values: [-24.717212720622562, -3.2693864500647454, -3.2693864500647454, -3.2693864500647454, -3.2693864500647454, -3.2693864500647454, -3.2693864500647454, -3.2693864500647454, -3.2693864500647454, -3.2693864500647454, -3.2693864500647454, -3.2693864500647454, -3.2693864500647454, -3.2693864500647454, -1.896093289038033, -1.5167661008191153, -1.5167661008191153, -1.090047571745595, -0.8318474750759624, -0.8318474750759624, -0.6194826321112643, -0.6194826321112643, -0.5447332125901951, -0.5447332125901951, -0.5123856566786174, -0.5123856566786174, -0.4869887466286045, -0.4869887466286045, -0.4869887466286045, -0.4657837878926703, -0.4657837878926703, -0.4657837878926703, -0.4657837878926703, -0.4657837878926703, -0.4657837878926703, -0.4657837878926703, -0.4657837878926703, -0.4657837878926703, -0.4657837878926703, -0.4657837878926703, -0.4657837878926703, -0.4657837878926703, -0.4657837878926703, -0.4657837878926703, -0.4657837878926703, -0.4657837878926703, -0.4657837878926703, -0.4657837878926703, -0.4657837878926703, -0.4657837878926703, -0.4657837878926703, -0.4657837878926703, -0.4657837878926703, -0.4657837878926703, -0.4657837878926703, -0.4657837878926703, -0.4657837878926703, -0.4657837878926703, -0.4657837878926703, -0.4657837878926703, -0.4657837878926703, -0.4657837878926703, -0.4657837878926703, -0.4657837878926703, -0.4657837878926703, -0.4657837878926703, -0.4657837878926703, -0.4657837878926703, -0.4657837878926703, -0.4657837878926703, -0.4657837878926703, -0.4657837878926703, -0.4657837878926703, -0.4657837878926703, -0.4657837878926703, -0.4657837878926703, -0.4657837878926703, -0.4657837878926703, -0.4657837878926703, -0.4657837878926703, -0.4657837878926703, -0.4657837878926703, -0.4657837878926703, -0.4657837878926703, -0.4657837878926703, -0.4657837878926703, -0.4657837878926703, -0.4657837878926703, -0.4657837878926703, -0.4657837878926703, -0.4657837878926703, -0.4657837878926703, -0.4657837878926703, -0.4657837878926703, -0.4657837878926703, -0.4657837878926703, -0.4657837878926703, -0.4657837878926703, -0.4657837878926703, -0.4657837878926703, -0.4657837878926703, -0.4657837878926703, -0.4657837878926703, -0.4657837878926703, -0.4657837878926703, -0.4657837878926703, -0.4657837878926703, -0.4657837878926703, -0.4657837878926703, -0.4657837878926703, -0.4657837878926703, -0.4657837878926703, -0.4657837878926703, -0.4657837878926703, -0.4657837878926703, -0.4657837878926703, -0.4657837878926703, -0.4657837878926703, -0.4657837878926703, -0.4657837878926703, -0.4657837878926703, -0.4657837878926703, -0.4657837878926703, -0.4657837878926703, -0.4657837878926703, -0.4657837878926703, -0.4657837878926703, -0.4657837878926703, -0.4657837878926703, -0.4657837878926703, -0.4657837878926703, -0.4657837878926703, -0.4657837878926703, -0.4657837878926703, -0.4657837878926703, -0.4657837878926703, -0.4657837878926703, -0.4657837878926703, -0.4657837878926703, -0.4657837878926703, -0.4657837878926703, -0.4657837878926703, -0.4657837878926703, -0.4657837878926703, -0.4657837878926703]
data points:
values: [-24.129964413622268, -3.156436450015981, -3.156436450015981, -3.156436450015981, -3.156436450015981, -3.156436450015981, -3.156436450015981, -3.156436450015981, -3.156436450015981, -3.156436450015981, -3.156436450015981, -3.156436450015981, -3.156436450015981, -3.156436450015981, -2.065240567292882, -2.065240567292882, -2.580807557829406, -2.580807557829406, -1.6297225052651196, -1.7979222316787116, -1.7979222316787116, -1.3090917336242907, -1.3090917336242907, -1.007178847650561, -1.007178847650561, -0.8501462518079705, -0.8999343203442578, -0.8999343203442578, -0.8999343203442578, -0.8999343203442578, -0.8203796242741888, -0.8203796242741888, -0.8203796242741888, -0.8203796242741888, -0.8203796242741888, -0.8203796242741888, -0.8203796242741888, -0.8203796242741888, -0.8203796242741888, -0.8203796242741888, -0.8203796242741888, -0.8203796242741888, -0.8203796242741888, -0.8203796242741888, -0.8203796242741888, -0.8203796242741888, -0.8203796242741888, -0.8203796242741888, -0.8203796242741888, -0.8203796242741888, -0.8203796242741888, -0.8203796242741888, -0.8203796242741888, -0.8203796242741888, -0.8203796242741888, -0.8203796242741888, -0.8203796242741888, -0.8203796242741888, -0.8203796242741888, -0.8203796242741888, -0.8203796242741888, -0.8203796242741888, -0.8203796242741888, -0.8203796242741888, -0.8203796242741888, -0.8203796242741888, -0.8203796242741888, -0.8203796242741888, -0.8203796242741888, -0.8203796242741888, -0.8203796242741888, -0.8203796242741888, -0.8203796242741888, -0.8203796242741888, -0.8203796242741888, -0.8203796242741888, -0.8203796242741888, -0.8203796242741888, -0.8203796242741888, -0.8203796242741888, -0.8203796242741888, -0.8203796242741888, -0.8203796242741888, -0.8203796242741888, -0.8203796242741888, -0.8203796242741888, -0.8203796242741888, -0.8203796242741888, -0.8203796242741888, -0.8203796242741888, -0.8203796242741888, -0.8203796242741888, -0.8203796242741888, -0.8203796242741888, -0.8203796242741888, -0.8203796242741888, -0.8203796242741888, -0.8203796242741888, -0.8203796242741888, -0.8203796242741888, -0.8203796242741888, -0.8203796242741888, -0.8203796242741888, -0.8203796242741888, -0.8203796242741888, -0.8203796242741888, -0.8203796242741888, -0.8203796242741888, -0.8203796242741888, -0.8203796242741888, -0.8203796242741888, -0.8203796242741888, -0.8203796242741888, -0.8203796242741888, -0.8203796242741888, -0.8203796242741888, -0.8203796242741888, -0.8203796242741888, -0.8203796242741888, -0.8203796242741888, -0.8203796242741888, -0.8203796242741888, -0.8203796242741888, -0.8203796242741888, -0.8203796242741888, -0.8203796242741888, -0.8203796242741888, -0.8203796242741888, -0.8203796242741888, -0.8203796242741888, -0.8203796242741888, -0.8203796242741888, -0.8203796242741888, -0.8203796242741888, -0.8203796242741888, -0.8203796242741888, -0.8203796242741888, -0.8203796242741888, -0.8203796242741888, -0.8203796242741888, -0.8203796242741888, -0.8203796242741888, -0.8203796242741888, -0.8203796242741888, -0.8203796242741888]
Done!
Running SOO number: 2 rho: 0.9025 nu: 0.8313313703582592
delay_type: DHOO
policy: UCB1
[0.95703125 0.12304688]
final iterations:41794595
final HOO number of nodes:279
final HOO height:25
final duration:294
final optimal value:-0.596032 
time durations: [0.0001480579376220703, 4.007625102996826, 4.008105039596558, 8.009196996688843, 8.038930892944336, 12.046263933181763, 12.046874046325684, 12.047434091567993, 16.08387303352356, 16.084367036819458, 20.10445809364319, 20.105227947235107, 20.105737924575806, 24.13245391845703, 24.133202075958252, 24.133657932281494, 28.161262035369873, 28.16183304786682, 32.16538190841675, 36.17723798751831, 36.17862606048584, 40.18155908584595, 44.1869170665741, 48.19412088394165, 48.19467496871948, 52.20138502120972, 56.20682191848755, 56.207613945007324, 60.21256709098816, 64.21542692184448, 64.21628308296204, 68.22230195999146, 72.23081803321838, 72.233078956604, 76.243155002594, 76.24448704719543, 80.24971508979797, 84.25940895080566, 84.26111793518066, 88.267648935318, 88.2688798904419, 92.27490210533142, 92.27581191062927, 96.28327989578247, 96.28445291519165, 100.29444599151611, 104.29892301559448, 104.3008930683136, 108.30661201477051, 112.31130599975586, 112.31239604949951, 112.31361889839172, 116.32608795166016, 116.3269739151001, 120.33516097068787, 120.33670210838318, 124.34690403938293, 124.34819793701172, 128.35512709617615, 128.3567349910736, 132.37210297584534, 132.37422704696655, 136.37979292869568, 140.38593006134033, 140.38798904418945, 144.39529395103455, 144.39681100845337, 144.3981750011444, 148.41058492660522, 148.41193509101868, 152.42198204994202, 152.42347407341003, 156.42992091178894, 156.43129301071167, 160.4378399848938, 160.43952798843384, 164.44920992851257, 164.45064306259155, 168.45865392684937, 168.46004796028137, 172.47336506843567, 172.47511291503906, 176.487802028656, 180.49291801452637, 180.49466109275818, 184.5032970905304, 184.50476503372192, 188.51549887657166, 188.51712107658386, 192.52993893623352, 192.53153610229492, 196.54766201972961, 196.54968905448914, 200.5526340007782, 204.55985808372498, 204.5617640018463, 208.57423090934753, 208.57633590698242, 212.58915305137634, 212.59075903892517, 216.60442090034485, 216.6066029071808, 220.61261200904846, 220.61447310447693, 224.6291720867157, 224.63047194480896, 228.6419279575348, 228.64403796195984, 232.65014004707336, 232.6519889831543, 232.6541690826416, 236.66359210014343, 240.66797304153442, 240.66973900794983, 244.67507600784302, 248.6823079586029, 248.6846809387207, 252.69939804077148, 252.70155501365662, 256.7055079936981, 256.7076590061188, 256.70948696136475, 260.7224168777466, 260.7254068851471, 264.730721950531, 264.73347210884094, 268.739825963974, 268.74340200424194, 272.75056409835815, 272.7527859210968, 276.76114106178284, 276.76450204849243, 280.76907992362976, 280.7716588973999, 280.77423906326294, 284.7847189903259, 284.78691506385803, 288.7912769317627, 288.7937879562378, 292.8032100200653, 292.80619192123413]
noisy values: [-24.717212720622562, -3.2635714940076213, -3.2635714940076213, -3.2635714940076213, -3.2635714940076213, -3.2635714940076213, -3.2635714940076213, -3.2635714940076213, -3.2635714940076213, -3.2635714940076213, -3.2635714940076213, -3.2635714940076213, -3.2635714940076213, -1.4787557653486836, -1.4787557653486836, -1.4787557653486836, -0.9309588778414888, -0.9309588778414888, -0.9309588778414888, -0.8122445606991615, -0.8122445606991615, -0.7031146166601854, -0.6235063472634543, -0.6235063472634543, -0.6235063472634543, -0.6235063472634543, -0.6235063472634543, -0.6235063472634543, -0.6235063472634543, -0.60943844430418, -0.60943844430418, -0.6068789926845763, -0.596032287203716, -0.596032287203716, -0.596032287203716, -0.596032287203716, -0.596032287203716, -0.596032287203716, -0.596032287203716, -0.596032287203716, -0.596032287203716, -0.596032287203716, -0.596032287203716, -0.596032287203716, -0.596032287203716, -0.596032287203716, -0.596032287203716, -0.596032287203716, -0.596032287203716, -0.596032287203716, -0.596032287203716, -0.596032287203716, -0.596032287203716, -0.596032287203716, -0.596032287203716, -0.596032287203716, -0.596032287203716, -0.596032287203716, -0.596032287203716, -0.596032287203716, -0.596032287203716, -0.596032287203716, -0.596032287203716, -0.596032287203716, -0.596032287203716, -0.596032287203716, -0.596032287203716, -0.596032287203716, -0.596032287203716, -0.596032287203716, -0.596032287203716, -0.596032287203716, -0.596032287203716, -0.596032287203716, -0.596032287203716, -0.596032287203716, -0.596032287203716, -0.596032287203716, -0.596032287203716, -0.596032287203716, -0.596032287203716, -0.596032287203716, -0.596032287203716, -0.596032287203716, -0.596032287203716, -0.596032287203716, -0.596032287203716, -0.596032287203716, -0.596032287203716, -0.596032287203716, -0.596032287203716, -0.596032287203716, -0.596032287203716, -0.596032287203716, -0.596032287203716, -0.596032287203716, -0.596032287203716, -0.596032287203716, -0.596032287203716, -0.596032287203716, -0.596032287203716, -0.596032287203716, -0.596032287203716, -0.596032287203716, -0.596032287203716, -0.596032287203716, -0.596032287203716, -0.596032287203716, -0.596032287203716, -0.596032287203716, -0.596032287203716, -0.596032287203716, -0.596032287203716, -0.596032287203716, -0.596032287203716, -0.596032287203716, -0.596032287203716, -0.596032287203716, -0.596032287203716, -0.596032287203716, -0.596032287203716, -0.596032287203716, -0.596032287203716, -0.596032287203716, -0.596032287203716, -0.596032287203716, -0.596032287203716, -0.596032287203716, -0.596032287203716, -0.596032287203716, -0.596032287203716, -0.596032287203716, -0.596032287203716, -0.596032287203716, -0.596032287203716, -0.596032287203716, -0.596032287203716, -0.596032287203716, -0.596032287203716, -0.596032287203716, -0.596032287203716]
data points:
values: [-24.129964413622268, -3.156436450015981, -3.156436450015981, -3.156436450015981, -3.156436450015981, -3.156436450015981, -3.156436450015981, -3.156436450015981, -3.156436450015981, -3.156436450015981, -3.156436450015981, -3.156436450015981, -3.156436450015981, -1.3881950455370848, -1.3881950455370848, -1.3881950455370848, -0.8982767384760351, -0.8982767384760351, -0.8982767384760351, -0.8982767384760351, -1.3090917336242907, -1.3090917336242907, -1.007178847650561, -0.8501462518079705, -0.8501462518079705, -0.8501462518079705, -0.8501462518079705, -0.8501462518079705, -0.8501462518079705, -0.8501462518079705, -0.8203796242741888, -0.8203796242741888, -0.7818424849343693, -0.7475005652342475, -0.7475005652342475, -0.7475005652342475, -0.7475005652342475, -0.7475005652342475, -0.7475005652342475, -0.7475005652342475, -0.7475005652342475, -0.7475005652342475, -0.7475005652342475, -0.7475005652342475, -0.7475005652342475, -0.7475005652342475, -0.7475005652342475, -0.7475005652342475, -0.7475005652342475, -0.7475005652342475, -0.7475005652342475, -0.7475005652342475, -0.7475005652342475, -0.7475005652342475, -0.7475005652342475, -0.7475005652342475, -0.7475005652342475, -0.7475005652342475, -0.7475005652342475, -0.7475005652342475, -0.7475005652342475, -0.7475005652342475, -0.7475005652342475, -0.7475005652342475, -0.7475005652342475, -0.7475005652342475, -0.7475005652342475, -0.7475005652342475, -0.7475005652342475, -0.7475005652342475, -0.7475005652342475, -0.7475005652342475, -0.7475005652342475, -0.7475005652342475, -0.7475005652342475, -0.7475005652342475, -0.7475005652342475, -0.7475005652342475, -0.7475005652342475, -0.7475005652342475, -0.7475005652342475, -0.7475005652342475, -0.7475005652342475, -0.7475005652342475, -0.7475005652342475, -0.7475005652342475, -0.7475005652342475, -0.7475005652342475, -0.7475005652342475, -0.7475005652342475, -0.7475005652342475, -0.7475005652342475, -0.7475005652342475, -0.7475005652342475, -0.7475005652342475, -0.7475005652342475, -0.7475005652342475, -0.7475005652342475, -0.7475005652342475, -0.7475005652342475, -0.7475005652342475, -0.7475005652342475, -0.7475005652342475, -0.7475005652342475, -0.7475005652342475, -0.7475005652342475, -0.7475005652342475, -0.7475005652342475, -0.7475005652342475, -0.7475005652342475, -0.7475005652342475, -0.7475005652342475, -0.7475005652342475, -0.7475005652342475, -0.7475005652342475, -0.7475005652342475, -0.7475005652342475, -0.7475005652342475, -0.7475005652342475, -0.7475005652342475, -0.7475005652342475, -0.7475005652342475, -0.7475005652342475, -0.7475005652342475, -0.7475005652342475, -0.7475005652342475, -0.7475005652342475, -0.7475005652342475, -0.7475005652342475, -0.7475005652342475, -0.7475005652342475, -0.7475005652342475, -0.7475005652342475, -0.7475005652342475, -0.7475005652342475, -0.7475005652342475, -0.7475005652342475, -0.7475005652342475, -0.7475005652342475, -0.7475005652342475, -0.7475005652342475]
Done!
Updating C
C: 1.163863918501563
nu_max: 1.163863918501563
opt_val: -0.747500565234
