('generated stochastic delays:', [array([ 2, 11,  5, ...,  2,  3,  1])])
('test function', 'Branin')
('opt_fidel_cost:', 1.0)
Running Experiment1: 
('total budget:', 600)
Auto Init: 
C: 0.8313313703582592
nu: 0.8313313703582592
Budget Remaining: 591.99437499
Number of MFHOO Instances: 4
Budget per MFHOO Instance:146.998593748
number of HOO: 4
Running SOO number: 1 rho: 0.95 nu: 0.8313313703582592
delay_type: DHOO
policy: UCB1
[0.54785156 0.12451172]
final iterations:31199490
final HOO number of nodes:125
final HOO height:22
final duration:146
final optimal value:-0.523957 
time durations: [0.0011820793151855469, 4.007284879684448, 8.011827945709229, 8.012448072433472, 12.017287015914917, 16.021475076675415, 20.027978897094727, 20.028521060943604, 24.03718590736389, 24.03742289543152, 24.03820490837097, 28.05143904685974, 28.052748918533325, 32.059683084487915, 32.060039043426514, 36.09056305885315, 40.09641098976135, 44.10176205635071, 48.10721397399902, 48.108217000961304, 52.11076307296753, 56.11565899848938, 56.11632490158081, 60.136590003967285, 64.14084506034851, 64.14217591285706, 68.14931607246399, 68.16145992279053, 68.1623969078064, 72.16997408866882, 76.17345404624939, 76.17428994178772, 80.17970299720764, 80.18048810958862, 84.18918991088867, 84.19042110443115, 88.19461798667908, 88.19546389579773, 88.19647002220154, 92.20652198791504, 92.20727396011353, 96.21054410934448, 96.21226906776428, 100.22460889816284, 100.22588109970093, 104.23144793510437, 104.23225903511047, 108.23653197288513, 112.2383770942688, 112.23943090438843, 116.24623608589172, 120.28953003883362, 120.29277110099792, 124.2956919670105, 124.29740309715271, 128.30408596992493, 128.30589890480042, 132.31455302238464, 132.3159019947052, 136.32207608222961, 136.3238320350647, 140.3292670249939, 144.33223795890808, 144.3338189125061, 144.33594298362732]
noisy values: [-24.717212720622562, -3.2693864500647454, -3.2693864500647454, -3.2693864500647454, -3.2693864500647454, -3.2693864500647454, -3.2693864500647454, -3.2693864500647454, -1.5272402827790188, -1.5272402827790188, -1.5272402827790188, -1.5272402827790188, -1.141145146074038, -1.141145146074038, -1.141145146074038, -1.0597313920230071, -0.6953914453382346, -0.587661805778886, -0.587661805778886, -0.587661805778886, -0.587661805778886, -0.587661805778886, -0.587661805778886, -0.587661805778886, -0.587661805778886, -0.587661805778886, -0.587661805778886, -0.5678831746776751, -0.5678831746776751, -0.5515652087135763, -0.5515652087135763, -0.5515652087135763, -0.5386088113066769, -0.5386088113066769, -0.5307696512662385, -0.5307696512662385, -0.5307696512662385, -0.5307696512662385, -0.5307696512662385, -0.5307696512662385, -0.5307696512662385, -0.5307696512662385, -0.5307696512662385, -0.5307696512662385, -0.5307696512662385, -0.5307696512662385, -0.5307696512662385, -0.5307696512662385, -0.5307696512662385, -0.5307696512662385, -0.5307696512662385, -0.5307696512662385, -0.5307696512662385, -0.5307696512662385, -0.5307696512662385, -0.5307696512662385, -0.5307696512662385, -0.5274149529187842, -0.5274149529187842, -0.5239574856475571, -0.5239574856475571, -0.5239574856475571, -0.5239574856475571, -0.5239574856475571, -0.5239574856475571]
data points:
values: [-24.129964413622268, -3.156436450015981, -3.156436450015981, -3.156436450015981, -3.156436450015981, -3.156436450015981, -3.156436450015981, -3.156436450015981, -1.3881950455370848, -1.3881950455370848, -1.3881950455370848, -1.3881950455370848, -1.2367994993539337, -1.2367994993539337, -1.2367994993539337, -1.2367994993539337, -1.138531354346135, -0.7604847887383777, -0.6366682720651493, -0.6366682720651493, -0.6366682720651493, -0.6366682720651493, -0.6366682720651493, -0.6366682720651493, -0.6366682720651493, -0.6366682720651493, -0.6366682720651493, -0.6366682720651493, -0.6016096509437467, -0.6016096509437467, -0.5809771487741298, -0.5809771487741298, -0.5809771487741298, -0.5667294360429196, -0.5667294360429196, -0.5564109472988754, -0.5564109472988754, -0.5564109472988754, -0.5564109472988754, -0.5564109472988754, -0.5564109472988754, -0.5564109472988754, -0.5564109472988754, -0.5564109472988754, -0.5564109472988754, -0.5564109472988754, -0.5564109472988754, -0.5564109472988754, -0.5564109472988754, -0.5564109472988754, -0.5564109472988754, -0.5564109472988754, -0.5564109472988754, -0.5564109472988754, -0.5564109472988754, -0.5564109472988754, -0.5564109472988754, -0.5564109472988754, -0.552464239068339, -0.552464239068339, -0.5473032171179568, -0.5473032171179568, -0.5473032171179568, -0.5473032171179568, -0.5473032171179568]
Done!
Running SOO number: 2 rho: 0.933895193867 nu: 0.8313313703582592
delay_type: DHOO
policy: UCB1
[0.54785156 0.12451172]
final iterations:26837612
final HOO number of nodes:133
final HOO height:22
final duration:146
final optimal value:-0.530738 
time durations: [0.0008919239044189453, 4.005201816558838, 4.005839824676514, 8.012231826782227, 8.012966871261597, 8.013257026672363, 12.02201795578003, 12.022981882095337, 16.037065029144287, 16.04699683189392, 20.053443908691406, 24.05816888809204, 28.065943956375122, 28.066953897476196, 32.07302689552307, 36.08455181121826, 36.08537697792053, 40.0942919254303, 40.09531593322754, 44.10199189186096, 48.10686993598938, 48.10747790336609, 52.11917996406555, 56.124099016189575, 56.12460398674011, 60.13811683654785, 64.14631390571594, 64.1474678516388, 68.1697428226471, 68.1714379787445, 72.17464089393616, 72.17573094367981, 76.18685698509216, 76.18772292137146, 80.19633293151855, 80.1970648765564, 84.20461797714233, 84.20532703399658, 88.2190158367157, 88.22049880027771, 92.22986888885498, 92.23108887672424, 96.24072098731995, 96.24158000946045, 96.24257397651672, 100.24925494194031, 104.2547709941864, 104.25621795654297, 108.26401782035828, 108.26495790481567, 112.27165102958679, 112.27277183532715, 116.28545188903809, 116.2866358757019, 116.28754997253418, 120.29066395759583, 120.29217100143433, 124.31324887275696, 124.31422996520996, 128.34788393974304, 132.35929083824158, 132.36046600341797, 136.36504197120667, 136.36653184890747, 140.3723328113556, 140.37347888946533, 144.39377689361572, 144.39522981643677]
noisy values: [-24.717212720622562, -3.2674129225915056, -3.2674129225915056, -3.2674129225915056, -3.2674129225915056, -3.2674129225915056, -3.2674129225915056, -3.2674129225915056, -3.2674129225915056, -3.2674129225915056, -3.2674129225915056, -1.9068953524835095, -1.1526883866972693, -1.1526883866972693, -1.1526883866972693, -1.0717467090030066, -1.0717467090030066, -0.7060677536268596, -0.7060677536268596, -0.598831261403161, -0.598831261403161, -0.598831261403161, -0.598831261403161, -0.598831261403161, -0.598831261403161, -0.5770262539918942, -0.5770262539918942, -0.5770262539918942, -0.5767509441292376, -0.5767509441292376, -0.5596324085201072, -0.5596324085201072, -0.5596324085201072, -0.5548165152941191, -0.5548165152941191, -0.5548165152941191, -0.5457227652175973, -0.5457227652175973, -0.5457227652175973, -0.5457227652175973, -0.5457227652175973, -0.5457227652175973, -0.5457227652175973, -0.5457227652175973, -0.5457227652175973, -0.5457227652175973, -0.537570179298136, -0.537570179298136, -0.537570179298136, -0.537570179298136, -0.537570179298136, -0.537570179298136, -0.537570179298136, -0.537570179298136, -0.537570179298136, -0.537570179298136, -0.537570179298136, -0.5343862723384554, -0.5343862723384554, -0.5307380831501494, -0.5307380831501494, -0.5307380831501494, -0.5307380831501494, -0.5307380831501494, -0.5307380831501494, -0.5307380831501494, -0.5307380831501494, -0.5307380831501494]
data points:
values: [-24.129964413622268, -3.156436450015981, -3.156436450015981, -3.156436450015981, -3.156436450015981, -3.156436450015981, -3.156436450015981, -3.156436450015981, -3.156436450015981, -3.156436450015981, -3.156436450015981, -2.065240567292882, -1.2367994993539337, -1.2367994993539337, -1.2367994993539337, -1.2367994993539337, -1.138531354346135, -1.138531354346135, -0.7604847887383777, -0.7604847887383777, -0.6366682720651493, -0.6366682720651493, -0.6366682720651493, -0.6366682720651493, -0.6366682720651493, -0.6366682720651493, -0.6061414031402013, -0.6061414031402013, -0.6061414031402013, -0.6016096509437467, -0.6016096509437467, -0.5809771487741298, -0.5809771487741298, -0.5809771487741298, -0.5802631959207343, -0.5802631959207343, -0.5802631959207343, -0.5667294360429196, -0.5667294360429196, -0.5667294360429196, -0.5667294360429196, -0.5667294360429196, -0.5667294360429196, -0.5667294360429196, -0.5667294360429196, -0.5667294360429196, -0.5667294360429196, -0.5564109472988754, -0.5564109472988754, -0.5564109472988754, -0.5564109472988754, -0.5564109472988754, -0.5564109472988754, -0.5564109472988754, -0.5564109472988754, -0.5564109472988754, -0.5564109472988754, -0.5564109472988754, -0.552464239068339, -0.552464239068339, -0.5473032171179568, -0.5473032171179568, -0.5473032171179568, -0.5473032171179568, -0.5473032171179568, -0.5473032171179568, -0.5473032171179568, -0.5473032171179568]
Done!
Updating C
C: 1.163863918501563
nu_max: 1.163863918501563
Running SOO number: 3 rho: 0.9025 nu: 1.163863918501563
delay_type: DHOO
policy: UCB1
[0.54882812 0.12402344]
final iterations:26917531
final HOO number of nodes:133
final HOO height:26
final duration:146
final optimal value:-0.549700 
time durations: [0.0002970695495605469, 4.005057096481323, 4.005522966384888, 8.011346101760864, 8.011693954467773, 12.02286696434021, 12.023768901824951, 16.028186082839966, 16.02871799468994, 20.043855905532837, 20.044398069381714, 24.049780130386353, 28.056854009628296, 32.06448793411255, 32.06539511680603, 32.06599402427673, 36.06985092163086, 36.07063412666321, 36.07114911079407, 40.07462811470032, 40.08279609680176, 40.090399980545044, 44.08970308303833, 44.106537103652954, 48.111335039138794, 52.11615705490112, 56.12040710449219, 56.12135100364685, 60.1248140335083, 60.12565302848816, 64.13813900947571, 68.14284706115723, 68.14371609687805, 72.14749693870544, 76.15675592422485, 76.1578381061554, 80.161288022995, 84.1677680015564, 84.16879510879517, 88.17901992797852, 88.17989993095398, 92.1949770450592, 92.19667792320251, 96.20335698127747, 96.20479202270508, 100.21773600578308, 100.21905899047852, 104.22574090957642, 104.226891040802, 108.23191094398499, 108.23345899581909, 112.24269199371338, 116.25080704689026, 116.25260901451111, 120.2589271068573, 120.26948308944702, 120.27042508125305, 120.27161192893982, 124.28474593162537, 124.28560090065002, 128.2933521270752, 128.29431700706482, 132.30129194259644, 136.30811190605164, 136.31001806259155, 140.314875125885, 144.32049012184143, 144.32197904586792]
noisy values: [-24.717212720622562, -3.2635714940076213, -3.2635714940076213, -3.2635714940076213, -3.2635714940076213, -3.2635714940076213, -3.2635714940076213, -3.2635714940076213, -3.2635714940076213, -3.2635714940076213, -3.2635714940076213, -3.2635714940076213, -1.9516525827076023, -1.1780512716368126, -1.1780512716368126, -1.1780512716368126, -1.1780512716368126, -1.1780512716368126, -1.1780512716368126, -1.1780512716368126, -1.0994068512844706, -1.0994068512844706, -1.0994068512844706, -0.7324393297698695, -0.6201403266519261, -0.6201403266519261, -0.6201403266519261, -0.6201403266519261, -0.6201403266519261, -0.6201403266519261, -0.6201403266519261, -0.5917673233966152, -0.5917673233966152, -0.5728009953996, -0.5728009953996, -0.5728009953996, -0.5728009953996, -0.5728009953996, -0.5728009953996, -0.5728009953996, -0.5728009953996, -0.5706005528178313, -0.5706005528178313, -0.5706005528178313, -0.5589847862007264, -0.5589847862007264, -0.5589847862007264, -0.5589847862007264, -0.5589847862007264, -0.5589847862007264, -0.5589847862007264, -0.5589847862007264, -0.5579133006496608, -0.5579133006496608, -0.5579133006496608, -0.5579133006496608, -0.5579133006496608, -0.5579133006496608, -0.5579133006496608, -0.5579133006496608, -0.5579133006496608, -0.5579133006496608, -0.5497000519981139, -0.5497000519981139, -0.5497000519981139, -0.5497000519981139, -0.5497000519981139, -0.5497000519981139]
data points:
values: [-24.129964413622268, -3.156436450015981, -3.156436450015981, -3.156436450015981, -3.156436450015981, -3.156436450015981, -3.156436450015981, -3.156436450015981, -3.156436450015981, -3.156436450015981, -3.156436450015981, -3.156436450015981, -2.065240567292882, -1.2367994993539337, -1.2367994993539337, -1.2367994993539337, -1.2367994993539337, -1.2367994993539337, -1.2367994993539337, -1.2367994993539337, -1.2367994993539337, -1.138531354346135, -1.138531354346135, -0.7604847887383777, -0.7604847887383777, -0.6366682720651493, -0.6366682720651493, -0.6366682720651493, -0.6366682720651493, -0.6366682720651493, -0.6366682720651493, -0.6366682720651493, -0.6016096509437467, -0.6016096509437467, -0.5809771487741298, -0.5809771487741298, -0.5809771487741298, -0.5809771487741298, -0.5809771487741298, -0.5809771487741298, -0.5809771487741298, -0.5809771487741298, -0.5802631959207343, -0.5802631959207343, -0.5667294360429196, -0.5667294360429196, -0.5667294360429196, -0.5667294360429196, -0.5667294360429196, -0.5667294360429196, -0.5667294360429196, -0.5667294360429196, -0.5667294360429196, -0.566327834922566, -0.566327834922566, -0.566327834922566, -0.566327834922566, -0.566327834922566, -0.566327834922566, -0.566327834922566, -0.566327834922566, -0.566327834922566, -0.566327834922566, -0.5564109472988754, -0.5564109472988754, -0.5564109472988754, -0.5564109472988754, -0.5564109472988754]
Done!
Updating C
C: 1.629409485902188
nu_max: 1.629409485902188
Running SOO number: 4 rho: 0.81450625 nu: 1.629409485902188
delay_type: DHOO
policy: UCB1
[0.54589844 0.12402344]
final iterations:25107739
final HOO number of nodes:141
final HOO height:31
final duration:146
final optimal value:-0.551402 
time durations: [0.00039196014404296875, 4.0024049282073975, 8.007493019104004, 8.010334968566895, 8.014662027359009, 12.015558958053589, 12.016546964645386, 12.017142057418823, 16.022624969482422, 16.023680925369263, 20.026326894760132, 20.038361072540283, 24.033150911331177, 24.04562997817993, 28.043431997299194, 28.04403805732727, 32.055723905563354, 32.05629110336304, 36.06235694885254, 36.062987089157104, 40.06615495681763, 40.07416009902954, 44.07009410858154, 44.079293966293335, 48.07407999038696, 48.093656063079834, 52.07979106903076, 52.09641408920288, 52.09815502166748, 52.09991812705994, 56.105266094207764, 56.105966091156006, 60.11255097389221, 60.11332297325134, 64.12477803230286, 64.12564396858215, 68.13029789924622, 72.13825798034668, 72.13971710205078, 76.14869403839111, 76.14986991882324, 80.15653800964355, 84.16808295249939, 84.16952800750732, 88.17177510261536, 88.17268300056458, 92.18247890472412, 92.18371200561523, 96.19078397750854, 96.192617893219, 100.20457410812378, 104.22168397903442, 104.22323989868164, 108.22569489479065, 112.23625898361206, 112.23854994773865, 116.24844002723694, 116.24975395202637, 120.25651597976685, 120.2575249671936, 124.2714331150055, 124.27254891395569, 128.27960109710693, 128.2813379764557, 132.2883279323578, 132.29002404212952, 136.2941529750824, 140.3031780719757, 140.30529689788818, 144.31342196464539, 144.31511807441711, 144.3170690536499]
noisy values: [-24.717212720622562, -3.252845860580404, -3.252845860580404, -3.252845860580404, -3.252845860580404, -3.252845860580404, -3.252845860580404, -3.252845860580404, -3.252845860580404, -3.252845860580404, -3.252845860580404, -3.252845860580404, -3.252845860580404, -2.0238988536572418, -2.0238988536572418, -2.0238988536572418, -1.2208906026194235, -1.2208906026194235, -0.9055591537316019, -0.9055591537316019, -0.9055591537316019, -0.9055591537316019, -0.755980676984807, -0.755980676984807, -0.6342754727890636, -0.6342754727890636, -0.6342754727890636, -0.6342754727890636, -0.6342754727890636, -0.6342754727890636, -0.6342754727890636, -0.6342754727890636, -0.6010429779498541, -0.6010429779498541, -0.6010429779498541, -0.6010429779498541, -0.6010429779498541, -0.6010429779498541, -0.6010429779498541, -0.5806311335092929, -0.5806311335092929, -0.5664345046619115, -0.5664345046619115, -0.5664345046619115, -0.5664345046619115, -0.5664345046619115, -0.5664345046619115, -0.5664345046619115, -0.5664345046619115, -0.5664345046619115, -0.5664345046619115, -0.5660080715274987, -0.5660080715274987, -0.5544468882831044, -0.5544468882831044, -0.5544468882831044, -0.5544468882831044, -0.5544468882831044, -0.5544468882831044, -0.5544468882831044, -0.5514017464995149, -0.5514017464995149, -0.5514017464995149, -0.5514017464995149, -0.5514017464995149, -0.5514017464995149, -0.5514017464995149, -0.5514017464995149, -0.5514017464995149, -0.5514017464995149, -0.5514017464995149, -0.5514017464995149]
data points:
values: [-24.129964413622268, -3.156436450015981, -3.156436450015981, -3.156436450015981, -3.156436450015981, -3.156436450015981, -3.156436450015981, -3.156436450015981, -3.156436450015981, -3.156436450015981, -3.156436450015981, -3.156436450015981, -3.156436450015981, -2.065240567292882, -2.065240567292882, -2.065240567292882, -1.2367994993539337, -1.2367994993539337, -0.8982767384760351, -0.8982767384760351, -0.8982767384760351, -0.8982767384760351, -0.7604847887383777, -0.7604847887383777, -0.6366682720651493, -0.6366682720651493, -0.6366682720651493, -0.6366682720651493, -0.6366682720651493, -0.6366682720651493, -0.6366682720651493, -0.6366682720651493, -0.6016096509437467, -0.6016096509437467, -0.6016096509437467, -0.6016096509437467, -0.6016096509437467, -0.6016096509437467, -0.6016096509437467, -0.5809771487741298, -0.5809771487741298, -0.5667294360429196, -0.5667294360429196, -0.5667294360429196, -0.5667294360429196, -0.5667294360429196, -0.5667294360429196, -0.5667294360429196, -0.5667294360429196, -0.5667294360429196, -0.5667294360429196, -0.5667294360429196, -0.566327834922566, -0.5546979199160589, -0.5546979199160589, -0.5546979199160589, -0.5546979199160589, -0.5546979199160589, -0.5546979199160589, -0.5546979199160589, -0.5546979199160589, -0.55160214699157, -0.55160214699157, -0.55160214699157, -0.55160214699157, -0.55160214699157, -0.55160214699157, -0.55160214699157, -0.55160214699157, -0.55160214699157, -0.55160214699157, -0.55160214699157]
Done!
Updating C
C: 2.281173280263063
nu_max: 2.281173280263063
opt_val: -0.547303217118
