('generated stochastic delays:', [array([ 2, 11,  5, ...,  2,  3,  1])])
('test function', 'Branin')
('opt_fidel_cost:', 1.0)
Running Experiment1: 
('total budget:', 600)
Auto Init: 
C: 0.8313313703582592
nu: 0.8313313703582592
Budget Remaining: 591.993416071
Number of MFHOO Instances: 4
Budget per MFHOO Instance:146.998354018
number of HOO: 4
Running SOO number: 1 rho: 0.95 nu: 0.8313313703582592
delay_type: DHOO
policy: UCB1
[0.54785156 0.12402344]
final iterations:31086665
final HOO number of nodes:115
final HOO height:21
final duration:146
final optimal value:-0.526173 
time durations: [0.0008509159088134766, 4.006392002105713, 8.007995843887329, 8.01097583770752, 12.01193904876709, 16.02648401260376, 16.027058839797974, 20.033891916275024, 24.03716206550598, 28.042778968811035, 32.04522204399109, 36.08797097206116, 40.094435930252075, 40.095239877700806, 44.09861087799072, 44.09942007064819, 48.10589003562927, 52.11237597465515, 52.113499879837036, 56.12480688095093, 60.14051103591919, 60.141111850738525, 64.1497049331665, 68.15734505653381, 68.15911197662354, 72.16301798820496, 72.1635320186615, 76.1773328781128, 80.18122100830078, 80.18262791633606, 84.2033109664917, 84.20442295074463, 88.21177005767822, 88.21288800239563, 92.22137498855591, 96.2283399105072, 96.22945284843445, 100.24545192718506, 104.25202202796936, 104.25339794158936, 108.25898599624634, 108.26145696640015, 108.26320004463196, 112.27368903160095, 112.27491688728333, 116.28270602226257, 116.28394103050232, 120.29768800735474, 120.29895806312561, 124.31123900413513, 124.31230306625366, 128.32678699493408, 128.3276789188385, 132.33945488929749, 136.34952902793884, 136.3509590625763, 140.3567819595337, 144.36474585533142, 144.3659589290619]
noisy values: [-24.717212720622562, -3.2693864500647454, -3.2693864500647454, -3.2693864500647454, -3.2693864500647454, -3.2693864500647454, -3.2693864500647454, -3.2693864500647454, -1.8875312647938962, -1.141145146074038, -1.141145146074038, -1.0597313920230071, -1.0597313920230071, -1.0597313920230071, -0.6953914453382346, -0.6953914453382346, -0.6953914453382346, -0.587661805778886, -0.587661805778886, -0.587661805778886, -0.587661805778886, -0.587661805778886, -0.587661805778886, -0.587661805778886, -0.587661805778886, -0.5678831746776751, -0.5678831746776751, -0.5664329759479383, -0.5664329759479383, -0.5664329759479383, -0.5449905097821297, -0.5449905097821297, -0.5449905097821297, -0.5449905097821297, -0.5449905097821297, -0.5449905097821297, -0.5449905097821297, -0.5449905097821297, -0.5372242083838241, -0.5372242083838241, -0.5372242083838241, -0.5372242083838241, -0.5372242083838241, -0.5372242083838241, -0.5372242083838241, -0.5372242083838241, -0.5372242083838241, -0.5372242083838241, -0.5372242083838241, -0.5372242083838241, -0.5372242083838241, -0.5372242083838241, -0.5372242083838241, -0.5295062349068829, -0.5261728983110068, -0.5261728983110068, -0.5261728983110068, -0.5261728983110068, -0.5261728983110068]
data points:
values: [-24.129964413622268, -3.156436450015981, -3.156436450015981, -3.156436450015981, -3.156436450015981, -3.156436450015981, -3.156436450015981, -3.156436450015981, -2.065240567292882, -1.2367994993539337, -1.2367994993539337, -1.2367994993539337, -1.138531354346135, -1.138531354346135, -1.138531354346135, -0.7604847887383777, -0.7604847887383777, -0.7604847887383777, -0.6366682720651493, -0.6366682720651493, -0.6366682720651493, -0.6366682720651493, -0.6366682720651493, -0.6366682720651493, -0.6366682720651493, -0.6366682720651493, -0.6016096509437467, -0.6016096509437467, -0.6061414031402013, -0.6061414031402013, -0.6061414031402013, -0.5802631959207343, -0.5802631959207343, -0.5802631959207343, -0.5802631959207343, -0.5802631959207343, -0.5802631959207343, -0.5802631959207343, -0.5802631959207343, -0.5667294360429196, -0.5667294360429196, -0.5667294360429196, -0.5667294360429196, -0.5667294360429196, -0.5667294360429196, -0.5667294360429196, -0.5667294360429196, -0.5667294360429196, -0.5667294360429196, -0.5667294360429196, -0.5667294360429196, -0.5667294360429196, -0.5667294360429196, -0.5667294360429196, -0.5564109472988754, -0.552464239068339, -0.552464239068339, -0.552464239068339, -0.552464239068339]
Done!
Running SOO number: 2 rho: 0.933895193867 nu: 0.8313313703582592
delay_type: DHOO
policy: UCB1
[0.54785156 0.12451172]
final iterations:27122628
final HOO number of nodes:141
final HOO height:24
final duration:146
final optimal value:-0.532788 
time durations: [0.00014901161193847656, 4.003314971923828, 4.0043439865112305, 8.008502006530762, 8.029834032058716, 12.032676935195923, 16.03915500640869, 16.039515018463135, 20.0502028465271, 20.050729990005493, 20.05215096473694, 24.056282997131348, 28.061990976333618, 28.06264090538025, 32.06845188140869, 32.08865189552307, 36.077759981155396, 36.10772085189819, 40.084293842315674, 40.09230899810791, 40.111487865448, 44.09563589096069, 44.11866593360901, 44.11933398246765, 48.126184940338135, 48.12659788131714, 48.1272828578949, 52.13691687583923, 56.14327788352966, 56.145078897476196, 60.14896488189697, 60.1503849029541, 64.1566309928894, 64.15749001502991, 68.15990495681763, 72.16915392875671, 72.17041301727295, 76.17668890953064, 76.17841792106628, 80.19315600395203, 80.19397687911987, 84.20660901069641, 84.20754885673523, 88.22050595283508, 88.22144389152527, 92.2357439994812, 92.23693704605103, 96.24339699745178, 100.25054788589478, 100.25196099281311, 104.27234292030334, 104.27405285835266, 108.2812979221344, 108.28229093551636, 112.29218983650208, 116.30543088912964, 116.30633902549744, 116.30749797821045, 120.32056093215942, 124.32669401168823, 124.32835483551025, 128.3411099910736, 128.34221696853638, 132.35818195343018, 132.35942697525024, 136.36751890182495, 136.36975502967834, 140.37408304214478, 140.3779640197754, 140.3798520565033, 144.39024186134338, 144.39206290245056, 144.39367198944092]
noisy values: [-24.717212720622562, -24.717212720622562, -3.2674129225915056, -3.2674129225915056, -3.2674129225915056, -3.2674129225915056, -3.2674129225915056, -3.2674129225915056, -3.2674129225915056, -3.2674129225915056, -3.2674129225915056, -1.513019467182053, -1.513019467182053, -1.1470889739618961, -1.1470889739618961, -1.1470889739618961, -1.06716935881221, -1.06716935881221, -1.06716935881221, -0.7023931113275648, -0.7023931113275648, -0.5962878058640495, -0.5962878058640495, -0.5962878058640495, -0.5962878058640495, -0.5962878058640495, -0.5962878058640495, -0.5962878058640495, -0.5962878058640495, -0.5962878058640495, -0.5806261404771806, -0.5806261404771806, -0.5806261404771806, -0.5806261404771806, -0.579787430027606, -0.5622377520976976, -0.5622377520976976, -0.5622377520976976, -0.5622377520976976, -0.5483044746033734, -0.5483044746033734, -0.5483044746033734, -0.5483044746033734, -0.5483044746033734, -0.5483044746033734, -0.5483044746033734, -0.5483044746033734, -0.5398882671929517, -0.5366198361134042, -0.5366198361134042, -0.532788156783818, -0.532788156783818, -0.532788156783818, -0.532788156783818, -0.532788156783818, -0.532788156783818, -0.532788156783818, -0.532788156783818, -0.532788156783818, -0.532788156783818, -0.532788156783818, -0.532788156783818, -0.532788156783818, -0.532788156783818, -0.532788156783818, -0.532788156783818, -0.532788156783818, -0.532788156783818, -0.532788156783818, -0.532788156783818, -0.532788156783818, -0.532788156783818, -0.532788156783818]
data points:
values: [-24.129964413622268, -24.129964413622268, -3.156436450015981, -3.156436450015981, -3.156436450015981, -3.156436450015981, -3.156436450015981, -3.156436450015981, -3.156436450015981, -3.156436450015981, -3.156436450015981, -1.3881950455370848, -1.3881950455370848, -1.3881950455370848, -1.2367994993539337, -1.2367994993539337, -1.2367994993539337, -1.138531354346135, -1.138531354346135, -1.138531354346135, -0.7604847887383777, -0.7604847887383777, -0.6366682720651493, -0.6366682720651493, -0.6366682720651493, -0.6366682720651493, -0.6366682720651493, -0.6366682720651493, -0.6366682720651493, -0.6366682720651493, -0.6366682720651493, -0.6061414031402013, -0.6061414031402013, -0.6061414031402013, -0.6061414031402013, -0.6016096509437467, -0.5809771487741298, -0.5809771487741298, -0.5809771487741298, -0.5809771487741298, -0.5667294360429196, -0.5667294360429196, -0.5667294360429196, -0.5667294360429196, -0.5667294360429196, -0.5667294360429196, -0.5667294360429196, -0.5667294360429196, -0.5564109472988754, -0.552464239068339, -0.552464239068339, -0.5473032171179568, -0.5473032171179568, -0.5473032171179568, -0.5473032171179568, -0.5473032171179568, -0.5473032171179568, -0.5473032171179568, -0.5473032171179568, -0.5473032171179568, -0.5473032171179568, -0.5473032171179568, -0.5473032171179568, -0.5473032171179568, -0.5473032171179568, -0.5473032171179568, -0.5473032171179568, -0.5473032171179568, -0.5473032171179568, -0.5473032171179568, -0.5473032171179568, -0.5473032171179568, -0.5473032171179568]
Done!
Updating C
C: 1.163863918501563
nu_max: 1.163863918501563
Running SOO number: 3 rho: 0.9025 nu: 1.163863918501563
delay_type: DHOO
policy: UCB1
[0.54785156 0.12402344]
final iterations:23673857
final HOO number of nodes:147
final HOO height:30
final duration:146
final optimal value:-0.546310 
time durations: [0.0003509521484375, 4.006108045578003, 4.006464004516602, 8.011656999588013, 8.011971950531006, 12.014739036560059, 12.02486801147461, 16.01837992668152, 16.04893684387207, 20.019685983657837, 20.053030014038086, 20.05366086959839, 24.062875986099243, 24.06333589553833, 28.082212924957275, 32.09092402458191, 32.101380825042725, 36.09778189659119, 36.099376916885376, 36.107024908065796, 40.102898836135864, 40.11406183242798, 44.1053249835968, 44.119778871536255, 44.12128305435181, 48.11182498931885, 48.12560200691223, 52.115679025650024, 52.11681890487671, 52.12910604476929, 56.13198804855347, 60.14687490463257, 60.15002989768982, 64.15405583381653, 64.1548318862915, 68.15780782699585, 72.16287088394165, 72.16355299949646, 76.1684980392456, 76.16937685012817, 76.17012405395508, 80.18287587165833, 80.1837809085846, 84.19470882415771, 84.19596600532532, 84.19712400436401, 88.21596193313599, 88.21768999099731, 92.22493386268616, 92.22619485855103, 96.23164105415344, 96.23268485069275, 100.23752784729004, 104.2525589466095, 104.25407290458679, 108.27566885948181, 108.27708101272583, 108.27847385406494, 112.29369592666626, 112.29603099822998, 116.30612182617188, 116.30751895904541, 120.31409001350403, 124.31765294075012, 124.31968998908997, 128.32453298568726, 128.325847864151, 128.3270239830017, 132.35120582580566, 132.35221195220947, 136.3568160533905, 140.36523985862732, 140.3672070503235, 144.3704240322113, 144.37176895141602]
noisy values: [-24.717212720622562, -3.2635714940076213, -3.2635714940076213, -3.2635714940076213, -3.2635714940076213, -3.2635714940076213, -3.2635714940076213, -3.2635714940076213, -3.2635714940076213, -3.2635714940076213, -3.2635714940076213, -3.2635714940076213, -1.9516525827076023, -1.9516525827076023, -1.1886158539524505, -1.1886158539524505, -1.1886158539524505, -1.103163215721331, -1.103163215721331, -1.103163215721331, -0.7324393297698695, -0.7324393297698695, -0.7324393297698695, -0.6183932724569736, -0.6183932724569736, -0.6183932724569736, -0.6183932724569736, -0.6183932724569736, -0.6183932724569736, -0.6183932724569736, -0.6183932724569736, -0.6183932724569736, -0.6183932724569736, -0.5968028349755734, -0.5968028349755734, -0.5723730412422299, -0.5723730412422299, -0.5723730412422299, -0.5723730412422299, -0.5723730412422299, -0.5723730412422299, -0.5723730412422299, -0.5723730412422299, -0.5594573470557194, -0.5594573470557194, -0.5594573470557194, -0.5487178890162134, -0.5487178890162134, -0.5487178890162134, -0.5487178890162134, -0.5487178890162134, -0.5487178890162134, -0.5487178890162134, -0.5487178890162134, -0.5487178890162134, -0.5478862537132443, -0.5478862537132443, -0.5478862537132443, -0.5478862537132443, -0.5478862537132443, -0.5478862537132443, -0.5478862537132443, -0.5478862537132443, -0.5478862537132443, -0.5478862537132443, -0.5478862537132443, -0.5478862537132443, -0.5478862537132443, -0.5478862537132443, -0.5478862537132443, -0.5478862537132443, -0.5478862537132443, -0.5478862537132443, -0.5478862537132443, -0.5478862537132443]
data points:
values: [-24.129964413622268, -3.156436450015981, -3.156436450015981, -3.156436450015981, -3.156436450015981, -3.156436450015981, -3.156436450015981, -3.156436450015981, -3.156436450015981, -3.156436450015981, -3.156436450015981, -3.156436450015981, -2.065240567292882, -2.065240567292882, -1.2367994993539337, -1.2367994993539337, -1.2367994993539337, -1.2367994993539337, -1.138531354346135, -1.138531354346135, -0.7604847887383777, -0.7604847887383777, -0.7604847887383777, -0.7604847887383777, -0.6366682720651493, -0.6366682720651493, -0.6366682720651493, -0.6366682720651493, -0.6366682720651493, -0.6366682720651493, -0.6366682720651493, -0.6366682720651493, -0.6366682720651493, -0.6366682720651493, -0.6061414031402013, -0.6061414031402013, -0.5802631959207343, -0.5802631959207343, -0.5802631959207343, -0.5802631959207343, -0.5802631959207343, -0.5802631959207343, -0.5802631959207343, -0.5802631959207343, -0.566327834922566, -0.566327834922566, -0.566327834922566, -0.5546979199160589, -0.5546979199160589, -0.5546979199160589, -0.5546979199160589, -0.5546979199160589, -0.5546979199160589, -0.5546979199160589, -0.5546979199160589, -0.5546979199160589, -0.552464239068339, -0.552464239068339, -0.552464239068339, -0.552464239068339, -0.552464239068339, -0.552464239068339, -0.552464239068339, -0.552464239068339, -0.552464239068339, -0.552464239068339, -0.552464239068339, -0.552464239068339, -0.552464239068339, -0.552464239068339, -0.552464239068339, -0.552464239068339, -0.552464239068339, -0.552464239068339, -0.552464239068339]
Done!
Updating C
C: 1.629409485902188
nu_max: 1.629409485902188
Running SOO number: 4 rho: 0.81450625 nu: 1.629409485902188
delay_type: DHOO
policy: UCB1
[0.54296875 0.15039062]
final iterations:25272550
final HOO number of nodes:124
final HOO height:20
final duration:146
final optimal value:-0.398101 
time durations: [0.0005009174346923828, 4.009610891342163, 8.010402917861938, 8.012964963912964, 12.015874862670898, 12.017555952072144, 12.017894983291626, 16.02146291732788, 20.03165292739868, 20.032307863235474, 24.03377890586853, 24.05949091911316, 28.036458015441895, 28.03704595565796, 32.0472149848938, 32.04808688163757, 36.064936876297, 40.069947957992554, 44.07670187950134, 48.08330798149109, 48.08463096618652, 52.093961000442505, 56.10070586204529, 60.10587787628174, 60.106618881225586, 64.11425495147705, 64.11862397193909, 68.12556290626526, 72.12927389144897, 72.1299660205841, 76.16106581687927, 76.16226696968079, 80.16400098800659, 80.17274785041809, 80.17372298240662, 84.17945694923401, 84.18015193939209, 88.19667387008667, 88.19780588150024, 92.20673298835754, 96.21150994300842, 96.21274089813232, 100.2163519859314, 100.22151279449463, 104.22879195213318, 104.23008680343628, 108.2322449684143, 108.23318696022034, 112.24867296218872, 112.24973392486572, 116.25530481338501, 116.25637197494507, 120.28042578697205, 120.28145790100098, 124.29039883613586, 124.2914137840271, 128.29990792274475, 132.3047800064087, 132.30641078948975, 136.3094367980957, 136.31108498573303, 140.32177782058716, 144.33252000808716, 144.33456683158875]
noisy values: [-24.717212720622562, -3.252845860580404, -3.252845860580404, -3.252845860580404, -3.252845860580404, -3.252845860580404, -3.252845860580404, -3.252845860580404, -3.252845860580404, -3.252845860580404, -3.252845860580404, -1.4315295680392204, -1.4315295680392204, -1.4315295680392204, -1.4315295680392204, -1.4315295680392204, -0.9119945295615466, -0.5440957942428319, -0.5440957942428319, -0.5440957942428319, -0.5440957942428319, -0.4275917065862007, -0.4275917065862007, -0.416120480018229, -0.416120480018229, -0.416120480018229, -0.416120480018229, -0.41355344075794065, -0.40796590220594453, -0.40796590220594453, -0.403074494782766, -0.403074494782766, -0.403074494782766, -0.3982178927649329, -0.3982178927649329, -0.3981014664606768, -0.3981014664606768, -0.3981014664606768, -0.3981014664606768, -0.3981014664606768, -0.3981014664606768, -0.3981014664606768, -0.3981014664606768, -0.3981014664606768, -0.3981014664606768, -0.3981014664606768, -0.3981014664606768, -0.3981014664606768, -0.3981014664606768, -0.3981014664606768, -0.3981014664606768, -0.3981014664606768, -0.3981014664606768, -0.3981014664606768, -0.3981014664606768, -0.3981014664606768, -0.3981014664606768, -0.3981014664606768, -0.3981014664606768, -0.3981014664606768, -0.3981014664606768, -0.3981014664606768, -0.3981014664606768, -0.3981014664606768]
data points:
values: [-24.129964413622268, -3.156436450015981, -3.156436450015981, -3.156436450015981, -3.156436450015981, -3.156436450015981, -3.156436450015981, -3.156436450015981, -3.156436450015981, -3.156436450015981, -3.156436450015981, -1.3881950455370848, -1.3881950455370848, -1.3881950455370848, -1.3881950455370848, -1.3881950455370848, -0.8982767384760351, -0.5458465207772178, -0.5458465207772178, -0.5458465207772178, -0.5458465207772178, -0.5458465207772178, -0.43001364392046426, -0.43001364392046426, -0.4160604084972359, -0.4160604084972359, -0.4160604084972359, -0.4160604084972359, -0.41388689903157605, -0.4088994252956635, -0.4088994252956635, -0.4036205833105715, -0.4036205833105715, -0.4036205833105715, -0.39808373997248303, -0.39808373997248303, -0.39821274064898127, -0.39821274064898127, -0.39821274064898127, -0.39821274064898127, -0.39821274064898127, -0.39821274064898127, -0.39821274064898127, -0.39821274064898127, -0.39821274064898127, -0.39821274064898127, -0.39821274064898127, -0.39821274064898127, -0.39821274064898127, -0.39821274064898127, -0.39821274064898127, -0.39821274064898127, -0.39821274064898127, -0.39821274064898127, -0.39821274064898127, -0.39821274064898127, -0.39821274064898127, -0.39821274064898127, -0.39821274064898127, -0.39821274064898127, -0.39821274064898127, -0.39821274064898127, -0.39821274064898127, -0.39821274064898127]
Done!
Updating C
C: 2.281173280263063
nu_max: 2.281173280263063
opt_val: -0.398212740649
