('generated stochastic delays:', [array([ 2, 11,  5, ...,  2,  3,  1])])
('test function', 'Branin')
('opt_fidel_cost:', 1.0)
Running Experiment1: 
('total budget:', 600)
Auto Init: 
C: 0.8313313703582592
nu: 0.8313313703582592
Budget Remaining: 591.989618063
Number of MFHOO Instances: 5
Budget per MFHOO Instance:117.397923613
number of HOO: 5
Running SOO number: 1 rho: 0.95 nu: 0.8313313703582592
delay_type: DHOO
policy: UCB1
[0.54882812 0.12402344]
final iterations:28409363
final HOO number of nodes:103
final HOO height:19
final duration:117
final optimal value:-0.528186 
time durations: [0.000988006591796875, 4.006557941436768, 8.011850118637085, 8.021893978118896, 8.02251410484314, 12.031331062316895, 16.037177085876465, 16.038414001464844, 20.040651082992554, 24.04545497894287, 28.064039945602417, 28.064440965652466, 32.06864905357361, 36.07268190383911, 36.07802605628967, 40.083837032318115, 40.08459210395813, 44.09293293952942, 48.09874606132507, 48.09951710700989, 52.106269121170044, 56.109314918518066, 56.10981798171997, 60.11777997016907, 60.11843299865723, 60.11907911300659, 64.13058996200562, 64.13140392303467, 68.14337205886841, 72.14947891235352, 72.15007591247559, 76.16009902954102, 76.16098499298096, 80.17420601844788, 80.17533802986145, 84.18179893493652, 84.18249702453613, 88.19545912742615, 88.19657707214355, 88.19735193252563, 92.22008109092712, 92.22100400924683, 96.22833895683289, 96.22950100898743, 100.23367309570312, 100.23484706878662, 104.24112796783447, 104.24264597892761, 108.24746012687683, 108.24840307235718, 112.2657859325409, 116.26928400993347, 116.27060604095459]
noisy values: [-24.717212720622562, -3.2693864500647454, -3.2693864500647454, -3.2693864500647454, -3.2693864500647454, -3.2693864500647454, -3.2693864500647454, -3.2693864500647454, -3.2693864500647454, -1.878555389133357, -1.1364511705127924, -1.1364511705127924, -1.1364511705127924, -1.1364511705127924, -1.0557382984011134, -0.6921541650187368, -0.6921541650187368, -0.5852528064027673, -0.5852528064027673, -0.5852528064027673, -0.5852528064027673, -0.5852528064027673, -0.5852528064027673, -0.5852528064027673, -0.5852528064027673, -0.5852528064027673, -0.5852528064027673, -0.5852528064027673, -0.5662426882810632, -0.5501386805179802, -0.5501386805179802, -0.5357770412305793, -0.5357770412305793, -0.5357770412305793, -0.5357770412305793, -0.5357770412305793, -0.5357770412305793, -0.5357770412305793, -0.5357770412305793, -0.5357770412305793, -0.5357770412305793, -0.5357770412305793, -0.5357770412305793, -0.5357770412305793, -0.5357770412305793, -0.5357770412305793, -0.5357770412305793, -0.5357770412305793, -0.5281856273705703, -0.5281856273705703, -0.5281856273705703, -0.5281856273705703, -0.5281856273705703]
data points:
values: [-24.129964413622268, -3.156436450015981, -3.156436450015981, -3.156436450015981, -3.156436450015981, -3.156436450015981, -3.156436450015981, -3.156436450015981, -3.156436450015981, -2.065240567292882, -1.2367994993539337, -1.2367994993539337, -1.2367994993539337, -1.2367994993539337, -1.2367994993539337, -1.138531354346135, -0.7604847887383777, -0.7604847887383777, -0.6366682720651493, -0.6366682720651493, -0.6366682720651493, -0.6366682720651493, -0.6366682720651493, -0.6366682720651493, -0.6366682720651493, -0.6366682720651493, -0.6366682720651493, -0.6366682720651493, -0.6366682720651493, -0.6016096509437467, -0.5809771487741298, -0.5809771487741298, -0.5667294360429196, -0.5667294360429196, -0.5667294360429196, -0.5667294360429196, -0.5667294360429196, -0.5667294360429196, -0.5667294360429196, -0.5667294360429196, -0.5667294360429196, -0.5667294360429196, -0.5667294360429196, -0.5667294360429196, -0.5667294360429196, -0.5667294360429196, -0.5667294360429196, -0.5667294360429196, -0.5667294360429196, -0.5564109472988754, -0.5564109472988754, -0.5564109472988754, -0.5564109472988754]
Done!
Running SOO number: 2 rho: 0.937895617656 nu: 0.8313313703582592
delay_type: DHOO
policy: UCB1
[0.54785156 0.12451172]
final iterations:27271953
final HOO number of nodes:97
final HOO height:20
final duration:117
final optimal value:-0.526887 
time durations: [0.00015497207641601562, 4.004589080810547, 4.0054030418396, 8.010630130767822, 8.024555206298828, 12.029299020767212, 16.03663420677185, 20.041515111923218, 24.044950008392334, 28.050806999206543, 28.051717042922974, 32.05864214897156, 36.06138014793396, 40.06607413291931, 40.06747603416443, 44.072291135787964, 44.07289099693298, 48.083250999450684, 52.08981919288635, 52.090782165527344, 56.10489201545715, 60.11510705947876, 60.11655902862549, 64.1284019947052, 64.13654518127441, 64.13709616661072, 68.14565896987915, 68.14628410339355, 72.16926407814026, 72.17014598846436, 76.17647004127502, 76.17712998390198, 80.1896619796753, 80.19056916236877, 84.209055185318, 84.210440158844, 88.21304297447205, 88.21439099311829, 92.23365020751953, 92.23458218574524, 96.24123406410217, 100.25584602355957, 100.2568290233612, 104.26021599769592, 108.26283717155457, 108.26407313346863, 112.27376818656921, 112.27489399909973, 116.28510403633118, 116.28618311882019]
noisy values: [-24.717212720622562, -3.2679029564327937, -3.2679029564327937, -3.2679029564327937, -3.2679029564327937, -3.2679029564327937, -3.2679029564327937, -3.2679029564327937, -1.8918629156095665, -1.8918629156095665, -1.1445319137511394, -1.1445319137511394, -1.0644630178064052, -1.0644630178064052, -0.6999783677789182, -0.6999783677789182, -0.6999783677789182, -0.6999783677789182, -0.5916279001741316, -0.5916279001741316, -0.5916279001741316, -0.5916279001741316, -0.5916279001741316, -0.5709897829325445, -0.5709897829325445, -0.5709897829325445, -0.5709897829325445, -0.5709897829325445, -0.5551841397400423, -0.5551841397400423, -0.5494145851226069, -0.5494145851226069, -0.5384331003380147, -0.5384331003380147, -0.5384331003380147, -0.5384331003380147, -0.5384331003380147, -0.5334135542051062, -0.5334135542051062, -0.5334135542051062, -0.5334135542051062, -0.5334135542051062, -0.5334135542051062, -0.5334135542051062, -0.5334135542051062, -0.5334135542051062, -0.5302838227129936, -0.5302838227129936, -0.5268867840970959, -0.5268867840970959]
data points:
values: [-24.129964413622268, -3.156436450015981, -3.156436450015981, -3.156436450015981, -3.156436450015981, -3.156436450015981, -3.156436450015981, -3.156436450015981, -2.065240567292882, -2.065240567292882, -1.2367994993539337, -1.2367994993539337, -1.2367994993539337, -1.138531354346135, -1.138531354346135, -0.7604847887383777, -0.7604847887383777, -0.7604847887383777, -0.7604847887383777, -0.6366682720651493, -0.6366682720651493, -0.6366682720651493, -0.6366682720651493, -0.6366682720651493, -0.6061414031402013, -0.6061414031402013, -0.6061414031402013, -0.6061414031402013, -0.6061414031402013, -0.5809771487741298, -0.5809771487741298, -0.5802631959207343, -0.5802631959207343, -0.566327834922566, -0.566327834922566, -0.566327834922566, -0.566327834922566, -0.566327834922566, -0.5564109472988754, -0.5564109472988754, -0.5564109472988754, -0.5564109472988754, -0.5564109472988754, -0.5564109472988754, -0.5564109472988754, -0.5564109472988754, -0.5564109472988754, -0.552464239068339, -0.552464239068339, -0.5473032171179568]
Done!
Updating C
C: 1.163863918501563
nu_max: 1.163863918501563
Running SOO number: 3 rho: 0.918063403292 nu: 1.163863918501563
delay_type: DHOO
policy: UCB1
[0.95703125 0.12304688]
final iterations:27587166
final HOO number of nodes:109
final HOO height:24
final duration:117
final optimal value:-0.580130 
time durations: [0.00027489662170410156, 4.003751039505005, 8.008876085281372, 8.010905027389526, 12.01675796508789, 12.017072916030884, 12.017628908157349, 16.03176188468933, 20.04618191719055, 20.047096967697144, 24.066575050354004, 24.06705904006958, 24.067604064941406, 28.075422048568726, 32.08768391609192, 32.09741806983948, 36.10174489021301, 36.10208797454834, 40.11850690841675, 40.11922788619995, 40.13508605957031, 44.12659192085266, 44.13932204246521, 44.14244794845581, 48.13020205497742, 48.14980888366699, 52.13964891433716, 52.14063906669617, 56.146997928619385, 60.14919996261597, 60.1505560874939, 64.15712904930115, 68.1649329662323, 68.16579604148865, 72.17991495132446, 72.18093395233154, 76.19717407226562, 80.20667004585266, 80.20728492736816, 84.21998810768127, 84.22104597091675, 88.2267050743103, 88.2280900478363, 92.23532295227051, 92.23627400398254, 96.24343299865723, 96.24500107765198, 100.25202989578247, 100.25347995758057, 104.26019787788391, 104.26148796081543, 108.28080010414124, 112.2884349822998, 112.28948307037354, 116.302570104599]
noisy values: [-24.717212720622562, -3.2654748262524667, -3.2654748262524667, -3.2654748262524667, -3.2654748262524667, -3.2654748262524667, -3.2654748262524667, -3.2654748262524667, -3.2654748262524667, -3.2654748262524667, -1.4907456254932772, -1.4907456254932772, -1.4907456254932772, -1.4907456254932772, -1.4907456254932772, -1.1548496869191869, -0.9986052367633249, -0.9986052367633249, -0.9986052367633249, -0.9986052367633249, -0.7430638918711985, -0.7430638918711985, -0.7430638918711985, -0.629280661260978, -0.629280661260978, -0.5832202782377891, -0.5832202782377891, -0.5832202782377891, -0.5832202782377891, -0.5832202782377891, -0.5832202782377891, -0.5832202782377891, -0.5832202782377891, -0.5832202782377891, -0.5801297558408329, -0.5801297558408329, -0.5801297558408329, -0.5801297558408329, -0.5801297558408329, -0.5801297558408329, -0.5801297558408329, -0.5801297558408329, -0.5801297558408329, -0.5801297558408329, -0.5801297558408329, -0.5801297558408329, -0.5801297558408329, -0.5801297558408329, -0.5801297558408329, -0.5801297558408329, -0.5801297558408329, -0.5801297558408329, -0.5801297558408329, -0.5801297558408329, -0.5801297558408329]
data points:
values: [-24.129964413622268, -3.156436450015981, -3.156436450015981, -3.156436450015981, -3.156436450015981, -3.156436450015981, -3.156436450015981, -3.156436450015981, -3.156436450015981, -3.156436450015981, -1.3881950455370848, -1.3881950455370848, -1.3881950455370848, -1.3881950455370848, -1.3881950455370848, -1.3881950455370848, -1.6297225052651196, -1.7979222316787116, -1.7979222316787116, -1.7979222316787116, -1.7979222316787116, -1.3090917336242907, -1.3090917336242907, -1.3090917336242907, -1.007178847650561, -1.007178847650561, -0.8501462518079705, -0.8501462518079705, -0.8501462518079705, -0.8501462518079705, -0.8501462518079705, -0.8501462518079705, -0.8501462518079705, -0.8501462518079705, -0.8501462518079705, -0.7475005652342475, -0.7475005652342475, -0.7475005652342475, -0.7475005652342475, -0.7475005652342475, -0.7475005652342475, -0.7475005652342475, -0.7475005652342475, -0.7475005652342475, -0.7475005652342475, -0.7475005652342475, -0.7475005652342475, -0.7475005652342475, -0.7475005652342475, -0.7475005652342475, -0.7475005652342475, -0.7475005652342475, -0.7475005652342475, -0.7475005652342475, -0.7475005652342475]
Done!
Updating C
C: 1.629409485902188
nu_max: 1.629409485902188
Running SOO number: 4 rho: 0.879648189619 nu: 1.629409485902188
delay_type: DHOO
policy: UCB1
[0.54589844 0.12402344]
final iterations:27053373
final HOO number of nodes:115
final HOO height:27
final duration:117
final optimal value:-0.548501 
time durations: [0.0001201629638671875, 4.002511024475098, 8.007755041122437, 8.010925054550171, 12.013751029968262, 16.016205072402954, 16.016727209091187, 20.038207054138184, 20.040423154830933, 24.04175615310669, 24.04228901863098, 28.044783115386963, 28.052544116973877, 32.05080819129944, 32.05870819091797, 36.059025049209595, 36.060219049453735, 36.07997703552246, 40.06538414955139, 40.074702978134155, 40.08747220039368, 44.089476108551025, 44.100553035736084, 48.09299111366272, 48.10555720329285, 48.10623002052307, 48.106943130493164, 52.14586806297302, 56.15189719200134, 56.15292406082153, 60.1712601184845, 60.172245025634766, 64.18089413642883, 68.18683409690857, 68.18814015388489, 72.1986792087555, 72.19941210746765, 76.20371413230896, 76.20473098754883, 80.21105408668518, 84.22416806221008, 84.22485303878784, 84.22571420669556, 88.23672413825989, 92.2457640171051, 92.24771213531494, 96.25374817848206, 96.25476312637329, 96.25573205947876, 96.2568051815033, 100.29193115234375, 100.29291820526123, 104.30439615249634, 104.30567598342896, 108.32042217254639, 112.32812404632568, 112.32965111732483, 116.33791017532349, 116.33898401260376]
noisy values: [-24.717212720622562, -3.2607802524129648, -3.2607802524129648, -3.2607802524129648, -3.2607802524129648, -3.2607802524129648, -3.2607802524129648, -3.2607802524129648, -3.2607802524129648, -1.945824115052984, -1.945824115052984, -1.1765838073790924, -1.1765838073790924, -1.1765838073790924, -1.1765838073790924, -1.1057453990124255, -1.1057453990124255, -1.1057453990124255, -1.1057453990124255, -0.7381225608384039, -0.7381225608384039, -0.622812250043383, -0.622812250043383, -0.622812250043383, -0.622812250043383, -0.622812250043383, -0.622812250043383, -0.622812250043383, -0.622812250043383, -0.622812250043383, -0.622812250043383, -0.622812250043383, -0.5970033067874176, -0.5772474151385527, -0.5772474151385527, -0.5772474151385527, -0.5772474151385527, -0.5772474151385527, -0.5772474151385527, -0.5772474151385527, -0.5772474151385527, -0.5772474151385527, -0.5772474151385527, -0.5752700968798621, -0.5752700968798621, -0.562089879450264, -0.562089879450264, -0.562089879450264, -0.562089879450264, -0.562089879450264, -0.562089879450264, -0.562089879450264, -0.5511030214265098, -0.5511030214265098, -0.5485013948438571, -0.5485013948438571, -0.5485013948438571, -0.5485013948438571, -0.5485013948438571]
data points:
values: [-24.129964413622268, -3.156436450015981, -3.156436450015981, -3.156436450015981, -3.156436450015981, -3.156436450015981, -3.156436450015981, -3.156436450015981, -3.156436450015981, -2.065240567292882, -2.065240567292882, -1.2367994993539337, -1.2367994993539337, -1.2367994993539337, -1.2367994993539337, -1.2367994993539337, -1.138531354346135, -1.138531354346135, -1.138531354346135, -0.7604847887383777, -0.7604847887383777, -0.7604847887383777, -0.6366682720651493, -0.6366682720651493, -0.6366682720651493, -0.6366682720651493, -0.6366682720651493, -0.6366682720651493, -0.6366682720651493, -0.6366682720651493, -0.6366682720651493, -0.6366682720651493, -0.6366682720651493, -0.6016096509437467, -0.5809771487741298, -0.5809771487741298, -0.5809771487741298, -0.5809771487741298, -0.5809771487741298, -0.5809771487741298, -0.5809771487741298, -0.5809771487741298, -0.5809771487741298, -0.5809771487741298, -0.5802631959207343, -0.5802631959207343, -0.566327834922566, -0.566327834922566, -0.566327834922566, -0.566327834922566, -0.566327834922566, -0.566327834922566, -0.566327834922566, -0.5546979199160589, -0.5546979199160589, -0.55160214699157, -0.55160214699157, -0.55160214699157, -0.55160214699157]
Done!
Updating C
C: 2.281173280263063
nu_max: 2.281173280263063
Running SOO number: 5 rho: 0.7737809375 nu: 2.281173280263063
delay_type: DHOO
policy: UCB1
[0.95410156 0.12451172]
final iterations:28432552
final HOO number of nodes:121
final HOO height:28
final duration:117
final optimal value:-0.722157 
time durations: [0.00017404556274414062, 4.0025529861450195, 8.010080099105835, 12.016868114471436, 12.017555952072144, 12.018027067184448, 16.041393041610718, 20.0440731048584, 20.04468011856079, 20.04508900642395, 24.11758804321289, 24.11898899078369, 28.125086069107056, 28.137010097503662, 32.12755608558655, 32.128211975097656, 32.184978008270264, 36.15375900268555, 36.25087904930115, 40.18746995925903, 40.257164001464844, 44.19463396072388, 44.22747206687927, 44.261855125427246, 48.23755216598511, 48.282772064208984, 48.28365612030029, 52.28964900970459, 52.29053997993469, 52.29118514060974, 52.29188799858093, 56.294159173965454, 56.29508709907532, 56.3491051197052, 60.31066417694092, 60.311570167541504, 64.3196530342102, 64.32043313980103, 68.33163094520569, 68.33271598815918, 68.33362197875977, 72.34628009796143, 76.35016012191772, 76.35077095031738, 80.35712814331055, 84.36033415794373, 84.36155796051025, 88.36745500564575, 88.36850500106812, 92.38298296928406, 96.39703607559204, 96.39919209480286, 100.4004271030426, 100.40142297744751, 104.41639614105225, 104.41747617721558, 108.42152404785156, 108.42262816429138, 112.42631196975708, 112.43202209472656, 116.43493008613586, 116.43626713752747]
noisy values: [-24.717212720622562, -3.247902294464346, -3.247902294464346, -3.247902294464346, -3.247902294464346, -3.247902294464346, -3.247902294464346, -3.247902294464346, -3.247902294464346, -3.247902294464346, -2.009170774102186, -2.009170774102186, -2.009170774102186, -2.009170774102186, -1.4355087203606764, -1.4355087203606764, -1.4355087203606764, -1.4355087203606764, -1.4355087203606764, -1.2118846657941535, -1.2118846657941535, -1.2118846657941535, -0.9632301566405808, -0.9632301566405808, -0.8279281709798791, -0.8279281709798791, -0.8279281709798791, -0.8279281709798791, -0.8279281709798791, -0.8279281709798791, -0.8279281709798791, -0.8116160812648019, -0.8116160812648019, -0.8116160812648019, -0.8116160812648019, -0.8116160812648019, -0.7770409282643005, -0.7770409282643005, -0.7770409282643005, -0.7770409282643005, -0.7770409282643005, -0.7447625017958863, -0.7421346207852064, -0.7421346207852064, -0.7268104312315824, -0.7268104312315824, -0.7268104312315824, -0.7268104312315824, -0.7268104312315824, -0.7268104312315824, -0.7268104312315824, -0.7268104312315824, -0.7268104312315824, -0.7268104312315824, -0.7221574478512824, -0.7221574478512824, -0.7221574478512824, -0.7221574478512824, -0.7221574478512824, -0.7221574478512824, -0.7221574478512824, -0.7221574478512824]
data points:
values: [-24.129964413622268, -3.156436450015981, -3.156436450015981, -3.156436450015981, -3.156436450015981, -3.156436450015981, -3.156436450015981, -3.156436450015981, -3.156436450015981, -3.156436450015981, -2.065240567292882, -2.065240567292882, -2.065240567292882, -2.065240567292882, -1.6297225052651196, -1.6297225052651196, -1.6297225052651196, -1.6297225052651196, -1.6297225052651196, -1.3090917336242907, -1.3090917336242907, -1.3090917336242907, -1.007178847650561, -1.007178847650561, -0.8501462518079705, -0.8501462518079705, -0.8501462518079705, -0.8501462518079705, -0.8501462518079705, -0.8501462518079705, -0.8501462518079705, -0.8203796242741888, -0.8203796242741888, -0.8203796242741888, -0.8203796242741888, -0.8203796242741888, -0.7818424849343693, -0.7818424849343693, -0.7818424849343693, -0.7818424849343693, -0.7818424849343693, -0.7475005652342475, -0.7475005652342475, -0.7441521636231876, -0.7283303155484315, -0.7283303155484315, -0.7283303155484315, -0.7283303155484315, -0.7283303155484315, -0.7283303155484315, -0.7283303155484315, -0.7283303155484315, -0.7283303155484315, -0.7283303155484315, -0.7230322190364564, -0.7230322190364564, -0.7230322190364564, -0.7230322190364564, -0.7230322190364564, -0.7230322190364564, -0.7230322190364564, -0.7230322190364564]
Done!
Updating C
C: 3.193642592368288
nu_max: 3.193642592368288
opt_val: -0.547303217118
