('generated stochastic delays:', [array([ 2, 11,  5, ...,  2,  3,  1])])
('test function', 'Branin')
('opt_fidel_cost:', 1.0)
Running Experiment1: 
('total budget:', 600)
Auto Init: 
C: 0.8313313703582592
nu: 0.8313313703582592
Budget Remaining: 591.996551991
Number of MFHOO Instances: 5
Budget per MFHOO Instance:117.399310398
number of HOO: 5
Running SOO number: 1 rho: 0.95 nu: 0.8313313703582592
delay_type: DHOO
policy: UCB1
[0.54492188 0.12304688]
final iterations:29209718
final HOO number of nodes:109
final HOO height:25
final duration:117
final optimal value:-0.541038 
time durations: [0.0015261173248291016, 4.003291130065918, 8.00880217552185, 8.010040998458862, 12.014027118682861, 12.014893054962158, 16.020629167556763, 16.02111315727234, 20.0350821018219, 20.035645008087158, 24.0401291847229, 28.043822050094604, 32.04663300514221, 32.04724621772766, 36.055182218551636, 36.05645298957825, 40.06000304222107, 40.0610511302948, 40.07742118835449, 44.06554102897644, 44.08555817604065, 48.07744216918945, 48.09614706039429, 48.09704303741455, 52.1157591342926, 56.12690305709839, 56.127846002578735, 60.14253115653992, 60.14374613761902, 60.14461016654968, 60.145196199417114, 64.1650710105896, 64.16618204116821, 68.16824507713318, 68.1694610118866, 72.17363405227661, 76.18137907981873, 76.18245220184326, 80.18943810462952, 84.20110821723938, 84.2020971775055, 88.2565381526947, 88.25811100006104, 92.2644591331482, 92.26553201675415, 96.26834917068481, 100.3030161857605, 100.30422520637512, 104.30688714981079, 104.30778503417969, 108.31956005096436, 108.32064199447632, 112.36655616760254, 112.36786222457886, 116.38533520698547]
noisy values: [-24.717212720622562, -3.2693864500647454, -3.2693864500647454, -3.2693864500647454, -3.2693864500647454, -3.2693864500647454, -3.2693864500647454, -3.2693864500647454, -3.2693864500647454, -3.2693864500647454, -3.2693864500647454, -1.896093289038033, -1.1456359583430995, -1.1456359583430995, -1.1456359583430995, -1.1456359583430995, -1.0635391204833997, -1.0635391204833997, -1.0635391204833997, -0.69848433860124, -0.69848433860124, -0.69848433860124, -0.5921694694799395, -0.5921694694799395, -0.5921694694799395, -0.5921694694799395, -0.5921694694799395, -0.5737721814268131, -0.5737721814268131, -0.5737721814268131, -0.5737721814268131, -0.5737721814268131, -0.5737721814268131, -0.5737721814268131, -0.5737721814268131, -0.5566896827336976, -0.5566896827336976, -0.5566896827336976, -0.5566896827336976, -0.5566896827336976, -0.5566896827336976, -0.5566896827336976, -0.5566896827336976, -0.5526383311611038, -0.5526383311611038, -0.5526383311611038, -0.5410380930472538, -0.5410380930472538, -0.5410380930472538, -0.5410380930472538, -0.5410380930472538, -0.5410380930472538, -0.5410380930472538, -0.5410380930472538, -0.5410380930472538]
data points:
values: [-24.129964413622268, -3.156436450015981, -3.156436450015981, -3.156436450015981, -3.156436450015981, -3.156436450015981, -3.156436450015981, -3.156436450015981, -3.156436450015981, -3.156436450015981, -3.156436450015981, -2.065240567292882, -1.2367994993539337, -1.2367994993539337, -1.2367994993539337, -1.2367994993539337, -1.2367994993539337, -1.138531354346135, -1.138531354346135, -1.138531354346135, -0.7604847887383777, -0.7604847887383777, -0.7604847887383777, -0.6366682720651493, -0.6366682720651493, -0.6366682720651493, -0.6366682720651493, -0.6366682720651493, -0.6016096509437467, -0.6016096509437467, -0.6016096509437467, -0.6016096509437467, -0.6016096509437467, -0.6016096509437467, -0.6016096509437467, -0.6016096509437467, -0.5809771487741298, -0.5809771487741298, -0.5809771487741298, -0.5809771487741298, -0.5809771487741298, -0.5809771487741298, -0.5809771487741298, -0.5809771487741298, -0.5802631959207343, -0.5802631959207343, -0.5802631959207343, -0.566327834922566, -0.566327834922566, -0.566327834922566, -0.566327834922566, -0.566327834922566, -0.566327834922566, -0.566327834922566, -0.566327834922566]
Done!
Running SOO number: 2 rho: 0.937895617656 nu: 0.8313313703582592
delay_type: DHOO
policy: UCB1
[0.54785156 0.12451172]
final iterations:28514163
final HOO number of nodes:104
final HOO height:22
final duration:117
final optimal value:-0.528100 
time durations: [0.0002498626708984375, 4.006458044052124, 8.013668060302734, 8.01501202583313, 12.01801586151123, 12.018257856369019, 16.02914595603943, 20.03766703605652, 24.041008949279785, 24.04192590713501, 28.04973292350769, 32.05364990234375, 32.05429005622864, 36.078295946121216, 36.07888388633728, 40.082720041275024, 40.08316493034363, 44.09898400306702, 44.100050926208496, 48.10361099243164, 52.106236934661865, 52.10713291168213, 56.13392901420593, 60.14121103286743, 60.142534017562866, 64.15218186378479, 64.15374493598938, 68.16006994247437, 72.17574000358582, 76.18168306350708, 76.18313002586365, 76.18392491340637, 80.1953399181366, 80.1965639591217, 80.20824003219604, 80.20913195610046, 84.23583793640137, 84.23761105537415, 88.24255394935608, 88.2431058883667, 92.27076387405396, 96.27274703979492, 96.27489399909973, 100.27993488311768, 100.2810230255127, 104.28436803817749, 104.29647207260132, 104.29782199859619, 108.30718302726746, 108.30822896957397, 112.32635688781738, 112.3275818824768, 116.33354902267456, 116.3345239162445]
noisy values: [-24.717212720622562, -3.2679029564327937, -3.2679029564327937, -3.2679029564327937, -3.2679029564327937, -3.2679029564327937, -3.2679029564327937, -1.8918629156095665, -1.1445319137511394, -1.1445319137511394, -1.0644630178064052, -1.0644630178064052, -1.0644630178064052, -0.6999783677789182, -0.6999783677789182, -0.6999783677789182, -0.6999783677789182, -0.5916279001741316, -0.5916279001741316, -0.5916279001741316, -0.5916279001741316, -0.5916279001741316, -0.5916279001741316, -0.5734339827913555, -0.5734339827913555, -0.5734339827913555, -0.5734339827913555, -0.5734339827913555, -0.5734339827913555, -0.5734339827913555, -0.5734339827913555, -0.5566896827336976, -0.5566896827336976, -0.5566896827336976, -0.5566896827336976, -0.5566896827336976, -0.5427028329787884, -0.5427028329787884, -0.5347699074614916, -0.5347699074614916, -0.5347699074614916, -0.5347699074614916, -0.5347699074614916, -0.5347699074614916, -0.5347699074614916, -0.5347699074614916, -0.5347699074614916, -0.5347699074614916, -0.531599228169032, -0.531599228169032, -0.52810011177578, -0.52810011177578, -0.52810011177578, -0.52810011177578]
data points:
values: [-24.129964413622268, -3.156436450015981, -3.156436450015981, -3.156436450015981, -3.156436450015981, -3.156436450015981, -3.156436450015981, -2.065240567292882, -2.065240567292882, -1.5558195280357747, -1.5558195280357747, -1.138531354346135, -1.138531354346135, -1.138531354346135, -0.7604847887383777, -0.7604847887383777, -0.7604847887383777, -0.7604847887383777, -0.6366682720651493, -0.6366682720651493, -0.6366682720651493, -0.6366682720651493, -0.6366682720651493, -0.6366682720651493, -0.6016096509437467, -0.6016096509437467, -0.6016096509437467, -0.6016096509437467, -0.6016096509437467, -0.6016096509437467, -0.6016096509437467, -0.6016096509437467, -0.5809771487741298, -0.5809771487741298, -0.5809771487741298, -0.5809771487741298, -0.5809771487741298, -0.5667294360429196, -0.5667294360429196, -0.5564109472988754, -0.5564109472988754, -0.5564109472988754, -0.5564109472988754, -0.5564109472988754, -0.5564109472988754, -0.5564109472988754, -0.5564109472988754, -0.5564109472988754, -0.5564109472988754, -0.552464239068339, -0.552464239068339, -0.5473032171179568, -0.5473032171179568, -0.5473032171179568]
Done!
Updating C
C: 1.163863918501563
nu_max: 1.163863918501563
Running SOO number: 3 rho: 0.918063403292 nu: 1.163863918501563
delay_type: DHOO
policy: UCB1
[0.54882812 0.12304688]
final iterations:27164444
final HOO number of nodes:119
final HOO height:29
final duration:117
final optimal value:-0.558720 
time durations: [0.00014019012451171875, 4.00528621673584, 8.035404205322266, 8.04193115234375, 12.046423196792603, 12.047338008880615, 12.048184156417847, 16.070921182632446, 20.080599069595337, 20.081194162368774, 24.086552143096924, 28.099147081375122, 28.099858045578003, 32.12633013725281, 36.12976312637329, 36.14677715301514, 40.14821410179138, 40.1552951335907, 44.15449118614197, 44.172914028167725, 48.16909217834473, 48.169594049453735, 48.26569604873657, 52.17349600791931, 52.174161195755005, 52.279672145843506, 52.28054904937744, 52.30808210372925, 56.189038038253784, 56.29950404167175, 56.31621313095093, 56.31674122810364, 60.201048135757446, 60.349608182907104, 64.20696210861206, 64.36682510375977, 68.21648812294006, 68.21757102012634, 72.2289252281189, 76.23769211769104, 76.23872518539429, 80.25070905685425, 80.25208711624146, 84.29591608047485, 88.30876612663269, 88.30980610847473, 88.31112122535706, 92.32259321212769, 92.32382106781006, 92.32467103004456, 96.35135221481323, 96.3528790473938, 100.3791491985321, 100.38087916374207, 104.40166807174683, 104.40304517745972, 108.42379117012024, 112.43238711357117, 112.4337592124939, 116.45154213905334, 116.45274806022644]
noisy values: [-24.717212720622562, -3.2654748262524667, -3.2654748262524667, -3.2654748262524667, -3.2654748262524667, -3.2654748262524667, -3.2654748262524667, -3.2654748262524667, -3.2654748262524667, -3.2654748262524667, -1.500308331327556, -1.500308331327556, -1.500308331327556, -1.500308331327556, -1.500308331327556, -1.156671900558825, -1.156671900558825, -1.156671900558825, -1.0770700138480773, -1.0770700138480773, -0.7111676803640314, -0.7111676803640314, -0.7111676803640314, -0.7111676803640314, -0.7111676803640314, -0.6034700420821348, -0.6034700420821348, -0.6034700420821348, -0.6034700420821348, -0.6034700420821348, -0.6034700420821348, -0.6034700420821348, -0.6034700420821348, -0.6034700420821348, -0.6034700420821348, -0.5889604919338645, -0.5889604919338645, -0.5889604919338645, -0.5711471729879829, -0.5711471729879829, -0.5686339621589411, -0.5686339621589411, -0.5686339621589411, -0.5686339621589411, -0.5686339621589411, -0.5686339621589411, -0.5686339621589411, -0.5686339621589411, -0.5686339621589411, -0.5686339621589411, -0.5686339621589411, -0.5686339621589411, -0.5686339621589411, -0.5686339621589411, -0.5587196795228149, -0.5587196795228149, -0.5587196795228149, -0.5587196795228149, -0.5587196795228149, -0.5587196795228149, -0.5587196795228149]
data points:
values: [-24.129964413622268, -3.156436450015981, -3.156436450015981, -3.156436450015981, -3.156436450015981, -3.156436450015981, -3.156436450015981, -3.156436450015981, -3.156436450015981, -3.156436450015981, -1.3881950455370848, -1.3881950455370848, -1.3881950455370848, -1.3881950455370848, -1.3881950455370848, -1.3881950455370848, -1.2367994993539337, -1.2367994993539337, -1.2367994993539337, -1.138531354346135, -1.138531354346135, -0.7604847887383777, -0.7604847887383777, -0.7604847887383777, -0.7604847887383777, -0.7604847887383777, -0.6366682720651493, -0.6366682720651493, -0.6366682720651493, -0.6366682720651493, -0.6366682720651493, -0.6366682720651493, -0.6366682720651493, -0.6366682720651493, -0.6366682720651493, -0.6366682720651493, -0.6016096509437467, -0.6016096509437467, -0.6016096509437467, -0.5809771487741298, -0.5809771487741298, -0.5802631959207343, -0.5802631959207343, -0.5802631959207343, -0.5802631959207343, -0.5802631959207343, -0.5802631959207343, -0.5802631959207343, -0.5802631959207343, -0.5802631959207343, -0.5802631959207343, -0.5802631959207343, -0.5802631959207343, -0.5802631959207343, -0.5802631959207343, -0.5667294360429196, -0.5667294360429196, -0.5667294360429196, -0.5667294360429196, -0.5667294360429196, -0.5667294360429196]
Done!
Updating C
C: 1.629409485902188
nu_max: 1.629409485902188
Running SOO number: 4 rho: 0.879648189619 nu: 1.629409485902188
delay_type: DHOO
policy: UCB1
[0.54492188 0.12402344]
final iterations:23476202
final HOO number of nodes:125
final HOO height:30
final duration:117
final optimal value:-0.552799 
time durations: [0.00023984909057617188, 4.006685972213745, 4.007124900817871, 4.027195930480957, 8.013057947158813, 8.039413928985596, 8.05496096611023, 12.02380084991455, 12.068975925445557, 16.04718589782715, 16.09099292755127, 20.058286905288696, 20.096375942230225, 24.06669592857361, 24.067771911621094, 28.088510036468506, 28.089818000793457, 32.098986864089966, 32.099639892578125, 36.10812306404114, 36.134312868118286, 40.1156120300293, 40.1330189704895, 40.14542484283447, 44.142072916030884, 44.148337841033936, 44.167428970336914, 48.17634105682373, 48.199970960617065, 52.20666289329529, 52.21794605255127, 52.21867895126343, 56.23094201087952, 56.231446981430054, 60.281429052352905, 60.28286290168762, 64.29464101791382, 64.2953269481659, 68.31924390792847, 72.33070993423462, 72.3318259716034, 76.34443783760071, 80.36030006408691, 80.3614649772644, 84.3935489654541, 84.39441204071045, 88.41089296340942, 88.41188502311707, 92.42798399925232, 92.42909598350525, 96.44399189949036, 96.44503903388977, 96.44596695899963, 100.46786403656006, 100.46893405914307, 100.4701600074768, 104.51917600631714, 104.52129697799683, 108.53212690353394, 108.53347492218018, 112.58037686347961, 112.58175086975098, 116.59093999862671, 116.59173798561096]
noisy values: [-24.717212720622562, -24.717212720622562, -24.717212720622562, -3.2607802524129648, -3.2607802524129648, -3.2607802524129648, -3.2607802524129648, -3.2607802524129648, -3.2607802524129648, -3.2607802524129648, -3.2607802524129648, -3.2607802524129648, -3.2607802524129648, -3.2607802524129648, -3.2607802524129648, -1.9930215067469916, -1.9930215067469916, -1.2083254772354355, -1.2083254772354355, -1.2083254772354355, -1.2083254772354355, -1.2083254772354355, -1.118790080549683, -1.118790080549683, -1.118790080549683, -0.7451822590073096, -0.7451822590073096, -0.6271882639203561, -0.6271882639203561, -0.6271882639203561, -0.6271882639203561, -0.6271882639203561, -0.6271882639203561, -0.6271882639203561, -0.6271882639203561, -0.6271882639203561, -0.5984655986879925, -0.5984655986879925, -0.5784317387254312, -0.5784317387254312, -0.5784317387254312, -0.5772653161429009, -0.5772653161429009, -0.5772653161429009, -0.5772653161429009, -0.5772653161429009, -0.5772653161429009, -0.5772653161429009, -0.5772653161429009, -0.5772653161429009, -0.5643842380899109, -0.5643842380899109, -0.5643842380899109, -0.5544312980952029, -0.5544312980952029, -0.5544312980952029, -0.5544312980952029, -0.5544312980952029, -0.5527991977683193, -0.5527991977683193, -0.5527991977683193, -0.5527991977683193, -0.5527991977683193, -0.5527991977683193]
data points:
values: [-24.129964413622268, -24.129964413622268, -24.129964413622268, -3.156436450015981, -3.156436450015981, -3.156436450015981, -3.156436450015981, -3.156436450015981, -3.156436450015981, -3.156436450015981, -3.156436450015981, -3.156436450015981, -3.156436450015981, -3.156436450015981, -3.156436450015981, -2.065240567292882, -2.065240567292882, -1.2367994993539337, -1.2367994993539337, -1.2367994993539337, -1.2367994993539337, -1.2367994993539337, -1.2367994993539337, -1.138531354346135, -1.138531354346135, -0.7604847887383777, -0.7604847887383777, -0.7604847887383777, -0.6366682720651493, -0.6366682720651493, -0.6366682720651493, -0.6366682720651493, -0.6366682720651493, -0.6366682720651493, -0.6366682720651493, -0.6366682720651493, -0.6366682720651493, -0.6016096509437467, -0.6016096509437467, -0.5809771487741298, -0.5809771487741298, -0.5809771487741298, -0.5802631959207343, -0.5802631959207343, -0.5802631959207343, -0.5802631959207343, -0.5802631959207343, -0.5802631959207343, -0.5802631959207343, -0.5802631959207343, -0.5802631959207343, -0.5667294360429196, -0.5667294360429196, -0.5667294360429196, -0.5564109472988754, -0.5564109472988754, -0.5564109472988754, -0.5564109472988754, -0.5564109472988754, -0.5546979199160589, -0.5546979199160589, -0.5546979199160589, -0.5546979199160589, -0.5546979199160589]
Done!
Updating C
C: 2.281173280263063
nu_max: 2.281173280263063
Running SOO number: 5 rho: 0.7737809375 nu: 2.281173280263063
delay_type: DHOO
policy: UCB1
[0.5625 0.1875]
final iterations:15641031
final HOO number of nodes:29
final HOO height:11
final duration:578
final optimal value:-1.406122 
time durations: [0.0001461505889892578, 4.004075050354004, 8.01164698600769, 8.012400150299072, 8.012911081314087, 12.014527082443237, 12.023951053619385, 16.031466007232666, 20.031814098358154, 20.032153129577637, 24.042335033416748, 24.043506145477295, 24.04419207572937, 28.058227062225342, 32.06136703491211]
noisy values: [-24.717212720622562, -3.247902294464346, -3.247902294464346, -3.247902294464346, -3.247902294464346, -3.247902294464346, -3.247902294464346, -3.247902294464346, -3.247902294464346, -3.247902294464346, -1.4061219464503463, -1.4061219464503463, -1.4061219464503463, -1.4061219464503463, -1.4061219464503463]
data points:
values: [-24.129964413622268, -3.156436450015981, -3.156436450015981, -3.156436450015981, -3.156436450015981, -3.156436450015981, -3.156436450015981, -3.156436450015981, -3.156436450015981, -3.156436450015981, -1.3881950455370848, -1.3881950455370848, -1.3881950455370848, -1.3881950455370848, -1.3881950455370848]
Done!
Updating C
C: 3.193642592368288
nu_max: 3.193642592368288
opt_val: -0.547303217118
