('generated stochastic delays:', [array([ 2, 11,  5, ...,  2,  3,  1])])
('test function', 'Branin')
('opt_fidel_cost:', 1.0)
Running Experiment1: 
('total budget:', 600)
Auto Init: 
C: 0.8313313703582592
nu: 0.8313313703582592
Budget Remaining: 591.991391182
Number of MFHOO Instances: 6
Budget per MFHOO Instance:97.6652318637
number of HOO: 6
Running SOO number: 1 rho: 0.95 nu: 0.8313313703582592
delay_type: DHOO
policy: UCB1
[0.54296875 0.12304688]
final iterations:23423024
final HOO number of nodes:93
final HOO height:22
final duration:97
final optimal value:-0.549790 
time durations: [0.0011720657348632812, 4.002079010009766, 8.003268003463745, 8.01353406906128, 12.019459962844849, 12.01990795135498, 12.020909070968628, 16.0230610370636, 16.02358603477478, 16.024214029312134, 20.02983593940735, 20.03037190437317, 20.031296014785767, 20.0361430644989, 24.03909707069397, 24.056287050247192, 24.05703902244568, 28.063714027404785, 28.064560890197754, 32.07746696472168, 36.0813410282135, 36.08312106132507, 40.090331077575684, 44.09210395812988, 48.09785604476929, 48.099180936813354, 52.11194109916687, 56.11559796333313, 56.116610050201416, 60.123586893081665, 64.12904191017151, 64.12992906570435, 68.13426804542542, 72.1443920135498, 72.14574408531189, 76.15241408348083, 80.1590850353241, 80.16039109230042, 84.16458010673523, 84.16576099395752, 84.16650605201721, 88.18454003334045, 88.18538808822632, 92.19416904449463, 92.19528198242188, 92.19665503501892, 96.20082902908325]
noisy values: [-24.717212720622562, -3.2693864500647454, -3.2693864500647454, -3.2693864500647454, -3.2693864500647454, -3.2693864500647454, -3.2693864500647454, -3.2693864500647454, -3.2693864500647454, -3.2693864500647454, -3.2693864500647454, -3.2693864500647454, -3.2693864500647454, -3.2693864500647454, -1.5199296376694846, -1.5199296376694846, -1.5199296376694846, -1.1456359583430995, -1.1456359583430995, -1.1456359583430995, -1.1456359583430995, -1.0706297241276026, -0.7042589157277543, -0.7042589157277543, -0.5942754909220493, -0.5942754909220493, -0.5942754909220493, -0.5942754909220493, -0.5942754909220493, -0.5942754909220493, -0.5942754909220493, -0.5942754909220493, -0.5723963420715954, -0.5723963420715954, -0.5723963420715954, -0.5554919798313289, -0.5554919798313289, -0.5554919798313289, -0.5554919798313289, -0.5554919798313289, -0.5554919798313289, -0.5554919798313289, -0.5554919798313289, -0.5554919798313289, -0.5554919798313289, -0.5554919798313289, -0.5497896729375551]
data points:
values: [-24.129964413622268, -3.156436450015981, -3.156436450015981, -3.156436450015981, -3.156436450015981, -3.156436450015981, -3.156436450015981, -3.156436450015981, -3.156436450015981, -3.156436450015981, -3.156436450015981, -3.156436450015981, -3.156436450015981, -3.156436450015981, -1.3881950455370848, -1.3881950455370848, -1.3881950455370848, -1.3881950455370848, -1.2367994993539337, -1.2367994993539337, -1.2367994993539337, -1.2367994993539337, -1.138531354346135, -0.7604847887383777, -0.7604847887383777, -0.6366682720651493, -0.6366682720651493, -0.6366682720651493, -0.6366682720651493, -0.6366682720651493, -0.6366682720651493, -0.6366682720651493, -0.6366682720651493, -0.6016096509437467, -0.6016096509437467, -0.6016096509437467, -0.5809771487741298, -0.5809771487741298, -0.5809771487741298, -0.5809771487741298, -0.5809771487741298, -0.5809771487741298, -0.5809771487741298, -0.5809771487741298, -0.5809771487741298, -0.5809771487741298, -0.5809771487741298]
Done!
Running SOO number: 2 rho: 0.940304092603 nu: 0.8313313703582592
delay_type: DHOO
policy: UCB1
[0.9609375  0.12109375]
final iterations:24666887
final HOO number of nodes:87
final HOO height:18
final duration:97
final optimal value:-0.461653 
time durations: [0.00038695335388183594, 4.005955934524536, 8.011258125305176, 8.011461973190308, 12.020013093948364, 12.020612001419067, 12.021145105361938, 16.048941135406494, 16.05008602142334, 20.05497908592224, 20.05598497390747, 20.05647611618042, 20.05689311027527, 24.06638193130493, 24.067098140716553, 28.073879957199097, 28.07477903366089, 32.079314947128296, 32.09116005897522, 36.09624099731445, 40.10051107406616, 44.10686898231506, 44.107439041137695, 44.10791301727295, 48.12241196632385, 52.128490924835205, 52.130321979522705, 56.13283705711365, 60.13836598396301, 60.13929605484009, 64.14628195762634, 68.15947413444519, 68.1605920791626, 72.16893601417542, 72.16992712020874, 76.17861413955688, 76.17953205108643, 80.1864869594574, 84.19019508361816, 84.19243812561035, 88.20581698417664, 92.21004104614258, 92.2110550403595, 96.21570205688477, 96.2170181274414]
noisy values: [-24.717212720622562, -3.2681980440284217, -3.2681980440284217, -3.2681980440284217, -3.2681980440284217, -3.2681980440284217, -3.2681980440284217, -3.2681980440284217, -3.2681980440284217, -3.2681980440284217, -1.889276217017569, -1.889276217017569, -1.889276217017569, -1.889276217017569, -1.4851516732517869, -1.142965453025333, -1.142965453025333, -1.142965453025333, -1.0818159705734196, -0.8180813488795238, -0.6151533526775061, -0.5447332125901951, -0.5447332125901951, -0.5447332125901951, -0.5447332125901951, -0.5059914020339864, -0.5059914020339864, -0.5059914020339864, -0.4795160404843326, -0.4795160404843326, -0.4795160404843326, -0.4616525563173308, -0.4616525563173308, -0.4616525563173308, -0.4616525563173308, -0.4616525563173308, -0.4616525563173308, -0.4616525563173308, -0.4616525563173308, -0.4616525563173308, -0.4616525563173308, -0.4616525563173308, -0.4616525563173308, -0.4616525563173308, -0.4616525563173308]
data points:
values: [-24.129964413622268, -3.156436450015981, -3.156436450015981, -3.156436450015981, -3.156436450015981, -3.156436450015981, -3.156436450015981, -3.156436450015981, -3.156436450015981, -3.156436450015981, -2.065240567292882, -2.065240567292882, -2.065240567292882, -2.065240567292882, -2.065240567292882, -2.580807557829406, -1.2367994993539337, -1.2367994993539337, -1.2367994993539337, -1.6297225052651196, -1.7979222316787116, -1.3090917336242907, -1.007178847650561, -1.007178847650561, -1.007178847650561, -1.007178847650561, -0.8501462518079705, -0.8501462518079705, -0.8501462518079705, -0.8999343203442578, -0.8999343203442578, -0.8999343203442578, -0.8203796242741888, -0.8203796242741888, -0.8203796242741888, -0.8203796242741888, -0.8203796242741888, -0.8203796242741888, -0.8203796242741888, -0.8203796242741888, -0.8203796242741888, -0.8203796242741888, -0.8203796242741888, -0.8203796242741888, -0.8203796242741888]
Done!
Updating C
C: 1.163863918501563
nu_max: 1.163863918501563
Running SOO number: 3 rho: 0.925945462757 nu: 1.163863918501563
delay_type: DHOO
policy: UCB1
[0.54882812 0.12402344]
final iterations:25354515
final HOO number of nodes:89
final HOO height:23
final duration:97
final optimal value:-0.542519 
time durations: [0.0002830028533935547, 4.006852865219116, 8.011413812637329, 8.012391805648804, 8.012925863265991, 12.019321918487549, 12.019792795181274, 16.02502679824829, 16.02551794052124, 20.032076835632324, 20.03253984451294, 24.04472279548645, 28.062314987182617, 32.06982088088989, 32.07055687904358, 36.08282399177551, 36.09316897392273, 40.10098600387573, 40.101584911346436, 44.10879397392273, 48.11824178695679, 52.123087882995605, 52.12416386604309, 56.137059926986694, 56.138367891311646, 60.14077091217041, 60.15691781044006, 60.15801382064819, 64.16286492347717, 64.16413283348083, 68.16987681388855, 72.19097900390625, 72.19192790985107, 76.20633792877197, 76.20725297927856, 80.21856784820557, 80.21937584877014, 84.22853994369507, 84.22978281974792, 88.23560881614685, 88.24296379089355, 88.24412679672241, 92.25173282623291, 92.25259280204773, 96.2645947933197, 96.26559686660767]
noisy values: [-24.717212720622562, -3.266439487541179, -3.266439487541179, -3.266439487541179, -3.266439487541179, -3.266439487541179, -3.266439487541179, -3.266439487541179, -3.266439487541179, -3.266439487541179, -3.266439487541179, -3.266439487541179, -1.936532377007424, -1.1687058976230649, -1.1687058976230649, -1.1687058976230649, -1.1687058976230649, -1.085632060111573, -1.085632060111573, -0.720692760690314, -0.6073222899102397, -0.6073222899102397, -0.6073222899102397, -0.6073222899102397, -0.6073222899102397, -0.6073222899102397, -0.6073222899102397, -0.6073222899102397, -0.5827818233183493, -0.5827818233183493, -0.5827818233183493, -0.564939964133103, -0.564939964133103, -0.564939964133103, -0.564939964133103, -0.564939964133103, -0.564939964133103, -0.5511063509707501, -0.5511063509707501, -0.5425187091689025, -0.5425187091689025, -0.5425187091689025, -0.5425187091689025, -0.5425187091689025, -0.5425187091689025, -0.5425187091689025]
data points:
values: [-24.129964413622268, -3.156436450015981, -3.156436450015981, -3.156436450015981, -3.156436450015981, -3.156436450015981, -3.156436450015981, -3.156436450015981, -3.156436450015981, -3.156436450015981, -3.156436450015981, -3.156436450015981, -2.065240567292882, -1.2367994993539337, -1.2367994993539337, -1.2367994993539337, -1.2367994993539337, -1.2367994993539337, -1.138531354346135, -1.138531354346135, -0.7604847887383777, -0.6366682720651493, -0.6366682720651493, -0.6366682720651493, -0.6366682720651493, -0.6366682720651493, -0.6366682720651493, -0.6366682720651493, -0.6366682720651493, -0.6016096509437467, -0.6016096509437467, -0.6016096509437467, -0.5809771487741298, -0.5809771487741298, -0.5809771487741298, -0.5809771487741298, -0.5809771487741298, -0.5809771487741298, -0.5667294360429196, -0.5667294360429196, -0.5564109472988754, -0.5564109472988754, -0.5564109472988754, -0.5564109472988754, -0.5564109472988754, -0.5564109472988754]
Done!
Updating C
C: 1.629409485902188
nu_max: 1.629409485902188
Running SOO number: 4 rho: 0.9025 nu: 1.629409485902188
delay_type: DHOO
policy: UCB1
[0.54296875 0.12304688]
final iterations:19365594
final HOO number of nodes:102
final HOO height:30
final duration:97
final optimal value:-0.561753 
time durations: [0.00016498565673828125, 4.004114151000977, 4.004764080047607, 4.00516414642334, 8.006811141967773, 8.019566059112549, 12.01185417175293, 12.025050163269043, 16.01959204673767, 16.037429094314575, 20.02473211288452, 20.038769006729126, 24.031038999557495, 24.041346073150635, 24.042028188705444, 28.038331031799316, 28.05529499053955, 28.055859088897705, 32.060012102127075, 32.06796598434448, 36.063518047332764, 36.07324814796448, 40.07143712043762, 40.07847619056702, 40.09219813346863, 44.08889818191528, 44.10126519203186, 48.093670129776, 48.1179940700531, 48.118932008743286, 52.141974210739136, 52.14275813102722, 56.19671416282654, 56.19819402694702, 60.202869176864624, 60.20386719703674, 64.22141599655151, 68.2261061668396, 68.22717499732971, 72.236652135849, 76.24303412437439, 76.24431705474854, 80.25693607330322, 80.25991916656494, 84.26613211631775, 88.27609419822693, 88.27726316452026, 88.27861714363098, 92.2169291973114, 92.2184910774231, 96.22480320930481, 96.2258870601654]
noisy values: [-24.717212720622562, -3.2635714940076213, -3.2635714940076213, -3.2635714940076213, -3.2635714940076213, -3.2635714940076213, -3.2635714940076213, -3.2635714940076213, -3.2635714940076213, -3.2635714940076213, -3.2635714940076213, -3.2635714940076213, -1.9723137954328909, -1.9723137954328909, -1.9723137954328909, -1.9723137954328909, -1.1931851533626148, -1.1931851533626148, -1.1931851533626148, -1.1931851533626148, -1.11242748145167, -1.11242748145167, -1.11242748145167, -0.7397528536665501, -0.7397528536665501, -0.6231575473619486, -0.6231575473619486, -0.6231575473619486, -0.6231575473619486, -0.6231575473619486, -0.6231575473619486, -0.6231575473619486, -0.6231575473619486, -0.6231575473619486, -0.6231575473619486, -0.6231575473619486, -0.5962448224502843, -0.5962448224502843, -0.5962448224502843, -0.5765212663169201, -0.5765212663169201, -0.5765212663169201, -0.5765212663169201, -0.5765212663169201, -0.5765212663169201, -0.5765212663169201, -0.5765212663169201, -0.5765212663169201, -0.5750092223783358, -0.5750092223783358, -0.5750092223783358, -0.5750092223783358]
data points:
values: [-24.129964413622268, -3.156436450015981, -3.156436450015981, -3.156436450015981, -3.156436450015981, -3.156436450015981, -3.156436450015981, -3.156436450015981, -3.156436450015981, -3.156436450015981, -3.156436450015981, -3.156436450015981, -2.065240567292882, -2.065240567292882, -2.065240567292882, -2.065240567292882, -1.2367994993539337, -1.2367994993539337, -1.2367994993539337, -1.2367994993539337, -1.2367994993539337, -1.138531354346135, -1.138531354346135, -0.7604847887383777, -0.7604847887383777, -0.7604847887383777, -0.6366682720651493, -0.6366682720651493, -0.6366682720651493, -0.6366682720651493, -0.6366682720651493, -0.6366682720651493, -0.6366682720651493, -0.6366682720651493, -0.6366682720651493, -0.6366682720651493, -0.6366682720651493, -0.6016096509437467, -0.6016096509437467, -0.6016096509437467, -0.5809771487741298, -0.5809771487741298, -0.5809771487741298, -0.5809771487741298, -0.5809771487741298, -0.5809771487741298, -0.5809771487741298, -0.5809771487741298, -0.5809771487741298, -0.5802631959207343, -0.5802631959207343, -0.5802631959207343]
Done!
Updating C
C: 2.281173280263063
nu_max: 2.281173280263063
Running SOO number: 5 rho: 0.857375 nu: 2.281173280263063
delay_type: DHOO
policy: UCB1
[0.54882812 0.12402344]
final iterations:19966422
final HOO number of nodes:90
final HOO height:20
final duration:97
final optimal value:-0.551937 
time durations: [0.00014901161193847656, 4.004884958267212, 4.005879878997803, 4.006375074386597, 8.012417078018188, 12.027891874313354, 16.02976393699646, 16.034024953842163, 16.03451895713806, 20.047730922698975, 20.048412084579468, 20.04893398284912, 24.05478596687317, 28.059072017669678, 28.06035804748535, 32.0653510093689, 36.07981300354004, 36.087307929992676, 40.094242095947266, 44.101736068725586, 44.120331048965454, 44.12113904953003, 48.13568902015686, 52.140904903411865, 52.14202094078064, 56.14945387840271, 60.15574598312378, 60.156490087509155, 64.17524600028992, 64.17793393135071, 68.18070006370544, 68.18159794807434, 72.18560791015625, 72.18638896942139, 72.18733406066895, 76.20238304138184, 76.20326805114746, 80.21877193450928, 80.2196249961853, 84.22297501564026, 88.23594403266907, 88.2370400428772, 92.23945093154907, 92.24069309234619, 96.24592709541321, 96.2474639415741, 96.24868392944336]
noisy values: [-24.717212720622562, -3.258063612718683, -3.258063612718683, -3.258063612718683, -3.258063612718683, -3.258063612718683, -3.258063612718683, -3.258063612718683, -3.258063612718683, -1.9624894106205808, -1.9624894106205808, -1.9624894106205808, -1.1931851533626148, -1.1931851533626148, -1.1931851533626148, -1.1931851533626148, -1.1931851533626148, -1.1096422866229165, -0.7386795239413146, -0.7386795239413146, -0.6217234905041309, -0.6217234905041309, -0.6217234905041309, -0.6217234905041309, -0.6217234905041309, -0.5939611248747685, -0.5939611248747685, -0.5939611248747685, -0.5939611248747685, -0.5939611248747685, -0.5749372760242153, -0.5749372760242153, -0.561295859621179, -0.561295859621179, -0.561295859621179, -0.5519370471770149, -0.5519370471770149, -0.5519370471770149, -0.5519370471770149, -0.5519370471770149, -0.5519370471770149, -0.5519370471770149, -0.5519370471770149, -0.5519370471770149, -0.5519370471770149, -0.5519370471770149, -0.5519370471770149]
data points:
values: [-24.129964413622268, -3.156436450015981, -3.156436450015981, -3.156436450015981, -3.156436450015981, -3.156436450015981, -3.156436450015981, -3.156436450015981, -3.156436450015981, -2.065240567292882, -2.065240567292882, -2.065240567292882, -1.2367994993539337, -1.2367994993539337, -1.2367994993539337, -1.2367994993539337, -1.2367994993539337, -1.2367994993539337, -1.138531354346135, -0.7604847887383777, -0.7604847887383777, -0.6366682720651493, -0.6366682720651493, -0.6366682720651493, -0.6366682720651493, -0.6366682720651493, -0.6016096509437467, -0.6016096509437467, -0.6016096509437467, -0.6016096509437467, -0.6016096509437467, -0.5809771487741298, -0.5809771487741298, -0.5667294360429196, -0.5667294360429196, -0.5667294360429196, -0.5564109472988754, -0.5564109472988754, -0.5564109472988754, -0.5564109472988754, -0.5564109472988754, -0.5564109472988754, -0.5564109472988754, -0.5564109472988754, -0.5564109472988754, -0.5564109472988754, -0.5564109472988754]
Done!
Updating C
C: 3.193642592368288
nu_max: 3.193642592368288
Running SOO number: 6 rho: 0.735091890625 nu: 3.193642592368288
delay_type: DHOO
policy: UCB1
[0.54882812 0.12402344]
final iterations:21142754
final HOO number of nodes:99
final HOO height:25
final duration:97
final optimal value:-0.556366 
time durations: [0.00020003318786621094, 4.00508713722229, 4.005561113357544, 8.017316102981567, 8.018424987792969, 12.021003007888794, 12.021804094314575, 16.027740955352783, 16.028797149658203, 20.034587144851685, 20.035040140151978, 24.048362016677856, 24.04886794090271, 28.059021949768066, 28.059520959854126, 32.06497502326965, 32.06595206260681, 36.07196497917175, 36.08026695251465, 40.08040404319763, 40.08115911483765, 40.09641194343567, 44.08762502670288, 44.0911021232605, 44.10585594177246, 48.09557104110718, 48.11572313308716, 52.10618710517883, 52.12853503227234, 56.10975694656372, 56.11037993431091, 56.111199140548706, 60.1590211391449, 60.160128116607666, 64.17842292785645, 64.17944693565369, 68.18936109542847, 68.19032001495361, 72.19589400291443, 76.20274209976196, 76.20371103286743, 80.20985698699951, 80.21063899993896, 84.22157907485962, 84.22254395484924, 88.228266954422, 88.22953510284424, 92.23693299293518, 92.23883104324341, 96.25485897064209]
noisy values: [-24.717212720622562, -3.2432179084739063, -3.2432179084739063, -3.2432179084739063, -3.2432179084739063, -3.2432179084739063, -3.2432179084739063, -3.2432179084739063, -3.2432179084739063, -3.2432179084739063, -3.2432179084739063, -3.2432179084739063, -3.2432179084739063, -2.0347829215388407, -2.0347829215388407, -1.2238184897094406, -1.2238184897094406, -1.2238184897094406, -1.2238184897094406, -1.1339257059776493, -1.1339257059776493, -1.1339257059776493, -1.1339257059776493, -0.7574933592382429, -0.7574933592382429, -0.6353736785375403, -0.6353736785375403, -0.6353736785375403, -0.6353736785375403, -0.6353736785375403, -0.6353736785375403, -0.6353736785375403, -0.6353736785375403, -0.6353736785375403, -0.605949921091101, -0.605949921091101, -0.605949921091101, -0.605949921091101, -0.6014879201445744, -0.5808948093313226, -0.5808948093313226, -0.5808948093313226, -0.5808948093313226, -0.5808948093313226, -0.5808948093313226, -0.5808948093313226, -0.5808948093313226, -0.5666661039443408, -0.5666661039443408, -0.5563662879159939]
data points:
values: [-24.129964413622268, -3.156436450015981, -3.156436450015981, -3.156436450015981, -3.156436450015981, -3.156436450015981, -3.156436450015981, -3.156436450015981, -3.156436450015981, -3.156436450015981, -3.156436450015981, -3.156436450015981, -3.156436450015981, -2.065240567292882, -2.065240567292882, -1.2367994993539337, -1.2367994993539337, -1.2367994993539337, -1.2367994993539337, -1.2367994993539337, -1.138531354346135, -1.138531354346135, -1.138531354346135, -0.7604847887383777, -0.7604847887383777, -0.6366682720651493, -0.6366682720651493, -0.6366682720651493, -0.6366682720651493, -0.6366682720651493, -0.6366682720651493, -0.6366682720651493, -0.6366682720651493, -0.6366682720651493, -0.6061414031402013, -0.6061414031402013, -0.6061414031402013, -0.6061414031402013, -0.6061414031402013, -0.5809771487741298, -0.5809771487741298, -0.5809771487741298, -0.5809771487741298, -0.5809771487741298, -0.5809771487741298, -0.5809771487741298, -0.5809771487741298, -0.5667294360429196, -0.5667294360429196, -0.5564109472988754]
Done!
Updating C
C: 4.471099629315603
nu_max: 4.471099629315603
opt_val: -0.556410947299
