('generated stochastic delays:', [array([ 2, 11,  5, ...,  2,  3,  1])])
('test function', 'Branin')
('opt_fidel_cost:', 1.0)
Running Experiment1: 
('total budget:', 600)
Auto Init: 
C: 0.8313313703582592
nu: 0.8313313703582592
Budget Remaining: 591.991101027
Number of MFHOO Instances: 6
Budget per MFHOO Instance:97.6651835044
number of HOO: 6
Running SOO number: 1 rho: 0.95 nu: 0.8313313703582592
delay_type: DHOO
policy: UCB1
[0.54492188 0.12304688]
final iterations:22654239
final HOO number of nodes:97
final HOO height:27
final duration:97
final optimal value:-0.544515 
time durations: [0.0012750625610351562, 4.005370140075684, 8.008810043334961, 12.018339157104492, 12.01878809928894, 12.0194251537323, 16.022747039794922, 16.026850938796997, 20.026430130004883, 20.027363061904907, 20.028287172317505, 20.036224126815796, 24.033530950546265, 24.046838998794556, 28.036625146865845, 28.054397106170654, 32.04646015167236, 32.04785895347595, 32.071990966796875, 36.05660796165466, 36.083219051361084, 40.06176996231079, 40.10858607292175, 44.06726694107056, 44.1173210144043, 44.11839699745178, 48.13201308250427, 52.13829207420349, 52.13935208320618, 56.15100812911987, 60.155784130096436, 60.15700602531433, 64.16247200965881, 64.16368293762207, 68.18487501144409, 68.185476064682, 72.19708108901978, 76.20468616485596, 76.20563101768494, 76.20649600028992, 80.21238017082214, 80.2131860256195, 80.21405506134033, 84.22152304649353, 84.22242903709412, 88.22790694236755, 88.22898507118225, 92.24806594848633, 96.25306606292725, 96.25416398048401]
noisy values: [-24.717212720622562, -3.2693864500647454, -3.2693864500647454, -3.2693864500647454, -3.2693864500647454, -3.2693864500647454, -3.2693864500647454, -3.2693864500647454, -3.2693864500647454, -3.2693864500647454, -3.2693864500647454, -3.2693864500647454, -1.513019467182053, -1.513019467182053, -1.1499306907747133, -1.1499306907747133, -1.1499306907747133, -1.1499306907747133, -1.1499306907747133, -1.0739275752872022, -1.0739275752872022, -0.7095206414783419, -0.7095206414783419, -0.7095206414783419, -0.6000454681428558, -0.6000454681428558, -0.6000454681428558, -0.6000454681428558, -0.6000454681428558, -0.5786923536767876, -0.5786923536767876, -0.5786923536767876, -0.5786923536767876, -0.5786923536767876, -0.5609750932015221, -0.5609750932015221, -0.5609750932015221, -0.5609750932015221, -0.5609750932015221, -0.5609750932015221, -0.5467288868962257, -0.5467288868962257, -0.5467288868962257, -0.5467288868962257, -0.5467288868962257, -0.5445151635458512, -0.5445151635458512, -0.5445151635458512, -0.5445151635458512, -0.5445151635458512]
data points:
values: [-24.129964413622268, -3.156436450015981, -3.156436450015981, -3.156436450015981, -3.156436450015981, -3.156436450015981, -3.156436450015981, -3.156436450015981, -3.156436450015981, -3.156436450015981, -3.156436450015981, -3.156436450015981, -1.3881950455370848, -1.3881950455370848, -1.3881950455370848, -1.2367994993539337, -1.2367994993539337, -1.2367994993539337, -1.2367994993539337, -1.2367994993539337, -1.138531354346135, -0.7604847887383777, -0.7604847887383777, -0.7604847887383777, -0.7604847887383777, -0.6366682720651493, -0.6366682720651493, -0.6366682720651493, -0.6366682720651493, -0.6366682720651493, -0.6016096509437467, -0.6016096509437467, -0.6016096509437467, -0.6016096509437467, -0.6016096509437467, -0.5809771487741298, -0.5809771487741298, -0.5809771487741298, -0.5809771487741298, -0.5809771487741298, -0.5809771487741298, -0.5667294360429196, -0.5667294360429196, -0.5667294360429196, -0.5667294360429196, -0.5667294360429196, -0.566327834922566, -0.566327834922566, -0.566327834922566, -0.566327834922566]
Done!
Running SOO number: 2 rho: 0.940304092603 nu: 0.8313313703582592
delay_type: DHOO
policy: UCB1
[0.54492188 0.12304688]
final iterations:25049096
final HOO number of nodes:84
final HOO height:21
final duration:97
final optimal value:-0.542014 
time durations: [0.0001251697540283203, 4.006903171539307, 4.007740020751953, 4.0082221031188965, 8.012289047241211, 8.047905206680298, 12.030282974243164, 12.053951978683472, 16.03566002845764, 16.058179140090942, 20.06345510482788, 20.06440806388855, 20.064932107925415, 24.07199215888977, 28.08459210395813, 28.085165977478027, 32.09246206283569, 32.11469912528992, 36.119564056396484, 40.12417197227478, 44.13998603820801, 48.14783000946045, 48.14897608757019, 52.15340518951416, 52.15395712852478, 56.16546607017517, 56.16640520095825, 60.178285121917725, 64.17964506149292, 64.1809241771698, 68.18789505958557, 68.18880915641785, 72.20302200317383, 76.20754718780518, 76.20862102508545, 80.21619009971619, 80.21692109107971, 84.23915719985962, 88.24518013000488, 88.2472779750824, 92.25277614593506, 92.25367999076843, 96.2587959766388, 96.25956010818481]
noisy values: [-24.717212720622562, -24.717212720622562, -3.2681980440284217, -3.2681980440284217, -3.2681980440284217, -3.2681980440284217, -3.2681980440284217, -3.2681980440284217, -3.2681980440284217, -3.2681980440284217, -3.2681980440284217, -3.2681980440284217, -3.2681980440284217, -1.5027382650782606, -1.1532300252960805, -1.1532300252960805, -1.1532300252960805, -1.1532300252960805, -1.0713020645471332, -0.705350955656808, -0.705350955656808, -0.5954938957326927, -0.5954938957326927, -0.5954938957326927, -0.5954938957326927, -0.5954938957326927, -0.5954938957326927, -0.5756548750156085, -0.5756548750156085, -0.5756548750156085, -0.5755971787599936, -0.5755971787599936, -0.5755971787599936, -0.5755971787599936, -0.5755971787599936, -0.5534422370133072, -0.5534422370133072, -0.5420138600164037, -0.5420138600164037, -0.5420138600164037, -0.5420138600164037, -0.5420138600164037, -0.5420138600164037, -0.5420138600164037]
data points:
values: [-24.129964413622268, -24.129964413622268, -3.156436450015981, -3.156436450015981, -3.156436450015981, -3.156436450015981, -3.156436450015981, -3.156436450015981, -3.156436450015981, -3.156436450015981, -3.156436450015981, -3.156436450015981, -3.156436450015981, -1.3881950455370848, -1.3881950455370848, -1.2367994993539337, -1.2367994993539337, -1.2367994993539337, -1.2367994993539337, -1.138531354346135, -0.7604847887383777, -0.7604847887383777, -0.6366682720651493, -0.6366682720651493, -0.6366682720651493, -0.6366682720651493, -0.6366682720651493, -0.6366682720651493, -0.6061414031402013, -0.6061414031402013, -0.6061414031402013, -0.6016096509437467, -0.6016096509437467, -0.6016096509437467, -0.6016096509437467, -0.6016096509437467, -0.5802631959207343, -0.5802631959207343, -0.566327834922566, -0.566327834922566, -0.566327834922566, -0.566327834922566, -0.566327834922566, -0.566327834922566]
Done!
Updating C
C: 1.163863918501563
nu_max: 1.163863918501563
Running SOO number: 3 rho: 0.925945462757 nu: 1.163863918501563
delay_type: DHOO
policy: UCB1
[0.54492188 0.12304688]
final iterations:26972240
final HOO number of nodes:91
final HOO height:20
final duration:97
final optimal value:-0.546573 
time durations: [0.000125885009765625, 4.003380060195923, 8.00959300994873, 8.010699033737183, 12.020992994308472, 12.021522998809814, 16.026824951171875, 20.0309419631958, 24.036650896072388, 24.037900924682617, 24.038975954055786, 24.03944706916809, 24.04004406929016, 24.043569087982178, 28.056936979293823, 28.064534902572632, 28.073319911956787, 28.07386803627014, 32.078924894332886, 32.07941198348999, 36.10377788543701, 40.11013102531433, 40.110852003097534, 44.11885190010071, 48.12325191497803, 48.12458109855652, 52.14140701293945, 56.14864706993103, 56.1509370803833, 60.16639590263367, 64.178701877594, 64.17999505996704, 68.1916880607605, 68.1922619342804, 72.20545792579651, 72.20667004585266, 76.22329306602478, 80.23387789726257, 80.23505306243896, 84.25203895568848, 84.25276803970337, 88.27359795570374, 88.27487206459045, 92.29325699806213, 92.29454207420349, 96.29843497276306, 96.29998087882996]
noisy values: [-24.717212720622562, -3.266439487541179, -3.266439487541179, -3.266439487541179, -3.266439487541179, -3.266439487541179, -3.266439487541179, -1.9042587475558435, -1.9042587475558435, -1.9042587475558435, -1.1520067265138803, -1.1520067265138803, -1.1520067265138803, -1.1520067265138803, -1.1520067265138803, -1.1520067265138803, -1.072298514118403, -1.072298514118403, -0.7069512906911353, -0.7069512906911353, -0.7069512906911353, -0.6026436637721932, -0.6026436637721932, -0.6026436637721932, -0.6026436637721932, -0.6026436637721932, -0.6026436637721932, -0.6026436637721932, -0.6026436637721932, -0.579787430027606, -0.579787430027606, -0.579787430027606, -0.579787430027606, -0.579787430027606, -0.579787430027606, -0.579787430027606, -0.579787430027606, -0.579787430027606, -0.579787430027606, -0.5581467386874674, -0.5581467386874674, -0.5581467386874674, -0.5581467386874674, -0.5465731975859622, -0.5465731975859622, -0.5465731975859622, -0.5465731975859622]
data points:
values: [-24.129964413622268, -3.156436450015981, -3.156436450015981, -3.156436450015981, -3.156436450015981, -3.156436450015981, -3.156436450015981, -2.065240567292882, -2.065240567292882, -2.065240567292882, -1.2367994993539337, -1.2367994993539337, -1.2367994993539337, -1.2367994993539337, -1.2367994993539337, -1.2367994993539337, -1.2367994993539337, -1.138531354346135, -1.138531354346135, -0.7604847887383777, -0.7604847887383777, -0.7604847887383777, -0.6366682720651493, -0.6366682720651493, -0.6366682720651493, -0.6366682720651493, -0.6366682720651493, -0.6366682720651493, -0.6366682720651493, -0.6366682720651493, -0.6016096509437467, -0.6016096509437467, -0.6016096509437467, -0.6016096509437467, -0.6016096509437467, -0.6016096509437467, -0.6016096509437467, -0.6016096509437467, -0.6016096509437467, -0.6016096509437467, -0.5802631959207343, -0.5802631959207343, -0.5802631959207343, -0.5802631959207343, -0.566327834922566, -0.566327834922566, -0.566327834922566]
Done!
Updating C
C: 1.629409485902188
nu_max: 1.629409485902188
Running SOO number: 4 rho: 0.9025 nu: 1.629409485902188
delay_type: DHOO
policy: UCB1
[0.54492188 0.12304688]
final iterations:24227058
final HOO number of nodes:99
final HOO height:29
final duration:97
final optimal value:-0.561753 
time durations: [0.00013208389282226562, 4.002255916595459, 4.003602981567383, 8.009511947631836, 8.009670972824097, 8.010390996932983, 12.015809059143066, 12.016577005386353, 12.017175912857056, 12.02920389175415, 16.035132884979248, 16.035507917404175, 16.056859970092773, 20.052820920944214, 20.060713052749634, 24.059077978134155, 24.06020498275757, 28.064460039138794, 32.070157051086426, 32.07143187522888, 36.078470945358276, 36.07941699028015, 36.080029010772705, 40.09123206138611, 40.11639094352722, 44.120665073394775, 44.12876105308533, 48.1304669380188, 48.14500904083252, 52.140986919403076, 52.1588089466095, 56.147398948669434, 56.14918804168701, 60.15537905693054, 64.1677029132843, 64.16881895065308, 68.18138194084167, 72.1921329498291, 72.19333386421204, 72.19405889511108, 76.20553708076477, 80.21840596199036, 80.21985602378845, 84.22170805931091, 84.22285389900208, 88.22981905937195, 88.23093008995056, 92.23539805412292, 92.23723793029785, 96.2431230545044, 96.2450180053711]
noisy values: [-24.717212720622562, -24.717212720622562, -3.2635714940076213, -3.2635714940076213, -3.2635714940076213, -3.2635714940076213, -3.2635714940076213, -3.2635714940076213, -3.2635714940076213, -3.2635714940076213, -3.2635714940076213, -3.2635714940076213, -3.2635714940076213, -3.2635714940076213, -3.2635714940076213, -3.2635714940076213, -3.2635714940076213, -1.9812162612390996, -1.9812162612390996, -1.9812162612390996, -1.9321075194563857, -1.2010954848556246, -1.2010954848556246, -1.2010954848556246, -1.2010954848556246, -1.2010954848556246, -1.1149469608481866, -1.1149469608481866, -0.7435498881833098, -0.7435498881833098, -0.6256314535751102, -0.6256314535751102, -0.6256314535751102, -0.6256314535751102, -0.6256314535751102, -0.6256314535751102, -0.6256314535751102, -0.6256314535751102, -0.6256314535751102, -0.6256314535751102, -0.5962448224502843, -0.5765212663169201, -0.5765212663169201, -0.5765212663169201, -0.5765212663169201, -0.5765212663169201, -0.5765212663169201, -0.5750092223783358, -0.5750092223783358, -0.5617533435541642, -0.5617533435541642]
data points:
values: [-24.129964413622268, -24.129964413622268, -3.156436450015981, -3.156436450015981, -3.156436450015981, -3.156436450015981, -3.156436450015981, -3.156436450015981, -3.156436450015981, -3.156436450015981, -3.156436450015981, -3.156436450015981, -3.156436450015981, -3.156436450015981, -3.156436450015981, -3.156436450015981, -3.156436450015981, -2.065240567292882, -2.065240567292882, -2.065240567292882, -2.065240567292882, -1.2367994993539337, -1.2367994993539337, -1.2367994993539337, -1.2367994993539337, -1.2367994993539337, -1.2367994993539337, -1.138531354346135, -0.7604847887383777, -0.7604847887383777, -0.7604847887383777, -0.6366682720651493, -0.6366682720651493, -0.6366682720651493, -0.6366682720651493, -0.6366682720651493, -0.6366682720651493, -0.6366682720651493, -0.6366682720651493, -0.6366682720651493, -0.6366682720651493, -0.6016096509437467, -0.5809771487741298, -0.5809771487741298, -0.5809771487741298, -0.5809771487741298, -0.5809771487741298, -0.5809771487741298, -0.5802631959207343, -0.5802631959207343, -0.566327834922566]
Done!
Updating C
C: 2.281173280263063
nu_max: 2.281173280263063
Running SOO number: 5 rho: 0.857375 nu: 2.281173280263063
delay_type: DHOO
policy: UCB1
[0.54492188 0.12304688]
final iterations:21214274
final HOO number of nodes:85
final HOO height:20
final duration:97
final optimal value:-0.560428 
time durations: [0.0003838539123535156, 4.002684831619263, 8.006688833236694, 8.009444952011108, 12.014704942703247, 16.01729393005371, 16.018005847930908, 16.018515825271606, 20.024966955184937, 24.029884815216064, 28.03892183303833, 28.039235830307007, 28.039768934249878, 32.048794984817505, 32.083979845047, 36.08861494064331, 36.08983492851257, 40.09799885749817, 44.10508990287781, 48.10877084732056, 48.109641790390015, 52.12112998962402, 52.12283492088318, 56.12990093231201, 60.13747000694275, 60.13885188102722, 64.1471598148346, 64.14825296401978, 64.14938497543335, 68.16745400428772, 68.16919589042664, 72.17163681983948, 76.1885290145874, 76.18943500518799, 80.19983983039856, 80.20078682899475, 84.2058539390564, 84.20685482025146, 88.21205496788025, 88.21342492103577, 92.22016096115112, 96.2274899482727, 96.2288429737091]
noisy values: [-24.717212720622562, -3.258063612718683, -3.258063612718683, -3.258063612718683, -3.258063612718683, -3.258063612718683, -3.258063612718683, -3.258063612718683, -1.9768749008544244, -1.1931851533626148, -1.1931851533626148, -1.1931851533626148, -1.1931851533626148, -1.1931851533626148, -1.1096422866229165, -1.1096422866229165, -0.7386795239413146, -0.6217234905041309, -0.6217234905041309, -0.6217234905041309, -0.6217234905041309, -0.5972646748280752, -0.5972646748280752, -0.5972646748280752, -0.5972646748280752, -0.5972646748280752, -0.5972646748280752, -0.5972646748280752, -0.5972646748280752, -0.573134653339908, -0.573134653339908, -0.573134653339908, -0.573134653339908, -0.573134653339908, -0.573134653339908, -0.573134653339908, -0.573134653339908, -0.573134653339908, -0.573134653339908, -0.573134653339908, -0.5604282312255062, -0.5604282312255062, -0.5604282312255062]
data points:
values: [-24.129964413622268, -3.156436450015981, -3.156436450015981, -3.156436450015981, -3.156436450015981, -3.156436450015981, -3.156436450015981, -3.156436450015981, -2.065240567292882, -1.2367994993539337, -1.2367994993539337, -1.2367994993539337, -1.2367994993539337, -1.2367994993539337, -1.2367994993539337, -1.138531354346135, -1.138531354346135, -0.7604847887383777, -0.6366682720651493, -0.6366682720651493, -0.6366682720651493, -0.6366682720651493, -0.6061414031402013, -0.6061414031402013, -0.6061414031402013, -0.6061414031402013, -0.6061414031402013, -0.6061414031402013, -0.6061414031402013, -0.6061414031402013, -0.5802631959207343, -0.5802631959207343, -0.5802631959207343, -0.5802631959207343, -0.5802631959207343, -0.5802631959207343, -0.5802631959207343, -0.5802631959207343, -0.5802631959207343, -0.5802631959207343, -0.5802631959207343, -0.566327834922566, -0.566327834922566]
Done!
Updating C
C: 3.193642592368288
nu_max: 3.193642592368288
Running SOO number: 6 rho: 0.735091890625 nu: 3.193642592368288
delay_type: DHOO
policy: UCB1
[0.54882812 0.12304688]
final iterations:29372457
final HOO number of nodes:89
final HOO height:21
final duration:97
final optimal value:-0.566513 
time durations: [0.0001881122589111328, 4.008080959320068, 8.012840032577515, 12.01534390449524, 12.016488075256348, 16.031330108642578, 16.03169298171997, 20.039423942565918, 20.0399329662323, 20.040307998657227, 24.04572892189026, 24.04664397239685, 24.047013998031616, 28.050286054611206, 28.167285919189453, 32.07175803184509, 32.073084115982056, 36.078267097473145, 36.124183893203735, 40.129579067230225, 40.13072609901428, 44.133174896240234, 44.13410806655884, 48.141557931900024, 52.14620494842529, 56.15320706367493, 56.15440106391907, 60.1608190536499, 64.16984391212463, 64.17205309867859, 68.18034410476685, 72.19079804420471, 72.19197392463684, 76.19582796096802, 80.19921207427979, 80.20060396194458, 80.20134997367859, 84.22412490844727, 84.22492599487305, 88.23002696037292, 88.23077511787415, 92.23955512046814, 92.240394115448, 92.24129509925842, 96.2476909160614, 96.24883794784546]
noisy values: [-24.717212720622562, -3.2432179084739063, -3.2432179084739063, -3.2432179084739063, -3.2432179084739063, -3.2432179084739063, -3.2432179084739063, -3.2432179084739063, -3.2432179084739063, -3.2432179084739063, -3.2432179084739063, -3.2432179084739063, -3.2432179084739063, -2.0347829215388407, -2.0347829215388407, -2.0347829215388407, -2.0347829215388407, -2.0347829215388407, -1.2272375004788003, -1.2272375004788003, -1.2272375004788003, -1.1339257059776493, -1.1339257059776493, -0.7582845427974583, -0.7582845427974583, -0.6353736785375403, -0.6353736785375403, -0.6353736785375403, -0.6353736785375403, -0.6353736785375403, -0.6011929777671057, -0.6011929777671057, -0.6011929777671057, -0.6011929777671057, -0.6011929777671057, -0.6011929777671057, -0.6011929777671057, -0.5806952774116159, -0.5806952774116159, -0.5806952774116159, -0.5806952774116159, -0.5665126015784185, -0.5665126015784185, -0.5665126015784185, -0.5665126015784185, -0.5665126015784185]
data points:
values: [-24.129964413622268, -3.156436450015981, -3.156436450015981, -3.156436450015981, -3.156436450015981, -3.156436450015981, -3.156436450015981, -3.156436450015981, -3.156436450015981, -3.156436450015981, -3.156436450015981, -3.156436450015981, -3.156436450015981, -2.065240567292882, -2.065240567292882, -2.065240567292882, -2.065240567292882, -2.065240567292882, -1.2367994993539337, -1.2367994993539337, -1.2367994993539337, -1.138531354346135, -1.138531354346135, -0.7604847887383777, -0.6366682720651493, -0.6366682720651493, -0.6366682720651493, -0.6366682720651493, -0.6366682720651493, -0.6366682720651493, -0.6016096509437467, -0.6016096509437467, -0.6016096509437467, -0.6016096509437467, -0.6016096509437467, -0.6016096509437467, -0.6016096509437467, -0.5809771487741298, -0.5809771487741298, -0.5809771487741298, -0.5809771487741298, -0.5667294360429196, -0.5667294360429196, -0.5667294360429196, -0.5667294360429196, -0.5667294360429196]
Done!
Updating C
C: 4.471099629315603
nu_max: 4.471099629315603
opt_val: -0.566327834923
