('generated stochastic delays:', [array([ 2, 11,  5, ...,  2,  3,  1])])
('test function', 'Branin')
('opt_fidel_cost:', 1.0)
Running Experiment1: 
('total budget:', 600)
Auto Init: 
C: 0.8313313703582592
nu: 0.8313313703582592
Budget Remaining: 591.996660948
Number of MFHOO Instances: 7
Budget per MFHOO Instance:83.570951564
number of HOO: 7
Running SOO number: 1 rho: 0.95 nu: 0.8313313703582592
delay_type: DHOO
policy: UCB1
[0.55078125 0.12304688]
final iterations:21739351
final HOO number of nodes:81
final HOO height:29
final duration:83
final optimal value:-0.562840 
time durations: [0.0014560222625732422, 4.007299184799194, 4.008015155792236, 8.018908023834229, 8.019777059555054, 8.020373106002808, 12.024549007415771, 12.028710126876831, 16.03148913383484, 16.04182004928589, 20.036333084106445, 20.043544054031372, 24.04147505760193, 24.048696041107178, 28.048943996429443, 28.050143003463745, 28.054620027542114, 32.055328130722046, 32.08407211303711, 36.05764603614807, 36.09063911437988, 40.062196016311646, 40.094659090042114, 44.06454610824585, 44.10835409164429, 48.0688841342926, 48.11713719367981, 48.118014097213745, 52.125612020492554, 52.12632203102112, 56.1500780582428, 60.15265917778015, 60.15430402755737, 64.1677520275116, 64.16871619224548, 68.17781400680542, 72.1864562034607, 72.18791007995605, 76.19404721260071, 76.1948630809784, 80.20797204971313, 80.2089831829071]
noisy values: [-24.717212720622562, -3.2693864500647454, -3.2693864500647454, -3.2693864500647454, -3.2693864500647454, -3.2693864500647454, -3.2693864500647454, -3.2693864500647454, -3.2693864500647454, -3.2693864500647454, -3.2693864500647454, -3.2693864500647454, -1.9042587475558435, -1.9042587475558435, -1.154036372435094, -1.154036372435094, -1.154036372435094, -1.154036372435094, -1.154036372435094, -1.0770700138480773, -1.0770700138480773, -0.7119719888274165, -0.7119719888274165, -0.6017977152522533, -0.6017977152522533, -0.6017977152522533, -0.6017977152522533, -0.6017977152522533, -0.6017977152522533, -0.6017977152522533, -0.6017977152522533, -0.6017977152522533, -0.6017977152522533, -0.580832704440855, -0.580832704440855, -0.562840381258038, -0.562840381258038, -0.562840381258038, -0.562840381258038, -0.562840381258038, -0.562840381258038, -0.562840381258038]
data points:
values: [-24.129964413622268, -3.156436450015981, -3.156436450015981, -3.156436450015981, -3.156436450015981, -3.156436450015981, -3.156436450015981, -3.156436450015981, -3.156436450015981, -3.156436450015981, -3.156436450015981, -3.156436450015981, -2.065240567292882, -2.065240567292882, -1.2367994993539337, -1.2367994993539337, -1.2367994993539337, -1.2367994993539337, -1.2367994993539337, -1.2367994993539337, -1.138531354346135, -0.7604847887383777, -0.7604847887383777, -0.7604847887383777, -0.6366682720651493, -0.6366682720651493, -0.6366682720651493, -0.6366682720651493, -0.6366682720651493, -0.6366682720651493, -0.6366682720651493, -0.6366682720651493, -0.6366682720651493, -0.6366682720651493, -0.6016096509437467, -0.6016096509437467, -0.5809771487741298, -0.5809771487741298, -0.5809771487741298, -0.5809771487741298, -0.5809771487741298, -0.5809771487741298]
Done!
Running SOO number: 2 rho: 0.94191317762 nu: 0.8313313703582592
delay_type: DHOO
policy: UCB1
[0.54882812 0.12304688]
final iterations:20815549
final HOO number of nodes:81
final HOO height:26
final duration:83
final optimal value:-0.549479 
time durations: [0.0001800060272216797, 4.006225824356079, 4.006680011749268, 4.031786918640137, 8.011920928955078, 8.03363585472107, 8.049210786819458, 12.040612936019897, 12.062021970748901, 16.05115795135498, 16.078212022781372, 20.082286834716797, 20.083239793777466, 24.09356379508972, 28.100555896759033, 32.105664014816284, 32.12477898597717, 36.1114399433136, 36.11192083358765, 36.12838697433472, 40.12887787818909, 40.137017011642456, 44.13350582122803, 44.14366793632507, 44.14425301551819, 48.15275001525879, 52.16130495071411, 52.16250991821289, 56.17199087142944, 60.188880920410156, 60.19017791748047, 60.191269874572754, 64.2025818824768, 68.20696687698364, 68.20778894424438, 68.20856094360352, 72.22597694396973, 72.22683095932007, 76.24255299568176, 76.24394798278809, 80.25095582008362]
noisy values: [-24.717212720622562, -3.268395215208953, -3.268395215208953, -3.268395215208953, -3.268395215208953, -3.268395215208953, -3.268395215208953, -3.268395215208953, -3.268395215208953, -3.268395215208953, -3.268395215208953, -3.268395215208953, -3.268395215208953, -1.9321808430454155, -1.1652880596633306, -1.1652880596633306, -1.1652880596633306, -1.0810299757731965, -1.0810299757731965, -1.0810299757731965, -0.7131549417990932, -0.7131549417990932, -0.7131549417990932, -0.6031967321200753, -0.6031967321200753, -0.6031967321200753, -0.6031967321200753, -0.6031967321200753, -0.6031967321200753, -0.6031967321200753, -0.5826540685219452, -0.5826540685219452, -0.5815028797296424, -0.5635677792632254, -0.5635677792632254, -0.5635677792632254, -0.5494787443016165, -0.5494787443016165, -0.5494787443016165, -0.5494787443016165, -0.5494787443016165]
data points:
values: [-24.129964413622268, -3.156436450015981, -3.156436450015981, -3.156436450015981, -3.156436450015981, -3.156436450015981, -3.156436450015981, -3.156436450015981, -3.156436450015981, -3.156436450015981, -3.156436450015981, -3.156436450015981, -3.156436450015981, -2.065240567292882, -1.2367994993539337, -1.2367994993539337, -1.2367994993539337, -1.2367994993539337, -1.138531354346135, -1.138531354346135, -0.7604847887383777, -0.7604847887383777, -0.7604847887383777, -0.7604847887383777, -0.6366682720651493, -0.6366682720651493, -0.6366682720651493, -0.6366682720651493, -0.6366682720651493, -0.6366682720651493, -0.6366682720651493, -0.6061414031402013, -0.6061414031402013, -0.6016096509437467, -0.5809771487741298, -0.5809771487741298, -0.5809771487741298, -0.5667294360429196, -0.5667294360429196, -0.5667294360429196, -0.5667294360429196]
Done!
Updating C
C: 1.163863918501563
nu_max: 1.163863918501563
Running SOO number: 3 rho: 0.930707143753 nu: 1.163863918501563
delay_type: DHOO
policy: UCB1
[0.54296875 0.12304688]
final iterations:24008100
final HOO number of nodes:93
final HOO height:31
final duration:83
final optimal value:-0.569132 
time durations: [0.0002989768981933594, 4.00574517250061, 8.01338505744934, 8.017223119735718, 12.023746013641357, 12.029778003692627, 16.0309841632843, 16.043456077575684, 16.044270992279053, 20.038353204727173, 20.039483070373535, 20.040685176849365, 20.051786184310913, 24.04626202583313, 28.054386138916016, 28.054826974868774, 28.05545711517334, 32.06207609176636, 32.06261610984802, 36.07648420333862, 36.08756113052368, 40.08199620246887, 40.08355712890625, 40.08492302894592, 40.10463809967041, 44.08876013755798, 44.09332609176636, 44.110138177871704, 48.09493112564087, 48.0958251953125, 48.116435050964355, 52.10116720199585, 52.13549518585205, 56.1051561832428, 56.10601210594177, 60.11107802391052, 60.11233997344971, 60.113227128982544, 64.11992597579956, 64.12571620941162, 64.12775802612305, 68.14298915863037, 72.14777112007141, 72.14903402328491, 76.15970611572266, 76.16067504882812, 80.1647961139679]
noisy values: [-24.717212720622562, -3.267022490375715, -3.267022490375715, -3.267022490375715, -3.267022490375715, -3.267022490375715, -3.267022490375715, -3.267022490375715, -3.267022490375715, -3.267022490375715, -3.267022490375715, -3.267022490375715, -3.267022490375715, -1.4933346596754973, -1.4933346596754973, -1.4933346596754973, -1.4933346596754973, -1.1744703367912646, -1.1744703367912646, -1.1434838073663816, -1.1434838073663816, -1.1434838073663816, -1.0897111360438139, -1.0897111360438139, -1.0897111360438139, -0.720692760690314, -0.720692760690314, -0.720692760690314, -0.6109997249804913, -0.6109997249804913, -0.6109997249804913, -0.6109997249804913, -0.6109997249804913, -0.6109997249804913, -0.6109997249804913, -0.6109997249804913, -0.6109997249804913, -0.6109997249804913, -0.5924262927434079, -0.5924262927434079, -0.5924262927434079, -0.5691316398828903, -0.5691316398828903, -0.5691316398828903, -0.5691316398828903, -0.5691316398828903, -0.5691316398828903]
data points:
values: [-24.129964413622268, -3.156436450015981, -3.156436450015981, -3.156436450015981, -3.156436450015981, -3.156436450015981, -3.156436450015981, -3.156436450015981, -3.156436450015981, -3.156436450015981, -3.156436450015981, -3.156436450015981, -3.156436450015981, -1.3881950455370848, -1.3881950455370848, -1.3881950455370848, -1.3881950455370848, -1.3881950455370848, -1.2367994993539337, -1.2367994993539337, -1.6297225052651196, -1.6297225052651196, -1.6297225052651196, -1.138531354346135, -1.138531354346135, -0.7604847887383777, -0.7604847887383777, -0.7604847887383777, -0.7604847887383777, -0.6366682720651493, -0.6366682720651493, -0.6366682720651493, -0.6366682720651493, -0.6366682720651493, -0.6366682720651493, -0.6366682720651493, -0.6366682720651493, -0.6366682720651493, -0.6366682720651493, -0.6061414031402013, -0.6061414031402013, -0.6061414031402013, -0.5802631959207343, -0.5802631959207343, -0.5802631959207343, -0.5802631959207343, -0.5802631959207343]
Done!
Updating C
C: 1.629409485902188
nu_max: 1.629409485902188
Running SOO number: 4 rho: 0.914147570219 nu: 1.629409485902188
delay_type: DHOO
policy: UCB1
[0.55078125 0.12304688]
final iterations:20047007
final HOO number of nodes:97
final HOO height:33
final duration:83
final optimal value:-0.562123 
time durations: [0.00022101402282714844, 4.0018310546875, 4.0060951709747314, 4.006844997406006, 8.007006168365479, 8.01937198638916, 12.010148048400879, 12.023076057434082, 12.024074077606201, 16.018616199493408, 16.02484917640686, 16.047240018844604, 20.023466110229492, 20.042774200439453, 20.051868200302124, 24.026870012283325, 24.0275239944458, 28.03339910507202, 28.03429412841797, 32.04192018508911, 32.042487144470215, 32.04335308074951, 36.0479621887207, 36.049002170562744, 36.05198311805725, 40.055936098098755, 40.05690121650696, 40.05765199661255, 40.065572023391724, 44.06229305267334, 44.078981161117554, 48.06440019607544, 48.096888065338135, 48.09768509864807, 52.107585191726685, 52.10848307609558, 52.109220027923584, 52.109939098358154, 56.121829986572266, 60.12965798377991, 60.13082814216614, 64.13404417037964, 64.13512802124023, 68.14194798469543, 72.15185904502869, 72.15317511558533, 76.15984201431274, 76.16091918945312, 80.17272615432739, 80.17505812644958]
noisy values: [-24.717212720622562, -24.717212720622562, -24.717212720622562, -3.264995759813795, -3.264995759813795, -3.264995759813795, -3.264995759813795, -3.264995759813795, -3.264995759813795, -3.264995759813795, -3.264995759813795, -3.264995759813795, -3.264995759813795, -3.264995759813795, -3.264995759813795, -3.264995759813795, -3.264995759813795, -1.9768749008544262, -1.9768749008544262, -1.2010954848556246, -1.2010954848556246, -1.2010954848556246, -1.2010954848556246, -1.2010954848556246, -1.2010954848556246, -1.2010954848556246, -1.1140316685316236, -1.1140316685316236, -1.1140316685316236, -0.7424435840560459, -0.7424435840560459, -0.7424435840560459, -0.6246094754537594, -0.6246094754537594, -0.6246094754537594, -0.6246094754537594, -0.6246094754537594, -0.6246094754537594, -0.6246094754537594, -0.6246094754537594, -0.6246094754537594, -0.5958934345319733, -0.5958934345319733, -0.576168737125542, -0.576168737125542, -0.576168737125542, -0.576168737125542, -0.576168737125542, -0.576168737125542, -0.576168737125542]
data points:
values: [-24.129964413622268, -24.129964413622268, -24.129964413622268, -3.156436450015981, -3.156436450015981, -3.156436450015981, -3.156436450015981, -3.156436450015981, -3.156436450015981, -3.156436450015981, -3.156436450015981, -3.156436450015981, -3.156436450015981, -3.156436450015981, -3.156436450015981, -3.156436450015981, -3.156436450015981, -2.065240567292882, -2.065240567292882, -1.2367994993539337, -1.2367994993539337, -1.2367994993539337, -1.2367994993539337, -1.2367994993539337, -1.2367994993539337, -1.2367994993539337, -1.2367994993539337, -1.138531354346135, -1.138531354346135, -0.7604847887383777, -0.7604847887383777, -0.7604847887383777, -0.7604847887383777, -0.6366682720651493, -0.6366682720651493, -0.6366682720651493, -0.6366682720651493, -0.6366682720651493, -0.6366682720651493, -0.6366682720651493, -0.6366682720651493, -0.6366682720651493, -0.6016096509437467, -0.6016096509437467, -0.5809771487741298, -0.5809771487741298, -0.5809771487741298, -0.5809771487741298, -0.5809771487741298, -0.5809771487741298]
Done!
Updating C
C: 2.281173280263063
nu_max: 2.281173280263063
Running SOO number: 5 rho: 0.887200434174 nu: 2.281173280263063
delay_type: DHOO
policy: UCB1
[0.95703125 0.12304688]
final iterations:23709450
final HOO number of nodes:69
final HOO height:16
final duration:83
final optimal value:-0.602494 
time durations: [0.00019097328186035156, 4.003951072692871, 4.0068769454956055, 8.039211988449097, 12.045147180557251, 12.046112060546875, 16.05156397819519, 16.052126169204712, 20.05901598930359, 24.065765142440796, 24.07377815246582, 28.07177209854126, 28.072432041168213, 32.106502056121826, 32.10721206665039, 36.12399911880493, 36.12448215484619, 36.125205993652344, 40.13394618034363, 40.13481307029724, 44.14068818092346, 48.14867806434631, 48.16239809989929, 52.165088176727295, 56.17754101753235, 60.186084032058716, 60.18709111213684, 64.19201898574829, 64.19267010688782, 68.20072317123413, 72.20688796043396, 72.20810198783875, 76.22111415863037, 76.22182202339172, 80.23566699028015, 80.23681616783142]
noisy values: [-24.717212720622562, -24.717212720622562, -3.261702272356973, -3.261702272356973, -3.261702272356973, -3.261702272356973, -3.261702272356973, -3.261702272356973, -3.261702272356973, -3.261702272356973, -3.261702272356973, -1.9397050744348796, -1.9397050744348796, -1.9397050744348796, -1.9397050744348796, -1.7408288218451613, -1.7408288218451613, -1.7408288218451613, -1.2015734867959278, -1.2015734867959278, -0.9303597615656276, -0.9303597615656276, -0.8320491617637948, -0.694829862645463, -0.6205080300073682, -0.6205080300073682, -0.6205080300073682, -0.6205080300073682, -0.6205080300073682, -0.6205080300073682, -0.6124113902811192, -0.6124113902811192, -0.6118269513348231, -0.6118269513348231, -0.6024935572183168, -0.6024935572183168]
data points:
values: [-24.129964413622268, -24.129964413622268, -3.156436450015981, -3.156436450015981, -3.156436450015981, -3.156436450015981, -3.156436450015981, -3.156436450015981, -3.156436450015981, -3.156436450015981, -3.156436450015981, -2.065240567292882, -2.065240567292882, -2.065240567292882, -2.065240567292882, -2.065240567292882, -2.580807557829406, -2.580807557829406, -2.580807557829406, -1.6297225052651196, -1.6297225052651196, -0.8982767384760351, -0.8982767384760351, -1.3090917336242907, -1.007178847650561, -0.8501462518079705, -0.8501462518079705, -0.8501462518079705, -0.8501462518079705, -0.8501462518079705, -0.8501462518079705, -0.8203796242741888, -0.8203796242741888, -0.7818424849343693, -0.7818424849343693, -0.7475005652342475]
Done!
Updating C
C: 3.193642592368288
nu_max: 3.193642592368288
Running SOO number: 6 rho: 0.835665780138 nu: 3.193642592368288
delay_type: DHOO
policy: UCB1
[0.54296875 0.12304688]
final iterations:20697435
final HOO number of nodes:77
final HOO height:19
final duration:83
final optimal value:-0.576943 
time durations: [0.00014710426330566406, 4.009241104125977, 4.010102033615112, 4.010677099227905, 8.014065980911255, 8.030506134033203, 12.031301021575928, 12.032198190689087, 12.03274416923523, 16.038218021392822, 16.041913986206055, 20.042240142822266, 20.04280114173889, 24.052470207214355, 24.053025007247925, 24.053503036499023, 28.06504511833191, 28.065453052520752, 32.07199501991272, 32.072540044784546, 36.07952809333801, 36.0808789730072, 40.097421169281006, 44.10330009460449, 44.104087114334106, 48.11975598335266, 48.12043213844299, 52.13034701347351, 56.13493204116821, 56.13609218597412, 60.14013719558716, 64.14527320861816, 64.1461591720581, 68.16610407829285, 72.17236518859863, 72.17317914962769, 76.20668315887451, 76.20783019065857, 80.21724700927734, 80.21826815605164]
noisy values: [-24.717212720622562, -24.717212720622562, -3.2554194896582285, -3.2554194896582285, -3.2554194896582285, -3.2554194896582285, -3.2554194896582285, -3.2554194896582285, -3.2554194896582285, -3.2554194896582285, -3.2554194896582285, -3.2554194896582285, -3.2554194896582285, -2.0031903737944257, -2.0031903737944257, -2.0031903737944257, -1.2116996826613313, -1.2116996826613313, -1.2116996826613313, -1.2116996826613313, -1.2116996826613313, -1.2116996826613313, -1.1228319735873455, -1.1228319735873455, -1.1228319735873455, -0.7489115683961334, -0.7489115683961334, -0.7489115683961334, -0.628931019259392, -0.628931019259392, -0.628931019259392, -0.628931019259392, -0.628931019259392, -0.5979461896826823, -0.5979461896826823, -0.5979461896826823, -0.5769429327879578, -0.5769429327879578, -0.5769429327879578, -0.5769429327879578]
data points:
values: [-24.129964413622268, -24.129964413622268, -3.156436450015981, -3.156436450015981, -3.156436450015981, -3.156436450015981, -3.156436450015981, -3.156436450015981, -3.156436450015981, -3.156436450015981, -3.156436450015981, -3.156436450015981, -3.156436450015981, -2.065240567292882, -2.065240567292882, -2.065240567292882, -1.2367994993539337, -1.2367994993539337, -1.2367994993539337, -1.2367994993539337, -1.2367994993539337, -1.2367994993539337, -1.2367994993539337, -1.138531354346135, -1.138531354346135, -0.7604847887383777, -0.7604847887383777, -0.7604847887383777, -0.7604847887383777, -0.6366682720651493, -0.6366682720651493, -0.6366682720651493, -0.6366682720651493, -0.6366682720651493, -0.6016096509437467, -0.6016096509437467, -0.6016096509437467, -0.5802631959207343, -0.5802631959207343, -0.5802631959207343]
Done!
Updating C
C: 4.471099629315603
nu_max: 4.471099629315603
Running SOO number: 7 rho: 0.698337296094 nu: 4.471099629315603
delay_type: DHOO
policy: UCB1
[0.54296875 0.16015625]
final iterations:23015966
final HOO number of nodes:77
final HOO height:19
final duration:83
final optimal value:-0.414816 
time durations: [0.00044083595275878906, 4.002619981765747, 8.009536027908325, 8.010179996490479, 8.010524988174438, 8.011745929718018, 12.014111042022705, 12.014546871185303, 16.025984048843384, 16.026357889175415, 20.029667854309082, 20.030149936676025, 24.061965942382812, 24.06230902671814, 28.079075813293457, 28.079587936401367, 28.08006191253662, 32.082603931427, 32.083385944366455, 36.09228992462158, 40.09477186203003, 44.100569009780884, 44.10130500793457, 48.1126708984375, 48.11796593666077, 48.11953687667847, 52.12647604942322, 56.13845086097717, 56.139139890670776, 60.142781019210815, 64.14859199523926, 64.14924597740173, 68.16903591156006, 72.17547392845154, 72.17637491226196, 76.17907285690308, 76.18005704879761, 76.1810200214386, 80.18414282798767, 80.18520188331604]
noisy values: [-24.717212720622562, -3.2387785734253676, -3.2387785734253676, -3.2387785734253676, -3.2387785734253676, -3.2387785734253676, -3.2387785734253676, -3.2387785734253676, -3.2387785734253676, -3.2387785734253676, -3.2387785734253676, -3.2387785734253676, -3.2387785734253676, -3.2387785734253676, -1.3983580047921667, -1.3983580047921667, -1.3983580047921667, -0.9009888391422294, -0.9009888391422294, -0.5455125546212045, -0.5455125546212045, -0.42968947803388957, -0.42968947803388957, -0.42968947803388957, -0.42968947803388957, -0.42968947803388957, -0.42968947803388957, -0.42968947803388957, -0.42968947803388957, -0.42968947803388957, -0.42968947803388957, -0.42968947803388957, -0.4198068563094619, -0.414815992364419, -0.414815992364419, -0.414815992364419, -0.414815992364419, -0.414815992364419, -0.414815992364419, -0.414815992364419]
data points:
values: [-24.129964413622268, -3.156436450015981, -3.156436450015981, -3.156436450015981, -3.156436450015981, -3.156436450015981, -3.156436450015981, -3.156436450015981, -3.156436450015981, -3.156436450015981, -3.156436450015981, -3.156436450015981, -3.156436450015981, -3.156436450015981, -1.3881950455370848, -1.3881950455370848, -1.3881950455370848, -0.8982767384760351, -0.8982767384760351, -0.5458465207772178, -0.5458465207772178, -0.43001364392046426, -0.43001364392046426, -0.43001364392046426, -0.43001364392046426, -0.43001364392046426, -0.43001364392046426, -0.43001364392046426, -0.43001364392046426, -0.43001364392046426, -0.43001364392046426, -0.43001364392046426, -0.43001364392046426, -0.4197337740516893, -0.41473387496180436, -0.41473387496180436, -0.41473387496180436, -0.41473387496180436, -0.41473387496180436, -0.41473387496180436]
Done!
opt_val: -0.414733874962
