('generated stochastic delays:', [array([ 2, 11,  5, ...,  2,  3,  1])])
('opt_fidel_cost:', 1.0)
Running Experiment1: 
('total budget:', 600)
Auto Init: 
C: 0.8313313703582592
nu: 0.8313313703582592
Budget Remaining: 591.981466055
Number of MFHOO Instances: 1
Budget per MFHOO Instance:590.981466055
Running SOO number: 1 rho: 0.95 nu: 0.8313313703582592
delay_type: DHOO
policy: UCBV
[0.54296875 0.15039062]
final iterations:93259830
final HOO number of nodes:593
final HOO height:26
final duration:590
final optimal value:-0.398275 
time durations: [0.0009720325469970703, 4.007338047027588, 4.01650595664978, 8.017957925796509, 8.018738031387329, 8.019536018371582, 8.02140498161316, 8.021973133087158, 12.026737928390503, 16.03398108482361, 20.045588970184326, 20.046175003051758, 24.057256937026978, 24.05797004699707, 28.066591024398804, 32.07336902618408, 32.074100971221924, 32.07480597496033, 36.10166811943054, 40.10809397697449, 44.11817002296448, 44.11949300765991, 48.131829023361206, 52.143913984298706, 52.14480495452881, 56.16514015197754, 56.166144132614136, 60.18508315086365, 60.18661093711853, 64.19741010665894, 64.20388603210449, 64.20483708381653, 68.21663999557495, 68.21753907203674, 72.23278307914734, 72.23394799232483, 76.24762415885925, 76.24859404563904, 80.25926494598389, 80.26054215431213, 84.26578903198242, 88.27608704566956, 88.27699494361877, 92.29671692848206, 92.29848194122314, 96.31101298332214, 96.31208896636963, 100.33743596076965, 100.3386480808258, 104.3509750366211, 104.35208797454834, 108.36097192764282, 108.36213612556458, 112.36800694465637, 116.37594604492188, 116.37747693061829, 120.38560104370117, 124.39778113365173, 124.39926195144653, 124.40078115463257, 128.4146089553833, 128.41579699516296, 132.4266369342804, 132.4281301498413, 136.44778203964233, 136.4491789340973, 136.45087099075317, 140.46408104896545, 140.46544909477234, 144.486426115036, 144.48804998397827, 148.49940514564514, 148.50095415115356, 152.52424097061157, 152.52575492858887, 156.54750204086304, 160.54989099502563, 160.55153608322144, 164.561851978302, 164.56397700309753, 168.57113099098206, 168.57262992858887, 172.59886002540588, 172.60043001174927, 176.61521816253662, 180.6285960674286, 180.63059401512146, 184.6494860649109, 188.66117811203003, 188.66346502304077, 192.67257499694824, 192.6746461391449, 196.68427205085754, 196.68557715415955, 200.7060191631317, 200.70814394950867, 204.71687197685242, 204.71899795532227, 208.7293779850006, 208.73120212554932, 212.7491660118103, 212.75150394439697, 216.76290798187256, 220.77531695365906, 220.77812314033508, 224.78959894180298, 224.7919261455536, 228.8015260696411, 228.80345606803894, 232.81473803520203, 232.81683492660522, 236.82982802391052, 236.83195304870605, 236.83410501480103, 240.85502910614014, 240.85713911056519, 244.87212896347046, 244.8747091293335, 248.87959814071655, 248.88177609443665, 252.8996069431305, 256.9118809700012, 256.9139311313629, 260.9269621372223, 264.9510340690613, 264.9528851509094, 268.96416115760803, 268.9664180278778, 272.97989106178284, 272.98170614242554, 276.99382996559143, 276.9963300228119, 281.01245403289795, 281.0144920349121, 285.0241849422455, 285.026025056839, 289.0350229740143, 289.03742814064026, 289.04075503349304, 293.05135893821716, 293.05396795272827, 297.0640001296997, 297.06661105155945, 301.0796720981598, 301.08244705200195, 305.0910930633545, 305.094064950943, 309.1121230125427, 309.1152229309082, 309.1177670955658, 313.13649010658264, 313.13957500457764, 317.1721270084381, 317.17587900161743, 321.18101716041565, 321.18403697013855, 325.20260214805603, 325.20561599731445, 325.2083020210266, 329.2254710197449, 329.2285089492798, 333.2389919757843, 337.25208711624146, 337.2540919780731, 337.257169008255, 341.2742209434509, 341.2772400379181, 341.2801470756531, 345.3024160861969, 345.3053240776062, 345.3080880641937, 349.31601095199585, 349.3188190460205, 353.33373403549194, 353.33703804016113, 357.359267950058, 357.3635060787201, 361.3771469593048, 361.38041615486145, 361.38372802734375, 365.4024739265442, 365.4055850505829, 369.42650508880615, 369.4303870201111, 373.44315814971924, 373.4468650817871, 377.46529603004456, 377.4683041572571, 381.4823579788208, 381.48605394363403, 385.50369811058044, 385.50682401657104, 389.5310821533203, 389.5346779823303, 393.5527811050415, 393.55635714530945, 397.56725907325745, 397.57085704803467, 397.57404494285583, 401.5877981185913, 401.5913200378418, 405.60410809516907, 405.6079571247101, 409.63231015205383, 409.63534593582153, 413.6535429954529, 413.65764713287354, 417.6667139530182, 417.6706931591034, 421.6829400062561, 421.6863160133362, 425.69263100624084, 425.696839094162, 429.70487904548645, 429.7085840702057, 433.716952085495, 433.72138595581055, 437.73346996307373, 437.7372419834137, 441.74559593200684, 441.7489130496979, 445.7601010799408, 445.7643971443176, 449.7816300392151, 449.7853910923004, 453.79920196533203, 453.80358695983887, 457.81731510162354, 457.822114944458, 457.8261480331421, 461.83526706695557, 461.8395550251007, 461.8436620235443, 465.8667531013489, 465.871386051178, 465.8753459453583, 469.90450406074524, 469.9077579975128, 469.91263008117676, 473.9186599254608, 473.9229781627655, 477.9334900379181, 477.9376471042633, 481.95660495758057, 481.9598910808563, 485.9793870449066, 485.98346400260925, 489.9977009296417, 490.00114703178406, 494.01627492904663, 494.0206320285797, 498.0353031158447, 498.0396749973297, 502.0542540550232, 502.0589909553528, 502.0632700920105, 506.0780019760132, 506.0827910900116, 510.1054091453552, 510.1103320121765, 514.1181161403656, 514.1222989559174, 518.1338789463043, 518.1390700340271, 522.1457209587097, 522.1500859260559, 526.1704571247101, 526.1752490997314, 530.1879460811615, 530.192624092102, 534.2067639827728, 538.2195620536804, 538.2253711223602, 542.237123966217, 542.2403609752655, 546.2496659755707, 546.2553150653839, 550.273029088974, 554.2877719402313, 554.2921431064606, 554.2963931560516, 558.3165130615234, 558.3211491107941, 558.3251049518585, 562.3397650718689, 562.344395160675, 566.3636729717255, 566.3692891597748, 570.3858859539032, 570.3907210826874, 574.4059550762177, 578.4186959266663, 578.4237470626831, 582.4363131523132, 586.4475910663605, 586.4523611068726, 590.464231967926, 590.4700679779053]
noisy values: [-24.717212720622562, -3.2693864500647454, -3.2693864500647454, -3.2693864500647454, -3.2693864500647454, -3.2693864500647454, -3.2693864500647454, -3.2693864500647454, -3.2693864500647454, -3.2693864500647454, -3.2693864500647454, -3.2693864500647454, -1.500308331327556, -1.500308331327556, -0.9415356046579983, -0.5414564919797389, -0.5414564919797389, -0.5414564919797389, -0.5414564919797389, -0.5414564919797389, -0.5414564919797389, -0.5414564919797389, -0.5414564919797389, -0.5414564919797389, -0.5414564919797389, -0.5414564919797389, -0.5414564919797389, -0.5414564919797389, -0.5414564919797389, -0.4950029188700338, -0.4950029188700338, -0.4950029188700338, -0.4950029188700338, -0.4950029188700338, -0.4206960526114951, -0.4206960526114951, -0.4206960526114951, -0.41823049497070564, -0.41823049497070564, -0.41823049497070564, -0.41823049497070564, -0.41823049497070564, -0.41823049497070564, -0.41823049497070564, -0.41823049497070564, -0.4152876326396022, -0.4152876326396022, -0.4152876326396022, -0.4152876326396022, -0.4152876326396022, -0.4152876326396022, -0.4152876326396022, -0.4152876326396022, -0.4152876326396022, -0.4152876326396022, -0.4152876326396022, -0.4152876326396022, -0.4152876326396022, -0.4152876326396022, -0.4152876326396022, -0.4127928486207235, -0.4127928486207235, -0.4127928486207235, -0.4127928486207235, -0.4127928486207235, -0.4127928486207235, -0.4127928486207235, -0.4127928486207235, -0.4127928486207235, -0.4127928486207235, -0.4127928486207235, -0.4127928486207235, -0.4127928486207235, -0.4127928486207235, -0.4127928486207235, -0.4004048581643733, -0.4004048581643733, -0.4004048581643733, -0.4004048581643733, -0.4004048581643733, -0.4004048581643733, -0.4004048581643733, -0.4004048581643733, -0.4004048581643733, -0.4004048581643733, -0.4004048581643733, -0.4004048581643733, -0.4004048581643733, -0.4004048581643733, -0.4004048581643733, -0.4004048581643733, -0.4004048581643733, -0.4004048581643733, -0.4004048581643733, -0.4004048581643733, -0.4004048581643733, -0.4004048581643733, -0.4004048581643733, -0.4004048581643733, -0.4004048581643733, -0.4004048581643733, -0.4004048581643733, -0.4004048581643733, -0.4004048581643733, -0.4004048581643733, -0.4004048581643733, -0.4004048581643733, -0.3982746765921803, -0.3982746765921803, -0.3982746765921803, -0.3982746765921803, -0.3982746765921803, -0.3982746765921803, -0.3982746765921803, -0.3982746765921803, -0.3982746765921803, -0.3982746765921803, -0.3982746765921803, -0.3982746765921803, -0.3982746765921803, -0.3982746765921803, -0.3982746765921803, -0.3982746765921803, -0.3982746765921803, -0.3982746765921803, -0.3982746765921803, -0.3982746765921803, -0.3982746765921803, -0.3982746765921803, -0.3982746765921803, -0.3982746765921803, -0.3982746765921803, -0.3982746765921803, -0.3982746765921803, -0.3982746765921803, -0.3982746765921803, -0.3982746765921803, -0.3982746765921803, -0.3982746765921803, -0.3982746765921803, -0.3982746765921803, -0.3982746765921803, -0.3982746765921803, -0.3982746765921803, -0.3982746765921803, -0.3982746765921803, -0.3982746765921803, -0.3982746765921803, -0.3982746765921803, -0.3982746765921803, -0.3982746765921803, -0.3982746765921803, -0.3982746765921803, -0.3982746765921803, -0.3982746765921803, -0.3982746765921803, -0.3982746765921803, -0.3982746765921803, -0.3982746765921803, -0.3982746765921803, -0.3982746765921803, -0.3982746765921803, -0.3982746765921803, -0.3982746765921803, -0.3982746765921803, -0.3982746765921803, -0.3982746765921803, -0.3982746765921803, -0.3982746765921803, -0.3982746765921803, -0.3982746765921803, -0.3982746765921803, -0.3982746765921803, -0.3982746765921803, -0.3982746765921803, -0.3982746765921803, -0.3982746765921803, -0.3982746765921803, -0.3982746765921803, -0.3982746765921803, -0.3982746765921803, -0.3982746765921803, -0.3982746765921803, -0.3982746765921803, -0.3982746765921803, -0.3982746765921803, -0.3982746765921803, -0.3982746765921803, -0.3982746765921803, -0.3982746765921803, -0.3982746765921803, -0.3982746765921803, -0.3982746765921803, -0.3982746765921803, -0.3982746765921803, -0.3982746765921803, -0.3982746765921803, -0.3982746765921803, -0.3982746765921803, -0.3982746765921803, -0.3982746765921803, -0.3982746765921803, -0.3982746765921803, -0.3982746765921803, -0.3982746765921803, -0.3982746765921803, -0.3982746765921803, -0.3982746765921803, -0.3982746765921803, -0.3982746765921803, -0.3982746765921803, -0.3982746765921803, -0.3982746765921803, -0.3982746765921803, -0.3982746765921803, -0.3982746765921803, -0.3982746765921803, -0.3982746765921803, -0.3982746765921803, -0.3982746765921803, -0.3982746765921803, -0.3982746765921803, -0.3982746765921803, -0.3982746765921803, -0.3982746765921803, -0.3982746765921803, -0.3982746765921803, -0.3982746765921803, -0.3982746765921803, -0.3982746765921803, -0.3982746765921803, -0.3982746765921803, -0.3982746765921803, -0.3982746765921803, -0.3982746765921803, -0.3982746765921803, -0.3982746765921803, -0.3982746765921803, -0.3982746765921803, -0.3982746765921803, -0.3982746765921803, -0.3982746765921803, -0.3982746765921803, -0.3982746765921803, -0.3982746765921803, -0.3982746765921803, -0.3982746765921803, -0.3982746765921803, -0.3982746765921803, -0.3982746765921803, -0.3982746765921803, -0.3982746765921803, -0.3982746765921803, -0.3982746765921803, -0.3982746765921803, -0.3982746765921803, -0.3982746765921803, -0.3982746765921803, -0.3982746765921803, -0.3982746765921803, -0.3982746765921803, -0.3982746765921803, -0.3982746765921803, -0.3982746765921803, -0.3982746765921803, -0.3982746765921803, -0.3982746765921803, -0.3982746765921803, -0.3982746765921803, -0.3982746765921803, -0.3982746765921803, -0.3982746765921803, -0.3982746765921803, -0.3982746765921803, -0.3982746765921803, -0.3982746765921803, -0.3982746765921803, -0.3982746765921803, -0.3982746765921803, -0.3982746765921803, -0.3982746765921803, -0.3982746765921803, -0.3982746765921803, -0.3982746765921803, -0.3982746765921803, -0.3982746765921803, -0.3982746765921803, -0.3982746765921803, -0.3982746765921803, -0.3982746765921803, -0.3982746765921803, -0.3982746765921803, -0.3982746765921803, -0.3982746765921803, -0.3982746765921803, -0.3982746765921803, -0.3982746765921803, -0.3982746765921803]
data points:
values: [-24.129964413622268, -3.156436450015981, -3.156436450015981, -3.156436450015981, -3.156436450015981, -3.156436450015981, -3.156436450015981, -3.156436450015981, -3.156436450015981, -3.156436450015981, -3.156436450015981, -3.156436450015981, -1.3881950455370848, -1.3881950455370848, -0.8982767384760351, -0.8982767384760351, -0.5458465207772178, -0.5458465207772178, -0.5458465207772178, -0.5458465207772178, -0.5458465207772178, -0.5458465207772178, -0.5458465207772178, -0.5458465207772178, -0.5458465207772178, -0.5458465207772178, -0.5458465207772178, -0.5458465207772178, -0.5458465207772178, -0.5458465207772178, -0.4705513985882792, -0.4705513985882792, -0.4705513985882792, -0.4705513985882792, -0.4705513985882792, -0.43001364392046426, -0.43001364392046426, -0.43001364392046426, -0.4160604084972359, -0.4160604084972359, -0.4160604084972359, -0.4160604084972359, -0.4160604084972359, -0.4160604084972359, -0.4160604084972359, -0.4160604084972359, -0.4212631441387078, -0.4212631441387078, -0.4212631441387078, -0.4212631441387078, -0.4212631441387078, -0.4212631441387078, -0.4212631441387078, -0.4212631441387078, -0.4212631441387078, -0.4212631441387078, -0.4212631441387078, -0.4212631441387078, -0.4212631441387078, -0.4212631441387078, -0.4212631441387078, -0.41388689903157605, -0.41388689903157605, -0.41388689903157605, -0.41388689903157605, -0.41388689903157605, -0.41388689903157605, -0.41388689903157605, -0.41388689903157605, -0.41388689903157605, -0.41388689903157605, -0.41388689903157605, -0.41388689903157605, -0.41388689903157605, -0.41388689903157605, -0.41388689903157605, -0.39808373997248303, -0.39808373997248303, -0.39808373997248303, -0.39808373997248303, -0.39808373997248303, -0.39808373997248303, -0.39808373997248303, -0.39808373997248303, -0.39808373997248303, -0.39808373997248303, -0.39808373997248303, -0.39808373997248303, -0.39808373997248303, -0.39808373997248303, -0.39808373997248303, -0.39808373997248303, -0.39808373997248303, -0.39808373997248303, -0.39808373997248303, -0.39808373997248303, -0.39808373997248303, -0.39808373997248303, -0.39808373997248303, -0.39808373997248303, -0.39808373997248303, -0.39808373997248303, -0.39808373997248303, -0.39808373997248303, -0.39808373997248303, -0.39808373997248303, -0.39808373997248303, -0.39808373997248303, -0.39821274064898127, -0.39821274064898127, -0.39821274064898127, -0.39821274064898127, -0.39821274064898127, -0.39821274064898127, -0.39821274064898127, -0.39821274064898127, -0.39821274064898127, -0.39821274064898127, -0.39821274064898127, -0.39821274064898127, -0.39821274064898127, -0.39821274064898127, -0.39821274064898127, -0.39821274064898127, -0.39821274064898127, -0.39821274064898127, -0.39821274064898127, -0.39821274064898127, -0.39821274064898127, -0.39821274064898127, -0.39821274064898127, -0.39821274064898127, -0.39821274064898127, -0.39821274064898127, -0.39821274064898127, -0.39821274064898127, -0.39821274064898127, -0.39821274064898127, -0.39821274064898127, -0.39821274064898127, -0.39821274064898127, -0.39821274064898127, -0.39821274064898127, -0.39821274064898127, -0.39821274064898127, -0.39821274064898127, -0.39821274064898127, -0.39821274064898127, -0.39821274064898127, -0.39821274064898127, -0.39821274064898127, -0.39821274064898127, -0.39821274064898127, -0.39821274064898127, -0.39821274064898127, -0.39821274064898127, -0.39821274064898127, -0.39821274064898127, -0.39821274064898127, -0.39821274064898127, -0.39821274064898127, -0.39821274064898127, -0.39821274064898127, -0.39821274064898127, -0.39821274064898127, -0.39821274064898127, -0.39821274064898127, -0.39821274064898127, -0.39821274064898127, -0.39821274064898127, -0.39821274064898127, -0.39821274064898127, -0.39821274064898127, -0.39821274064898127, -0.39821274064898127, -0.39821274064898127, -0.39821274064898127, -0.39821274064898127, -0.39821274064898127, -0.39821274064898127, -0.39821274064898127, -0.39821274064898127, -0.39821274064898127, -0.39821274064898127, -0.39821274064898127, -0.39821274064898127, -0.39821274064898127, -0.39821274064898127, -0.39821274064898127, -0.39821274064898127, -0.39821274064898127, -0.39821274064898127, -0.39821274064898127, -0.39821274064898127, -0.39821274064898127, -0.39821274064898127, -0.39821274064898127, -0.39821274064898127, -0.39821274064898127, -0.39821274064898127, -0.39821274064898127, -0.39821274064898127, -0.39821274064898127, -0.39821274064898127, -0.39821274064898127, -0.39821274064898127, -0.39821274064898127, -0.39821274064898127, -0.39821274064898127, -0.39821274064898127, -0.39821274064898127, -0.39821274064898127, -0.39821274064898127, -0.39821274064898127, -0.39821274064898127, -0.39821274064898127, -0.39821274064898127, -0.39821274064898127, -0.39821274064898127, -0.39821274064898127, -0.39821274064898127, -0.39821274064898127, -0.39821274064898127, -0.39821274064898127, -0.39821274064898127, -0.39821274064898127, -0.39821274064898127, -0.39821274064898127, -0.39821274064898127, -0.39821274064898127, -0.39821274064898127, -0.39821274064898127, -0.39821274064898127, -0.39821274064898127, -0.39821274064898127, -0.39821274064898127, -0.39821274064898127, -0.39821274064898127, -0.39821274064898127, -0.39821274064898127, -0.39821274064898127, -0.39821274064898127, -0.39821274064898127, -0.39821274064898127, -0.39821274064898127, -0.39821274064898127, -0.39821274064898127, -0.39821274064898127, -0.39821274064898127, -0.39821274064898127, -0.39821274064898127, -0.39821274064898127, -0.39821274064898127, -0.39821274064898127, -0.39821274064898127, -0.39821274064898127, -0.39821274064898127, -0.39821274064898127, -0.39821274064898127, -0.39821274064898127, -0.39821274064898127, -0.39821274064898127, -0.39821274064898127, -0.39821274064898127, -0.39821274064898127, -0.39821274064898127, -0.39821274064898127, -0.39821274064898127, -0.39821274064898127, -0.39821274064898127, -0.39821274064898127, -0.39821274064898127, -0.39821274064898127, -0.39821274064898127, -0.39821274064898127, -0.39821274064898127, -0.39821274064898127, -0.39821274064898127, -0.39821274064898127, -0.39821274064898127, -0.39821274064898127, -0.39821274064898127, -0.39821274064898127, -0.39821274064898127, -0.39821274064898127, -0.39821274064898127, -0.39821274064898127, -0.39821274064898127, -0.39821274064898127, -0.39821274064898127, -0.39821274064898127, -0.39821274064898127, -0.39821274064898127, -0.39821274064898127, -0.39821274064898127, -0.39821274064898127, -0.39821274064898127, -0.39821274064898127]
real values1: [-24.129964413622268, -3.156436450015981, -3.156436450015981, -3.156436450015981, -3.156436450015981, -3.156436450015981, -3.156436450015981, -3.156436450015981, -3.156436450015981, -3.156436450015981, -3.156436450015981, -3.156436450015981, -1.3881950455370848, -1.3881950455370848, -0.8982767384760351, -0.5458465207772178, -0.5458465207772178, -0.5458465207772178, -0.5458465207772178, -0.5458465207772178, -0.5458465207772178, -0.5458465207772178, -0.5458465207772178, -0.5458465207772178, -0.5458465207772178, -0.5458465207772178, -0.5458465207772178, -0.5458465207772178, -0.5458465207772178, -0.4705513985882792, -0.4705513985882792, -0.4705513985882792, -0.4705513985882792, -0.4705513985882792, -0.43001364392046426, -0.43001364392046426, -0.43001364392046426, -0.4160604084972359, -0.4160604084972359, -0.4160604084972359, -0.4160604084972359, -0.4160604084972359, -0.4160604084972359, -0.4160604084972359, -0.4160604084972359, -0.4212631441387078, -0.4212631441387078, -0.4212631441387078, -0.4212631441387078, -0.4212631441387078, -0.4212631441387078, -0.4212631441387078, -0.4212631441387078, -0.4212631441387078, -0.4212631441387078, -0.4212631441387078, -0.4212631441387078, -0.4212631441387078, -0.4212631441387078, -0.4212631441387078, -0.41388689903157605, -0.41388689903157605, -0.41388689903157605, -0.41388689903157605, -0.41388689903157605, -0.41388689903157605, -0.41388689903157605, -0.41388689903157605, -0.41388689903157605, -0.41388689903157605, -0.41388689903157605, -0.41388689903157605, -0.41388689903157605, -0.41388689903157605, -0.41388689903157605, -0.39808373997248303, -0.39808373997248303, -0.39808373997248303, -0.39808373997248303, -0.39808373997248303, -0.39808373997248303, -0.39808373997248303, -0.39808373997248303, -0.39808373997248303, -0.39808373997248303, -0.39808373997248303, -0.39808373997248303, -0.39808373997248303, -0.39808373997248303, -0.39808373997248303, -0.39808373997248303, -0.39808373997248303, -0.39808373997248303, -0.39808373997248303, -0.39808373997248303, -0.39808373997248303, -0.39808373997248303, -0.39808373997248303, -0.39808373997248303, -0.39808373997248303, -0.39808373997248303, -0.39808373997248303, -0.39808373997248303, -0.39808373997248303, -0.39808373997248303, -0.39808373997248303, -0.39808373997248303, -0.39821274064898127, -0.39821274064898127, -0.39821274064898127, -0.39821274064898127, -0.39821274064898127, -0.39821274064898127, -0.39821274064898127, -0.39821274064898127, -0.39821274064898127, -0.39821274064898127, -0.39821274064898127, -0.39821274064898127, -0.39821274064898127, -0.39821274064898127, -0.39821274064898127, -0.39821274064898127, -0.39821274064898127, -0.39821274064898127, -0.39821274064898127, -0.39821274064898127, -0.39821274064898127, -0.39821274064898127, -0.39821274064898127, -0.39821274064898127, -0.39821274064898127, -0.39821274064898127, -0.39821274064898127, -0.39821274064898127, -0.39821274064898127, -0.39821274064898127, -0.39821274064898127, -0.39821274064898127, -0.39821274064898127, -0.39821274064898127, -0.39821274064898127, -0.39821274064898127, -0.39821274064898127, -0.39821274064898127, -0.39821274064898127, -0.39821274064898127, -0.39821274064898127, -0.39821274064898127, -0.39821274064898127, -0.39821274064898127, -0.39821274064898127, -0.39821274064898127, -0.39821274064898127, -0.39821274064898127, -0.39821274064898127, -0.39821274064898127, -0.39821274064898127, -0.39821274064898127, -0.39821274064898127, -0.39821274064898127, -0.39821274064898127, -0.39821274064898127, -0.39821274064898127, -0.39821274064898127, -0.39821274064898127, -0.39821274064898127, -0.39821274064898127, -0.39821274064898127, -0.39821274064898127, -0.39821274064898127, -0.39821274064898127, -0.39821274064898127, -0.39821274064898127, -0.39821274064898127, -0.39821274064898127, -0.39821274064898127, -0.39821274064898127, -0.39821274064898127, -0.39821274064898127, -0.39821274064898127, -0.39821274064898127, -0.39821274064898127, -0.39821274064898127, -0.39821274064898127, -0.39821274064898127, -0.39821274064898127, -0.39821274064898127, -0.39821274064898127, -0.39821274064898127, -0.39821274064898127, -0.39821274064898127, -0.39821274064898127, -0.39821274064898127, -0.39821274064898127, -0.39821274064898127, -0.39821274064898127, -0.39821274064898127, -0.39821274064898127, -0.39821274064898127, -0.39821274064898127, -0.39821274064898127, -0.39821274064898127, -0.39821274064898127, -0.39821274064898127, -0.39821274064898127, -0.39821274064898127, -0.39821274064898127, -0.39821274064898127, -0.39821274064898127, -0.39821274064898127, -0.39821274064898127, -0.39821274064898127, -0.39821274064898127, -0.39821274064898127, -0.39821274064898127, -0.39821274064898127, -0.39821274064898127, -0.39821274064898127, -0.39821274064898127, -0.39821274064898127, -0.39821274064898127, -0.39821274064898127, -0.39821274064898127, -0.39821274064898127, -0.39821274064898127, -0.39821274064898127, -0.39821274064898127, -0.39821274064898127, -0.39821274064898127, -0.39821274064898127, -0.39821274064898127, -0.39821274064898127, -0.39821274064898127, -0.39821274064898127, -0.39821274064898127, -0.39821274064898127, -0.39821274064898127, -0.39821274064898127, -0.39821274064898127, -0.39821274064898127, -0.39821274064898127, -0.39821274064898127, -0.39821274064898127, -0.39821274064898127, -0.39821274064898127, -0.39821274064898127, -0.39821274064898127, -0.39821274064898127, -0.39821274064898127, -0.39821274064898127, -0.39821274064898127, -0.39821274064898127, -0.39821274064898127, -0.39821274064898127, -0.39821274064898127, -0.39821274064898127, -0.39821274064898127, -0.39821274064898127, -0.39821274064898127, -0.39821274064898127, -0.39821274064898127, -0.39821274064898127, -0.39821274064898127, -0.39821274064898127, -0.39821274064898127, -0.39821274064898127, -0.39821274064898127, -0.39821274064898127, -0.39821274064898127, -0.39821274064898127, -0.39821274064898127, -0.39821274064898127, -0.39821274064898127, -0.39821274064898127, -0.39821274064898127, -0.39821274064898127, -0.39821274064898127, -0.39821274064898127, -0.39821274064898127, -0.39821274064898127, -0.39821274064898127, -0.39821274064898127, -0.39821274064898127, -0.39821274064898127, -0.39821274064898127, -0.39821274064898127, -0.39821274064898127, -0.39821274064898127, -0.39821274064898127, -0.39821274064898127, -0.39821274064898127, -0.39821274064898127, -0.39821274064898127, -0.39821274064898127, -0.39821274064898127, -0.39821274064898127, -0.39821274064898127]
real values2: [-24.129964413622268, -3.156436450015981, -3.156436450015981, -3.156436450015981, -3.156436450015981, -3.156436450015981, -3.156436450015981, -3.156436450015981, -3.156436450015981, -3.156436450015981, -3.156436450015981, -3.156436450015981, -1.3881950455370848, -1.3881950455370848, -0.8982767384760351, -0.5458465207772178, -0.5458465207772178, -0.5458465207772178, -0.5458465207772178, -0.5458465207772178, -0.5458465207772178, -0.5458465207772178, -0.5458465207772178, -0.5458465207772178, -0.5458465207772178, -0.5458465207772178, -0.5458465207772178, -0.5458465207772178, -0.5458465207772178, -0.4705513985882792, -0.4705513985882792, -0.4705513985882792, -0.4705513985882792, -0.4705513985882792, -0.43001364392046426, -0.43001364392046426, -0.43001364392046426, -0.4160604084972359, -0.4160604084972359, -0.4160604084972359, -0.4160604084972359, -0.4160604084972359, -0.4160604084972359, -0.4160604084972359, -0.4160604084972359, -0.4212631441387078, -0.4212631441387078, -0.4212631441387078, -0.4212631441387078, -0.4212631441387078, -0.4212631441387078, -0.4212631441387078, -0.4212631441387078, -0.4212631441387078, -0.4212631441387078, -0.4212631441387078, -0.4212631441387078, -0.4212631441387078, -0.4212631441387078, -0.4212631441387078, -0.41388689903157605, -0.41388689903157605, -0.41388689903157605, -0.41388689903157605, -0.41388689903157605, -0.41388689903157605, -0.41388689903157605, -0.41388689903157605, -0.41388689903157605, -0.41388689903157605, -0.41388689903157605, -0.41388689903157605, -0.41388689903157605, -0.41388689903157605, -0.41388689903157605, -0.39808373997248303, -0.39808373997248303, -0.39808373997248303, -0.39808373997248303, -0.39808373997248303, -0.39808373997248303, -0.39808373997248303, -0.39808373997248303, -0.39808373997248303, -0.39808373997248303, -0.39808373997248303, -0.39808373997248303, -0.39808373997248303, -0.39808373997248303, -0.39808373997248303, -0.39808373997248303, -0.39808373997248303, -0.39808373997248303, -0.39808373997248303, -0.39808373997248303, -0.39808373997248303, -0.39808373997248303, -0.39808373997248303, -0.39808373997248303, -0.39808373997248303, -0.39808373997248303, -0.39808373997248303, -0.39808373997248303, -0.39808373997248303, -0.39808373997248303, -0.39808373997248303, -0.39808373997248303, -0.39821274064898127, -0.39821274064898127, -0.39821274064898127, -0.39821274064898127, -0.39821274064898127, -0.39821274064898127, -0.39821274064898127, -0.39821274064898127, -0.39821274064898127, -0.39821274064898127, -0.39821274064898127, -0.39821274064898127, -0.39821274064898127, -0.39821274064898127, -0.39821274064898127, -0.39821274064898127, -0.39821274064898127, -0.39821274064898127, -0.39821274064898127, -0.39821274064898127, -0.39821274064898127, -0.39821274064898127, -0.39821274064898127, -0.39821274064898127, -0.39821274064898127, -0.39821274064898127, -0.39821274064898127, -0.39821274064898127, -0.39821274064898127, -0.39821274064898127, -0.39821274064898127, -0.39821274064898127, -0.39821274064898127, -0.39821274064898127, -0.39821274064898127, -0.39821274064898127, -0.39821274064898127, -0.39821274064898127, -0.39821274064898127, -0.39821274064898127, -0.39821274064898127, -0.39821274064898127, -0.39821274064898127, -0.39821274064898127, -0.39821274064898127, -0.39821274064898127, -0.39821274064898127, -0.39821274064898127, -0.39821274064898127, -0.39821274064898127, -0.39821274064898127, -0.39821274064898127, -0.39821274064898127, -0.39821274064898127, -0.39821274064898127, -0.39821274064898127, -0.39821274064898127, -0.39821274064898127, -0.39821274064898127, -0.39821274064898127, -0.39821274064898127, -0.39821274064898127, -0.39821274064898127, -0.39821274064898127, -0.39821274064898127, -0.39821274064898127, -0.39821274064898127, -0.39821274064898127, -0.39821274064898127, -0.39821274064898127, -0.39821274064898127, -0.39821274064898127, -0.39821274064898127, -0.39821274064898127, -0.39821274064898127, -0.39821274064898127, -0.39821274064898127, -0.39821274064898127, -0.39821274064898127, -0.39821274064898127, -0.39821274064898127, -0.39821274064898127, -0.39821274064898127, -0.39821274064898127, -0.39821274064898127, -0.39821274064898127, -0.39821274064898127, -0.39821274064898127, -0.39821274064898127, -0.39821274064898127, -0.39821274064898127, -0.39821274064898127, -0.39821274064898127, -0.39821274064898127, -0.39821274064898127, -0.39821274064898127, -0.39821274064898127, -0.39821274064898127, -0.39821274064898127, -0.39821274064898127, -0.39821274064898127, -0.39821274064898127, -0.39821274064898127, -0.39821274064898127, -0.39821274064898127, -0.39821274064898127, -0.39821274064898127, -0.39821274064898127, -0.39821274064898127, -0.39821274064898127, -0.39821274064898127, -0.39821274064898127, -0.39821274064898127, -0.39821274064898127, -0.39821274064898127, -0.39821274064898127, -0.39821274064898127, -0.39821274064898127, -0.39821274064898127, -0.39821274064898127, -0.39821274064898127, -0.39821274064898127, -0.39821274064898127, -0.39821274064898127, -0.39821274064898127, -0.39821274064898127, -0.39821274064898127, -0.39821274064898127, -0.39821274064898127, -0.39821274064898127, -0.39821274064898127, -0.39821274064898127, -0.39821274064898127, -0.39821274064898127, -0.39821274064898127, -0.39821274064898127, -0.39821274064898127, -0.39821274064898127, -0.39821274064898127, -0.39821274064898127, -0.39821274064898127, -0.39821274064898127, -0.39821274064898127, -0.39821274064898127, -0.39821274064898127, -0.39821274064898127, -0.39821274064898127, -0.39821274064898127, -0.39821274064898127, -0.39821274064898127, -0.39821274064898127, -0.39821274064898127, -0.39821274064898127, -0.39821274064898127, -0.39821274064898127, -0.39821274064898127, -0.39821274064898127, -0.39821274064898127, -0.39821274064898127, -0.39821274064898127, -0.39821274064898127, -0.39821274064898127, -0.39821274064898127, -0.39821274064898127, -0.39821274064898127, -0.39821274064898127, -0.39821274064898127, -0.39821274064898127, -0.39821274064898127, -0.39821274064898127, -0.39821274064898127, -0.39821274064898127, -0.39821274064898127, -0.39821274064898127, -0.39821274064898127, -0.39821274064898127, -0.39821274064898127, -0.39821274064898127, -0.39821274064898127, -0.39821274064898127, -0.39821274064898127, -0.39821274064898127, -0.39821274064898127, -0.39821274064898127, -0.39821274064898127, -0.39821274064898127, -0.39821274064898127, -0.39821274064898127, -0.39821274064898127, -0.39821274064898127, -0.39821274064898127]
Done!
