('generated stochastic delays:', [array([ 2, 11,  5, ...,  2,  3,  1])])
('test function', 'Branin')
('opt_fidel_cost:', 1.0)
Running Experiment1: 
('total budget:', 600)
Auto Init: 
C: 0.8313313703582592
nu: 0.8313313703582592
Budget Remaining: 591.99304986
Number of MFHOO Instances: 3
Budget per MFHOO Instance:196.33101662
number of HOO: 3
Running SOO number: 1 rho: 0.95 nu: 0.8313313703582592
delay_type: DHOO
policy: UCB1
[0.54589844 0.12451172]
final iterations:35953527
final HOO number of nodes:169
final HOO height:21
final duration:196
final optimal value:-0.519116 
time durations: [0.0007710456848144531, 4.005604028701782, 8.007642030715942, 12.011261940002441, 16.012315034866333, 20.015065908432007, 24.018857955932617, 28.022596836090088, 32.02722191810608, 36.03265404701233, 36.05296206474304, 40.056889057159424, 40.05726099014282, 44.07258987426758, 48.089751958847046, 48.090484857559204, 52.0962119102478, 56.10221195220947, 56.10310387611389, 60.10902786254883, 64.11542296409607, 64.11629486083984, 68.1242048740387, 68.12506985664368, 72.13566088676453, 72.13699388504028, 76.15894889831543, 80.16444301605225, 80.16579985618591, 84.1764600276947, 88.17993688583374, 88.18091201782227, 92.1956238746643, 92.19688701629639, 96.20982193946838, 96.2112889289856, 96.21227693557739, 100.23163604736328, 100.2328028678894, 104.23968696594238, 104.24085092544556, 104.24270391464233, 108.25262093544006, 108.25376892089844, 112.25915694236755, 112.26051592826843, 116.26435995101929, 120.26795697212219, 120.26907587051392, 120.27008295059204, 124.27542686462402, 124.27705502510071, 128.29195094108582, 128.29292702674866, 128.29402995109558, 132.29921793937683, 132.3011510372162, 136.30944800376892, 140.31415796279907, 140.31517505645752, 144.32248902320862, 144.32356786727905, 148.32943487167358, 148.33067393302917, 152.33494400978088, 156.33847403526306, 156.34053087234497, 156.3422589302063, 160.35498189926147, 160.3566608428955, 164.3648500442505, 164.36617398262024, 168.37993097305298, 168.38140296936035, 172.39022994041443, 176.39718794822693, 176.39886093139648, 180.4066379070282, 180.40784406661987, 184.42017793655396, 184.42192697525024, 188.43769884109497, 188.44108390808105, 188.44284296035767, 192.4525249004364, 192.45404505729675]
noisy values: [-24.717212720622562, -3.2693864500647454, -3.2693864500647454, -3.2693864500647454, -3.2693864500647454, -3.2693864500647454, -1.878555389133357, -1.1364511705127924, -1.1364511705127924, -1.1364511705127924, -1.0557382984011134, -0.6921541650187368, -0.6921541650187368, -0.6921541650187368, -0.5852528064027673, -0.5852528064027673, -0.5852528064027673, -0.5852528064027673, -0.5852528064027673, -0.5644593252309509, -0.5644593252309509, -0.5644593252309509, -0.5644593252309509, -0.5644593252309509, -0.5644593252309509, -0.5644593252309509, -0.5432389831364901, -0.5432389831364901, -0.5432389831364901, -0.5432389831364901, -0.5432389831364901, -0.5432389831364901, -0.5432389831364901, -0.5432389831364901, -0.5432389831364901, -0.5432389831364901, -0.5432389831364901, -0.5324450200155155, -0.5324450200155155, -0.5236498078773355, -0.5236498078773355, -0.5236498078773355, -0.522673992833969, -0.522673992833969, -0.522673992833969, -0.522673992833969, -0.522673992833969, -0.522673992833969, -0.522673992833969, -0.522673992833969, -0.522673992833969, -0.522673992833969, -0.522673992833969, -0.522673992833969, -0.522673992833969, -0.5191160233446777, -0.5191160233446777, -0.5191160233446777, -0.5191160233446777, -0.5191160233446777, -0.5191160233446777, -0.5191160233446777, -0.5191160233446777, -0.5191160233446777, -0.5191160233446777, -0.5191160233446777, -0.5191160233446777, -0.5191160233446777, -0.5191160233446777, -0.5191160233446777, -0.5191160233446777, -0.5191160233446777, -0.5191160233446777, -0.5191160233446777, -0.5191160233446777, -0.5191160233446777, -0.5191160233446777, -0.5191160233446777, -0.5191160233446777, -0.5191160233446777, -0.5191160233446777, -0.5191160233446777, -0.5191160233446777, -0.5191160233446777, -0.5191160233446777, -0.5191160233446777]
data points:
values: [-24.129964413622268, -3.156436450015981, -3.156436450015981, -3.156436450015981, -3.156436450015981, -3.156436450015981, -2.065240567292882, -1.2367994993539337, -1.2367994993539337, -1.2367994993539337, -1.2367994993539337, -1.138531354346135, -0.7604847887383777, -0.7604847887383777, -0.7604847887383777, -0.6366682720651493, -0.6366682720651493, -0.6366682720651493, -0.6366682720651493, -0.6366682720651493, -0.6061414031402013, -0.6061414031402013, -0.6061414031402013, -0.6061414031402013, -0.6061414031402013, -0.6061414031402013, -0.6061414031402013, -0.5802631959207343, -0.5802631959207343, -0.5802631959207343, -0.5802631959207343, -0.5802631959207343, -0.5802631959207343, -0.5802631959207343, -0.5802631959207343, -0.5802631959207343, -0.5802631959207343, -0.5802631959207343, -0.566327834922566, -0.566327834922566, -0.5546979199160589, -0.5546979199160589, -0.5546979199160589, -0.55160214699157, -0.55160214699157, -0.55160214699157, -0.55160214699157, -0.55160214699157, -0.55160214699157, -0.55160214699157, -0.55160214699157, -0.55160214699157, -0.55160214699157, -0.55160214699157, -0.55160214699157, -0.55160214699157, -0.5461132684755707, -0.5461132684755707, -0.5461132684755707, -0.5461132684755707, -0.5461132684755707, -0.5461132684755707, -0.5461132684755707, -0.5461132684755707, -0.5461132684755707, -0.5461132684755707, -0.5461132684755707, -0.5461132684755707, -0.5461132684755707, -0.5461132684755707, -0.5461132684755707, -0.5461132684755707, -0.5461132684755707, -0.5461132684755707, -0.5461132684755707, -0.5461132684755707, -0.5461132684755707, -0.5461132684755707, -0.5461132684755707, -0.5461132684755707, -0.5461132684755707, -0.5461132684755707, -0.5461132684755707, -0.5461132684755707, -0.5461132684755707, -0.5461132684755707]
Done!
Running SOO number: 2 rho: 0.925945462757 nu: 0.8313313703582592
delay_type: DHOO
policy: UCB1
[0.54589844 0.12451172]
final iterations:35695872
final HOO number of nodes:185
final HOO height:26
final duration:196
final optimal value:-0.534467 
time durations: [0.0001571178436279297, 4.0022971630096436, 8.00452208518982, 12.0105459690094, 12.010998010635376, 12.011399030685425, 16.020385026931763, 20.03226399421692, 20.032915115356445, 24.037618160247803, 24.038411140441895, 28.054275035858154, 28.055577993392944, 28.055848121643066, 32.06083703041077, 32.068690061569214, 36.07612419128418, 36.07710099220276, 36.07777118682861, 40.0844349861145, 40.08633518218994, 40.093786001205444, 44.086268186569214, 44.10861897468567, 48.09772515296936, 48.113561153411865, 52.10167598724365, 52.10235905647278, 56.11654806137085, 60.12112212181091, 60.121827125549316, 64.13529300689697, 68.14067316055298, 68.14193415641785, 72.1544120311737, 72.1556031703949, 76.16744613647461, 80.17189311981201, 80.1728720664978, 80.17402505874634, 84.1850471496582, 84.18663907051086, 88.1892261505127, 88.19034910202026, 92.20040011405945, 92.201984167099, 96.20911598205566, 100.21218419075012, 100.2133321762085, 104.2199330329895, 104.22093200683594, 108.22380805015564, 108.22526097297668, 112.2341251373291, 112.23526096343994, 116.2418601512909, 116.24368715286255, 116.24469113349915, 120.25158596038818, 120.25278210639954, 120.25395798683167, 124.26144003868103, 128.27242517471313, 128.27378797531128, 132.27968907356262, 132.28091597557068, 136.2860550880432, 136.28747010231018, 140.29503202438354, 140.2962839603424, 144.30723309516907, 144.30842900276184, 148.31094408035278, 148.3124041557312, 152.31842303276062, 156.32103300094604, 156.32266211509705, 160.33471608161926, 160.33644104003906, 164.34887599945068, 164.3508460521698, 168.3544521331787, 168.35603308677673, 172.36186909675598, 172.36501097679138, 176.37297296524048, 176.37480902671814, 180.38220310211182, 180.38460111618042, 184.39450812339783, 188.40321016311646, 188.40470004081726, 192.418771982193, 192.4217541217804]
noisy values: [-24.717212720622562, -3.266439487541179, -3.266439487541179, -3.266439487541179, -3.266439487541179, -3.266439487541179, -3.266439487541179, -3.266439487541179, -3.266439487541179, -3.266439487541179, -1.5064863407048712, -1.5064863407048712, -1.5064863407048712, -1.5064863407048712, -1.5064863407048712, -1.1579599514923906, -1.1579599514923906, -1.1579599514923906, -1.1579599514923906, -1.1579599514923906, -1.1579599514923906, -1.0770700138480773, -1.0770700138480773, -0.7143102126603953, -0.7143102126603953, -0.7143102126603953, -0.6050656946690705, -0.6050656946690705, -0.6050656946690705, -0.6050656946690705, -0.6050656946690705, -0.6050656946690705, -0.6050656946690705, -0.6050656946690705, -0.5857488786302838, -0.5857488786302838, -0.5841274689055265, -0.5841274689055265, -0.5841274689055265, -0.5841274689055265, -0.5660858872931964, -0.5660858872931964, -0.5660858872931964, -0.5660858872931964, -0.5522288235017179, -0.5522288235017179, -0.5435179234536243, -0.5435179234536243, -0.5435179234536243, -0.5435179234536243, -0.5435179234536243, -0.5435179234536243, -0.5435179234536243, -0.5405956947918842, -0.5405956947918842, -0.5405956947918842, -0.5405956947918842, -0.5405956947918842, -0.5405956947918842, -0.5405956947918842, -0.5405956947918842, -0.5387930191212238, -0.534467104217967, -0.534467104217967, -0.534467104217967, -0.534467104217967, -0.534467104217967, -0.534467104217967, -0.534467104217967, -0.534467104217967, -0.534467104217967, -0.534467104217967, -0.534467104217967, -0.534467104217967, -0.534467104217967, -0.534467104217967, -0.534467104217967, -0.534467104217967, -0.534467104217967, -0.534467104217967, -0.534467104217967, -0.534467104217967, -0.534467104217967, -0.534467104217967, -0.534467104217967, -0.534467104217967, -0.534467104217967, -0.534467104217967, -0.534467104217967, -0.534467104217967, -0.534467104217967, -0.534467104217967, -0.534467104217967, -0.534467104217967]
data points:
values: [-24.129964413622268, -3.156436450015981, -3.156436450015981, -3.156436450015981, -3.156436450015981, -3.156436450015981, -3.156436450015981, -3.156436450015981, -3.156436450015981, -3.156436450015981, -1.3881950455370848, -1.3881950455370848, -1.3881950455370848, -1.3881950455370848, -1.3881950455370848, -1.3881950455370848, -1.2367994993539337, -1.2367994993539337, -1.2367994993539337, -1.2367994993539337, -1.2367994993539337, -1.2367994993539337, -1.138531354346135, -0.7604847887383777, -0.7604847887383777, -0.7604847887383777, -0.7604847887383777, -0.6366682720651493, -0.6366682720651493, -0.6366682720651493, -0.6366682720651493, -0.6366682720651493, -0.6366682720651493, -0.6366682720651493, -0.6366682720651493, -0.6061414031402013, -0.6061414031402013, -0.6016096509437467, -0.6016096509437467, -0.6016096509437467, -0.6016096509437467, -0.5809771487741298, -0.5809771487741298, -0.5809771487741298, -0.5809771487741298, -0.5667294360429196, -0.5667294360429196, -0.5564109472988754, -0.5564109472988754, -0.5564109472988754, -0.5564109472988754, -0.5564109472988754, -0.5564109472988754, -0.5564109472988754, -0.5546979199160589, -0.5546979199160589, -0.5546979199160589, -0.5546979199160589, -0.5546979199160589, -0.5546979199160589, -0.5546979199160589, -0.5546979199160589, -0.55160214699157, -0.5461132684755707, -0.5461132684755707, -0.5461132684755707, -0.5461132684755707, -0.5461132684755707, -0.5461132684755707, -0.5461132684755707, -0.5461132684755707, -0.5461132684755707, -0.5461132684755707, -0.5461132684755707, -0.5461132684755707, -0.5461132684755707, -0.5461132684755707, -0.5461132684755707, -0.5461132684755707, -0.5461132684755707, -0.5461132684755707, -0.5461132684755707, -0.5461132684755707, -0.5461132684755707, -0.5461132684755707, -0.5461132684755707, -0.5461132684755707, -0.5461132684755707, -0.5461132684755707, -0.5461132684755707, -0.5461132684755707, -0.5461132684755707, -0.5461132684755707, -0.5461132684755707]
Done!
Updating C
C: 1.163863918501563
nu_max: 1.163863918501563
Running SOO number: 3 rho: 0.857375 nu: 1.163863918501563
delay_type: DHOO
policy: UCB1
[0.54589844 0.12451172]
final iterations:33967656
final HOO number of nodes:183
final HOO height:24
final duration:196
final optimal value:-0.543570 
time durations: [0.0001430511474609375, 4.006371974945068, 8.007676124572754, 8.023040056228638, 12.025014162063599, 16.026057958602905, 20.02886700630188, 20.030269145965576, 20.030921936035156, 24.038562059402466, 24.038881063461304, 24.03950309753418, 28.051685094833374, 28.05237913131714, 28.056007146835327, 32.06549596786499, 32.06598496437073, 36.07153797149658, 36.08116698265076, 40.08526396751404, 40.08670902252197, 44.09543800354004, 48.10258197784424, 52.10858416557312, 52.10937714576721, 56.11552405357361, 56.116568088531494, 60.126551151275635, 64.12878704071045, 64.12942004203796, 68.13670897483826, 72.14192199707031, 72.14299011230469, 76.14672303199768, 76.14764404296875, 76.14850902557373, 80.15904712677002, 80.15995693206787, 80.16186904907227, 84.16863512992859, 84.16965508460999, 84.17064094543457, 88.18530607223511, 92.19031000137329, 92.19145798683167, 96.19565296173096, 96.19702696800232, 100.20315408706665, 100.2049651145935, 104.21062111854553, 104.2120749950409, 104.21289706230164, 104.214359998703, 108.22571516036987, 112.22772312164307, 112.22884798049927, 116.236820936203, 120.24257302284241, 120.24384212493896, 124.25574207305908, 124.2572250366211, 128.26488208770752, 132.26897716522217, 132.2703709602356, 136.28075408935547, 136.28223299980164, 136.28372406959534, 140.2940969467163, 140.29572010040283, 144.2997739315033, 144.30156302452087, 148.30863094329834, 148.31065106391907, 148.31217098236084, 152.31859493255615, 152.32036995887756, 156.326828956604, 156.32803606987, 160.33558416366577, 164.34277510643005, 164.34525513648987, 164.34750699996948, 168.36141204833984, 172.36843514442444, 172.3698160648346, 176.38420510292053, 180.3910140991211, 180.3927080631256, 184.40708112716675, 184.4088990688324, 188.4175319671631, 192.4249529838562, 192.42654705047607]
noisy values: [-24.717212720622562, -3.258063612718683, -3.258063612718683, -3.258063612718683, -3.258063612718683, -3.258063612718683, -3.258063612718683, -3.258063612718683, -3.258063612718683, -1.9624894106205808, -1.9624894106205808, -1.9624894106205808, -1.9281354434158136, -1.9281354434158136, -1.1931851533626148, -1.1931851533626148, -1.1931851533626148, -1.1931851533626148, -1.113718829908434, -0.7417459065104683, -0.7417459065104683, -0.6238229448763963, -0.6238229448763963, -0.6238229448763963, -0.6238229448763963, -0.6238229448763963, -0.6238229448763963, -0.6238229448763963, -0.5950383098910397, -0.5950383098910397, -0.5757886523970335, -0.5757886523970335, -0.5757886523970335, -0.5757886523970335, -0.5757886523970335, -0.5757886523970335, -0.5757886523970335, -0.5757886523970335, -0.5757886523970335, -0.5620636902261307, -0.5620636902261307, -0.5620636902261307, -0.5620636902261307, -0.5525698936007508, -0.5525698936007508, -0.5525698936007508, -0.5525698936007508, -0.5525698936007508, -0.5525698936007508, -0.5525698936007508, -0.5525698936007508, -0.5525698936007508, -0.5525698936007508, -0.5525698936007508, -0.5525698936007508, -0.5525698936007508, -0.5525698936007508, -0.5511030214265098, -0.5511030214265098, -0.5485794887336493, -0.5485794887336493, -0.5485794887336493, -0.5485794887336493, -0.5485794887336493, -0.5485794887336493, -0.5485794887336493, -0.5485794887336493, -0.5485794887336493, -0.5485794887336493, -0.5485794887336493, -0.5485794887336493, -0.5435701781079558, -0.5435701781079558, -0.5435701781079558, -0.5435701781079558, -0.5435701781079558, -0.5435701781079558, -0.5435701781079558, -0.5435701781079558, -0.5435701781079558, -0.5435701781079558, -0.5435701781079558, -0.5435701781079558, -0.5435701781079558, -0.5435701781079558, -0.5435701781079558, -0.5435701781079558, -0.5435701781079558, -0.5435701781079558, -0.5435701781079558, -0.5435701781079558, -0.5435701781079558, -0.5435701781079558]
data points:
values: [-24.129964413622268, -3.156436450015981, -3.156436450015981, -3.156436450015981, -3.156436450015981, -3.156436450015981, -3.156436450015981, -3.156436450015981, -3.156436450015981, -2.065240567292882, -2.065240567292882, -2.065240567292882, -2.065240567292882, -1.4131860975722592, -1.2367994993539337, -1.2367994993539337, -1.2367994993539337, -1.2367994993539337, -1.2367994993539337, -0.7604847887383777, -0.7604847887383777, -0.7604847887383777, -0.6366682720651493, -0.6366682720651493, -0.6366682720651493, -0.6366682720651493, -0.6366682720651493, -0.6366682720651493, -0.6366682720651493, -0.6016096509437467, -0.6016096509437467, -0.5809771487741298, -0.5809771487741298, -0.5809771487741298, -0.5809771487741298, -0.5809771487741298, -0.5809771487741298, -0.5809771487741298, -0.5809771487741298, -0.5809771487741298, -0.5667294360429196, -0.5667294360429196, -0.5667294360429196, -0.5667294360429196, -0.5564109472988754, -0.5564109472988754, -0.5564109472988754, -0.5564109472988754, -0.5564109472988754, -0.5564109472988754, -0.5564109472988754, -0.5564109472988754, -0.5564109472988754, -0.5564109472988754, -0.5564109472988754, -0.5564109472988754, -0.5564109472988754, -0.5564109472988754, -0.5546979199160589, -0.5546979199160589, -0.55160214699157, -0.55160214699157, -0.55160214699157, -0.55160214699157, -0.55160214699157, -0.55160214699157, -0.55160214699157, -0.55160214699157, -0.55160214699157, -0.55160214699157, -0.55160214699157, -0.55160214699157, -0.5461132684755707, -0.5461132684755707, -0.5461132684755707, -0.5461132684755707, -0.5461132684755707, -0.5461132684755707, -0.5461132684755707, -0.5461132684755707, -0.5461132684755707, -0.5461132684755707, -0.5461132684755707, -0.5461132684755707, -0.5461132684755707, -0.5461132684755707, -0.5461132684755707, -0.5461132684755707, -0.5461132684755707, -0.5461132684755707, -0.5461132684755707, -0.5461132684755707, -0.5461132684755707]
Done!
Updating C
C: 1.629409485902188
nu_max: 1.629409485902188
opt_val: -0.546113268476
