('generated stochastic delays:', [array([ 2, 11,  5, ...,  2,  3,  1])])
('opt_fidel_cost:', 1.0)
Running Experiment1: 
('total budget:', 600)
Auto Init: 
C: 0.8313313703582592
nu: 0.8313313703582592
Budget Remaining: 591.993860006
Number of MFHOO Instances: 1
Budget per MFHOO Instance:590.993860006
Running SOO number: 1 rho: 0.95 nu: 0.8313313703582592
delay_type: DHOO
policy: UCBV
[0.54296875 0.15039062]
final iterations:85954602
final HOO number of nodes:607
final HOO height:25
final duration:590
final optimal value:-0.398348 
time durations: [0.0012619495391845703, 4.0050599575042725, 4.007282018661499, 8.008306980133057, 8.009805917739868, 8.011568069458008, 8.012588024139404, 8.021066904067993, 8.022576093673706, 12.014177083969116, 12.014549970626831, 16.025388956069946, 16.025996923446655, 20.033132076263428, 20.033859968185425, 20.03430700302124, 24.043948888778687, 28.05009889602661, 32.05277109146118, 36.058809995651245, 36.060335874557495, 40.070348024368286, 40.07133102416992, 44.084728956222534, 48.09614396095276, 52.1003680229187, 52.10133504867554, 56.10875606536865, 60.114518880844116, 60.115586042404175, 64.12319302558899, 64.12404990196228, 68.12812995910645, 68.12894105911255, 72.14497804641724, 72.14600396156311, 76.15643692016602, 80.16144299507141, 80.16249489784241, 84.17260599136353, 84.1736330986023, 88.1791639328003, 92.20858192443848, 92.2099130153656, 96.2144889831543, 96.21544694900513, 100.22774410247803, 104.23901391029358, 104.24045705795288, 108.2551200389862, 108.25629687309265, 112.26160192489624, 116.27225399017334, 116.27364492416382, 120.28511190414429, 120.28623294830322, 120.2874710559845, 124.30035591125488, 124.30176186561584, 128.3170759677887, 128.3187279701233, 132.32431197166443, 132.3256778717041, 136.32853198051453, 136.33003401756287, 140.34087204933167, 140.3422679901123, 140.34384298324585, 144.3572759628296, 144.3587930202484, 144.3604860305786, 144.36204409599304, 148.37149906158447, 152.37996196746826, 152.3820230960846, 152.38364100456238, 156.39372396469116, 156.39505290985107, 156.39649391174316, 160.4111669063568, 160.41274404525757, 164.4187879562378, 164.42025089263916, 168.42856788635254, 168.43023705482483, 172.44119596481323, 172.44322299957275, 172.44491291046143, 172.44697403907776, 176.4520618915558, 176.45371389389038, 180.46670794487, 184.4746708869934, 184.47650790214539, 188.4839470386505, 188.48586201667786, 192.5037190914154, 192.5059940814972, 196.51305103302002, 196.51483607292175, 196.51684594154358, 200.53075695037842, 200.53311491012573, 204.54266500473022, 204.54478788375854, 208.55166697502136, 208.55432391166687, 212.56361603736877, 212.5658929347992, 216.59243392944336, 216.59473204612732, 220.60182094573975, 220.60474491119385, 224.6117548942566, 224.61473393440247, 228.62603402137756, 228.6283209323883, 232.64849591255188, 232.6506450176239, 236.66621804237366, 236.6687469482422, 240.69291305541992, 240.69511604309082, 244.69968509674072, 244.70187902450562, 248.71616005897522, 248.7185730934143, 252.73922395706177, 252.7420048713684, 256.7508749961853, 256.7536880970001, 260.76204800605774, 260.7648038864136, 264.79304909706116, 264.7956790924072, 268.8036439418793, 268.8065629005432, 272.81440591812134, 272.81687903404236, 276.82819294929504, 276.83068799972534, 280.84283804893494, 280.8459348678589, 284.8555839061737, 284.8587169647217, 288.86505007743835, 288.868026971817, 292.88105607032776, 292.88416290283203, 296.89236998558044, 296.896301984787, 296.89884209632874, 300.9273889064789, 300.93006801605225, 304.943088054657, 304.94615507125854, 304.94881796836853, 308.9722318649292, 308.97527289390564, 312.99190306663513, 312.9953329563141, 317.00587797164917, 317.00865387916565, 317.0114948749542, 321.0367748737335, 321.0398008823395, 325.0523638725281, 325.05588006973267, 329.074166059494, 329.0767650604248, 333.09400391578674, 333.09686398506165, 337.1143250465393, 337.1179940700531, 337.12105202674866, 341.13147497177124, 341.1348021030426, 345.16374802589417, 345.16665387153625, 349.1786279678345, 349.18162298202515, 353.19408798217773, 353.19744300842285, 357.21512603759766, 357.21875, 357.221519947052, 361.24618101119995, 361.2488749027252, 365.2654130458832, 365.26882696151733, 365.2722718715668, 369.2983510494232, 369.302109003067, 373.3172678947449, 373.32087302207947, 377.34449195861816, 377.3479609489441, 381.3658640384674, 381.37016701698303, 385.3947079181671, 385.3984820842743, 389.4165070056915, 389.4198908805847, 393.47808289527893, 393.4815800189972, 393.48518109321594, 397.58583307266235, 397.5894389152527, 401.59665298461914, 405.6153230667114, 405.62005400657654, 409.6300950050354, 409.6344220638275, 413.64742493629456, 413.6510899066925, 413.6542339324951, 417.68741488456726, 417.69106793403625, 421.69644808769226, 421.70082998275757, 425.7069230079651, 425.7114119529724, 425.7152829170227, 429.7276830673218, 429.7319359779358, 433.75975704193115, 433.76439094543457, 437.7736990451813, 437.7777009010315, 441.80084204673767, 441.804811000824, 445.8183579444885, 445.8221778869629, 449.8455820083618, 449.8499798774719, 453.87525701522827, 453.87930488586426, 457.9101469516754, 457.91411304473877, 461.9388999938965, 461.9429829120636, 465.974720954895, 465.97833800315857, 470.0290710926056, 470.0329270362854, 474.04682898521423, 474.05049991607666, 478.0716691017151, 478.0760929584503, 482.0955090522766, 482.1002290248871, 486.1237099170685, 486.1281440258026, 490.14057302474976, 490.1458070278168, 494.1835820674896, 494.18883299827576, 498.1976020336151, 498.2026720046997, 502.2303469181061, 502.2363700866699, 506.24845790863037, 506.2528359889984, 510.2575659751892, 510.2616009712219, 514.2812728881836, 514.2847309112549, 518.3044619560242, 518.3088829517365, 522.3274970054626, 522.3326380252838, 526.3442189693451, 526.349317073822, 530.3736469745636, 530.378623008728, 534.403774023056, 534.4090070724487, 534.4134559631348, 538.4414839744568, 538.4463059902191, 542.4612300395966, 546.4755399227142, 546.4809958934784, 550.4912619590759, 550.4966099262238, 550.5011429786682, 554.5195889472961, 558.5319390296936, 558.5361549854279, 562.5513050556183, 562.5561709403992, 566.5719408988953, 566.5768940448761, 570.5987479686737, 570.6039779186249, 574.6475670337677, 574.6528968811035, 578.6639180183411, 578.6699290275574, 582.6832599639893, 582.6889460086823, 586.6990339756012, 586.7042019367218, 590.721009016037, 590.7262139320374]
noisy values: [-24.717212720622562, -3.2693864500647454, -3.2693864500647454, -3.2693864500647454, -3.2693864500647454, -3.2693864500647454, -3.2693864500647454, -3.2693864500647454, -3.2693864500647454, -3.2693864500647454, -3.2693864500647454, -3.2693864500647454, -3.2693864500647454, -3.2693864500647454, -3.2693864500647454, -3.2693864500647454, -3.2693864500647454, -1.9120443939237681, -1.9120443939237681, -1.154036372435094, -1.154036372435094, -1.154036372435094, -1.154036372435094, -1.154036372435094, -0.9415356046579983, -0.5414564919797389, -0.5414564919797389, -0.5414564919797389, -0.5414564919797389, -0.5414564919797389, -0.5414564919797389, -0.5414564919797389, -0.5414564919797389, -0.5414564919797389, -0.5414564919797389, -0.5414564919797389, -0.4206960526114951, -0.4206960526114951, -0.4206960526114951, -0.41823049497070564, -0.41823049497070564, -0.41823049497070564, -0.41823049497070564, -0.41823049497070564, -0.41823049497070564, -0.41823049497070564, -0.41823049497070564, -0.41823049497070564, -0.41823049497070564, -0.4152876326396022, -0.4152876326396022, -0.4127928486207235, -0.4127928486207235, -0.4127928486207235, -0.4127928486207235, -0.4127928486207235, -0.4127928486207235, -0.4127928486207235, -0.4127928486207235, -0.4127928486207235, -0.4127928486207235, -0.4127928486207235, -0.4127928486207235, -0.4127928486207235, -0.4127928486207235, -0.4127928486207235, -0.4127928486207235, -0.4127928486207235, -0.4127928486207235, -0.4127928486207235, -0.4127928486207235, -0.4127928486207235, -0.4127928486207235, -0.4127928486207235, -0.4127928486207235, -0.4127928486207235, -0.40060415585373654, -0.40060415585373654, -0.40060415585373654, -0.40060415585373654, -0.40060415585373654, -0.40060415585373654, -0.40060415585373654, -0.40060415585373654, -0.40060415585373654, -0.40060415585373654, -0.40060415585373654, -0.40060415585373654, -0.40060415585373654, -0.40060415585373654, -0.40060415585373654, -0.40060415585373654, -0.40060415585373654, -0.40060415585373654, -0.40060415585373654, -0.40060415585373654, -0.40060415585373654, -0.40060415585373654, -0.40060415585373654, -0.40060415585373654, -0.40060415585373654, -0.39834754942920014, -0.39834754942920014, -0.39834754942920014, -0.39834754942920014, -0.39834754942920014, -0.39834754942920014, -0.39834754942920014, -0.39834754942920014, -0.39834754942920014, -0.39834754942920014, -0.39834754942920014, -0.39834754942920014, -0.39834754942920014, -0.39834754942920014, -0.39834754942920014, -0.39834754942920014, -0.39834754942920014, -0.39834754942920014, -0.39834754942920014, -0.39834754942920014, -0.39834754942920014, -0.39834754942920014, -0.39834754942920014, -0.39834754942920014, -0.39834754942920014, -0.39834754942920014, -0.39834754942920014, -0.39834754942920014, -0.39834754942920014, -0.39834754942920014, -0.39834754942920014, -0.39834754942920014, -0.39834754942920014, -0.39834754942920014, -0.39834754942920014, -0.39834754942920014, -0.39834754942920014, -0.39834754942920014, -0.39834754942920014, -0.39834754942920014, -0.39834754942920014, -0.39834754942920014, -0.39834754942920014, -0.39834754942920014, -0.39834754942920014, -0.39834754942920014, -0.39834754942920014, -0.39834754942920014, -0.39834754942920014, -0.39834754942920014, -0.39834754942920014, -0.39834754942920014, -0.39834754942920014, -0.39834754942920014, -0.39834754942920014, -0.39834754942920014, -0.39834754942920014, -0.39834754942920014, -0.39834754942920014, -0.39834754942920014, -0.39834754942920014, -0.39834754942920014, -0.39834754942920014, -0.39834754942920014, -0.39834754942920014, -0.39834754942920014, -0.39834754942920014, -0.39834754942920014, -0.39834754942920014, -0.39834754942920014, -0.39834754942920014, -0.39834754942920014, -0.39834754942920014, -0.39834754942920014, -0.39834754942920014, -0.39834754942920014, -0.39834754942920014, -0.39834754942920014, -0.39834754942920014, -0.39834754942920014, -0.39834754942920014, -0.39834754942920014, -0.39834754942920014, -0.39834754942920014, -0.39834754942920014, -0.39834754942920014, -0.39834754942920014, -0.39834754942920014, -0.39834754942920014, -0.39834754942920014, -0.39834754942920014, -0.39834754942920014, -0.39834754942920014, -0.39834754942920014, -0.39834754942920014, -0.39834754942920014, -0.39834754942920014, -0.39834754942920014, -0.39834754942920014, -0.39834754942920014, -0.39834754942920014, -0.39834754942920014, -0.39834754942920014, -0.39834754942920014, -0.39834754942920014, -0.39834754942920014, -0.39834754942920014, -0.39834754942920014, -0.39834754942920014, -0.39834754942920014, -0.39834754942920014, -0.39834754942920014, -0.39834754942920014, -0.39834754942920014, -0.39834754942920014, -0.39834754942920014, -0.39834754942920014, -0.39834754942920014, -0.39834754942920014, -0.39834754942920014, -0.39834754942920014, -0.39834754942920014, -0.39834754942920014, -0.39834754942920014, -0.39834754942920014, -0.39834754942920014, -0.39834754942920014, -0.39834754942920014, -0.39834754942920014, -0.39834754942920014, -0.39834754942920014, -0.39834754942920014, -0.39834754942920014, -0.39834754942920014, -0.39834754942920014, -0.39834754942920014, -0.39834754942920014, -0.39834754942920014, -0.39834754942920014, -0.39834754942920014, -0.39834754942920014, -0.39834754942920014, -0.39834754942920014, -0.39834754942920014, -0.39834754942920014, -0.39834754942920014, -0.39834754942920014, -0.39834754942920014, -0.39834754942920014, -0.39834754942920014, -0.39834754942920014, -0.39834754942920014, -0.39834754942920014, -0.39834754942920014, -0.39834754942920014, -0.39834754942920014, -0.39834754942920014, -0.39834754942920014, -0.39834754942920014, -0.39834754942920014, -0.39834754942920014, -0.39834754942920014, -0.39834754942920014, -0.39834754942920014, -0.39834754942920014, -0.39834754942920014, -0.39834754942920014, -0.39834754942920014, -0.39834754942920014, -0.39834754942920014, -0.39834754942920014, -0.39834754942920014, -0.39834754942920014, -0.39834754942920014, -0.39834754942920014, -0.39834754942920014, -0.39834754942920014, -0.39834754942920014, -0.39834754942920014, -0.39834754942920014, -0.39834754942920014, -0.39834754942920014, -0.39834754942920014, -0.39834754942920014, -0.39834754942920014, -0.39834754942920014, -0.39834754942920014, -0.39834754942920014, -0.39834754942920014, -0.39834754942920014, -0.39834754942920014, -0.39834754942920014, -0.39834754942920014, -0.39834754942920014, -0.39834754942920014, -0.39834754942920014, -0.39834754942920014, -0.39834754942920014, -0.39834754942920014, -0.39834754942920014, -0.39834754942920014, -0.39834754942920014, -0.39834754942920014, -0.39834754942920014]
data points:
values: [-24.129964413622268, -3.156436450015981, -3.156436450015981, -3.156436450015981, -3.156436450015981, -3.156436450015981, -3.156436450015981, -3.156436450015981, -3.156436450015981, -3.156436450015981, -3.156436450015981, -3.156436450015981, -3.156436450015981, -3.156436450015981, -3.156436450015981, -3.156436450015981, -3.156436450015981, -2.065240567292882, -2.065240567292882, -1.2367994993539337, -1.2367994993539337, -1.2367994993539337, -1.2367994993539337, -1.2367994993539337, -1.2367994993539337, -0.8982767384760351, -0.5458465207772178, -0.5458465207772178, -0.5458465207772178, -0.5458465207772178, -0.5458465207772178, -0.5458465207772178, -0.5458465207772178, -0.5458465207772178, -0.5458465207772178, -0.5458465207772178, -0.5458465207772178, -0.43001364392046426, -0.43001364392046426, -0.43001364392046426, -0.4160604084972359, -0.4160604084972359, -0.4160604084972359, -0.4160604084972359, -0.4160604084972359, -0.4160604084972359, -0.4160604084972359, -0.4160604084972359, -0.4160604084972359, -0.4160604084972359, -0.4212631441387078, -0.4212631441387078, -0.41388689903157605, -0.41388689903157605, -0.41388689903157605, -0.41388689903157605, -0.41388689903157605, -0.41388689903157605, -0.41388689903157605, -0.41388689903157605, -0.41388689903157605, -0.41388689903157605, -0.41388689903157605, -0.41388689903157605, -0.41388689903157605, -0.41388689903157605, -0.41388689903157605, -0.41388689903157605, -0.41388689903157605, -0.41388689903157605, -0.41388689903157605, -0.41388689903157605, -0.41388689903157605, -0.41388689903157605, -0.41388689903157605, -0.41388689903157605, -0.41388689903157605, -0.39808373997248303, -0.39808373997248303, -0.39808373997248303, -0.39808373997248303, -0.39808373997248303, -0.39808373997248303, -0.39808373997248303, -0.39808373997248303, -0.39808373997248303, -0.39808373997248303, -0.39808373997248303, -0.39808373997248303, -0.39808373997248303, -0.39808373997248303, -0.39808373997248303, -0.39808373997248303, -0.39808373997248303, -0.39808373997248303, -0.39808373997248303, -0.39808373997248303, -0.39808373997248303, -0.39808373997248303, -0.39808373997248303, -0.39808373997248303, -0.39808373997248303, -0.39821274064898127, -0.39821274064898127, -0.39821274064898127, -0.39821274064898127, -0.39821274064898127, -0.39821274064898127, -0.39821274064898127, -0.39821274064898127, -0.39821274064898127, -0.39821274064898127, -0.39821274064898127, -0.39821274064898127, -0.39821274064898127, -0.39821274064898127, -0.39821274064898127, -0.39821274064898127, -0.39821274064898127, -0.39821274064898127, -0.39821274064898127, -0.39821274064898127, -0.39821274064898127, -0.39821274064898127, -0.39821274064898127, -0.39821274064898127, -0.39821274064898127, -0.39821274064898127, -0.39821274064898127, -0.39821274064898127, -0.39821274064898127, -0.39821274064898127, -0.39821274064898127, -0.39821274064898127, -0.39821274064898127, -0.39821274064898127, -0.39821274064898127, -0.39821274064898127, -0.39821274064898127, -0.39821274064898127, -0.39821274064898127, -0.39821274064898127, -0.39821274064898127, -0.39821274064898127, -0.39821274064898127, -0.39821274064898127, -0.39821274064898127, -0.39821274064898127, -0.39821274064898127, -0.39821274064898127, -0.39821274064898127, -0.39821274064898127, -0.39821274064898127, -0.39821274064898127, -0.39821274064898127, -0.39821274064898127, -0.39821274064898127, -0.39821274064898127, -0.39821274064898127, -0.39821274064898127, -0.39821274064898127, -0.39821274064898127, -0.39821274064898127, -0.39821274064898127, -0.39821274064898127, -0.39821274064898127, -0.39821274064898127, -0.39821274064898127, -0.39821274064898127, -0.39821274064898127, -0.39821274064898127, -0.39821274064898127, -0.39821274064898127, -0.39821274064898127, -0.39821274064898127, -0.39821274064898127, -0.39821274064898127, -0.39821274064898127, -0.39821274064898127, -0.39821274064898127, -0.39821274064898127, -0.39821274064898127, -0.39821274064898127, -0.39821274064898127, -0.39821274064898127, -0.39821274064898127, -0.39821274064898127, -0.39821274064898127, -0.39821274064898127, -0.39821274064898127, -0.39821274064898127, -0.39821274064898127, -0.39821274064898127, -0.39821274064898127, -0.39821274064898127, -0.39821274064898127, -0.39821274064898127, -0.39821274064898127, -0.39821274064898127, -0.39821274064898127, -0.39821274064898127, -0.39821274064898127, -0.39821274064898127, -0.39821274064898127, -0.39821274064898127, -0.39821274064898127, -0.39821274064898127, -0.39821274064898127, -0.39821274064898127, -0.39821274064898127, -0.39821274064898127, -0.39821274064898127, -0.39821274064898127, -0.39821274064898127, -0.39821274064898127, -0.39821274064898127, -0.39821274064898127, -0.39821274064898127, -0.39821274064898127, -0.39821274064898127, -0.39821274064898127, -0.39821274064898127, -0.39821274064898127, -0.39821274064898127, -0.39821274064898127, -0.39821274064898127, -0.39821274064898127, -0.39821274064898127, -0.39821274064898127, -0.39821274064898127, -0.39821274064898127, -0.39821274064898127, -0.39821274064898127, -0.39821274064898127, -0.39821274064898127, -0.39821274064898127, -0.39821274064898127, -0.39821274064898127, -0.39821274064898127, -0.39821274064898127, -0.39821274064898127, -0.39821274064898127, -0.39821274064898127, -0.39821274064898127, -0.39821274064898127, -0.39821274064898127, -0.39821274064898127, -0.39821274064898127, -0.39821274064898127, -0.39821274064898127, -0.39821274064898127, -0.39821274064898127, -0.39821274064898127, -0.39821274064898127, -0.39821274064898127, -0.39821274064898127, -0.39821274064898127, -0.39821274064898127, -0.39821274064898127, -0.39821274064898127, -0.39821274064898127, -0.39821274064898127, -0.39821274064898127, -0.39821274064898127, -0.39821274064898127, -0.39821274064898127, -0.39821274064898127, -0.39821274064898127, -0.39821274064898127, -0.39821274064898127, -0.39821274064898127, -0.39821274064898127, -0.39821274064898127, -0.39821274064898127, -0.39821274064898127, -0.39821274064898127, -0.39821274064898127, -0.39821274064898127, -0.39821274064898127, -0.39821274064898127, -0.39821274064898127, -0.39821274064898127, -0.39821274064898127, -0.39821274064898127, -0.39821274064898127, -0.39821274064898127, -0.39821274064898127, -0.39821274064898127, -0.39821274064898127, -0.39821274064898127, -0.39821274064898127, -0.39821274064898127, -0.39821274064898127, -0.39821274064898127, -0.39821274064898127, -0.39821274064898127, -0.39821274064898127, -0.39821274064898127, -0.39821274064898127, -0.39821274064898127, -0.39821274064898127, -0.39821274064898127, -0.39821274064898127, -0.39821274064898127, -0.39821274064898127]
real values1: [-24.129964413622268, -3.156436450015981, -3.156436450015981, -3.156436450015981, -3.156436450015981, -3.156436450015981, -3.156436450015981, -3.156436450015981, -3.156436450015981, -3.156436450015981, -3.156436450015981, -3.156436450015981, -3.156436450015981, -3.156436450015981, -3.156436450015981, -3.156436450015981, -3.156436450015981, -2.065240567292882, -2.065240567292882, -1.2367994993539337, -1.2367994993539337, -1.2367994993539337, -1.2367994993539337, -1.2367994993539337, -0.8982767384760351, -0.5458465207772178, -0.5458465207772178, -0.5458465207772178, -0.5458465207772178, -0.5458465207772178, -0.5458465207772178, -0.5458465207772178, -0.5458465207772178, -0.5458465207772178, -0.5458465207772178, -0.5458465207772178, -0.43001364392046426, -0.43001364392046426, -0.43001364392046426, -0.4160604084972359, -0.4160604084972359, -0.4160604084972359, -0.4160604084972359, -0.4160604084972359, -0.4160604084972359, -0.4160604084972359, -0.4160604084972359, -0.4160604084972359, -0.4160604084972359, -0.4212631441387078, -0.4212631441387078, -0.41388689903157605, -0.41388689903157605, -0.41388689903157605, -0.41388689903157605, -0.41388689903157605, -0.41388689903157605, -0.41388689903157605, -0.41388689903157605, -0.41388689903157605, -0.41388689903157605, -0.41388689903157605, -0.41388689903157605, -0.41388689903157605, -0.41388689903157605, -0.41388689903157605, -0.41388689903157605, -0.41388689903157605, -0.41388689903157605, -0.41388689903157605, -0.41388689903157605, -0.41388689903157605, -0.41388689903157605, -0.41388689903157605, -0.41388689903157605, -0.41388689903157605, -0.39808373997248303, -0.39808373997248303, -0.39808373997248303, -0.39808373997248303, -0.39808373997248303, -0.39808373997248303, -0.39808373997248303, -0.39808373997248303, -0.39808373997248303, -0.39808373997248303, -0.39808373997248303, -0.39808373997248303, -0.39808373997248303, -0.39808373997248303, -0.39808373997248303, -0.39808373997248303, -0.39808373997248303, -0.39808373997248303, -0.39808373997248303, -0.39808373997248303, -0.39808373997248303, -0.39808373997248303, -0.39808373997248303, -0.39808373997248303, -0.39808373997248303, -0.39821274064898127, -0.39821274064898127, -0.39821274064898127, -0.39821274064898127, -0.39821274064898127, -0.39821274064898127, -0.39821274064898127, -0.39821274064898127, -0.39821274064898127, -0.39821274064898127, -0.39821274064898127, -0.39821274064898127, -0.39821274064898127, -0.39821274064898127, -0.39821274064898127, -0.39821274064898127, -0.39821274064898127, -0.39821274064898127, -0.39821274064898127, -0.39821274064898127, -0.39821274064898127, -0.39821274064898127, -0.39821274064898127, -0.39821274064898127, -0.39821274064898127, -0.39821274064898127, -0.39821274064898127, -0.39821274064898127, -0.39821274064898127, -0.39821274064898127, -0.39821274064898127, -0.39821274064898127, -0.39821274064898127, -0.39821274064898127, -0.39821274064898127, -0.39821274064898127, -0.39821274064898127, -0.39821274064898127, -0.39821274064898127, -0.39821274064898127, -0.39821274064898127, -0.39821274064898127, -0.39821274064898127, -0.39821274064898127, -0.39821274064898127, -0.39821274064898127, -0.39821274064898127, -0.39821274064898127, -0.39821274064898127, -0.39821274064898127, -0.39821274064898127, -0.39821274064898127, -0.39821274064898127, -0.39821274064898127, -0.39821274064898127, -0.39821274064898127, -0.39821274064898127, -0.39821274064898127, -0.39821274064898127, -0.39821274064898127, -0.39821274064898127, -0.39821274064898127, -0.39821274064898127, -0.39821274064898127, -0.39821274064898127, -0.39821274064898127, -0.39821274064898127, -0.39821274064898127, -0.39821274064898127, -0.39821274064898127, -0.39821274064898127, -0.39821274064898127, -0.39821274064898127, -0.39821274064898127, -0.39821274064898127, -0.39821274064898127, -0.39821274064898127, -0.39821274064898127, -0.39821274064898127, -0.39821274064898127, -0.39821274064898127, -0.39821274064898127, -0.39821274064898127, -0.39821274064898127, -0.39821274064898127, -0.39821274064898127, -0.39821274064898127, -0.39821274064898127, -0.39821274064898127, -0.39821274064898127, -0.39821274064898127, -0.39821274064898127, -0.39821274064898127, -0.39821274064898127, -0.39821274064898127, -0.39821274064898127, -0.39821274064898127, -0.39821274064898127, -0.39821274064898127, -0.39821274064898127, -0.39821274064898127, -0.39821274064898127, -0.39821274064898127, -0.39821274064898127, -0.39821274064898127, -0.39821274064898127, -0.39821274064898127, -0.39821274064898127, -0.39821274064898127, -0.39821274064898127, -0.39821274064898127, -0.39821274064898127, -0.39821274064898127, -0.39821274064898127, -0.39821274064898127, -0.39821274064898127, -0.39821274064898127, -0.39821274064898127, -0.39821274064898127, -0.39821274064898127, -0.39821274064898127, -0.39821274064898127, -0.39821274064898127, -0.39821274064898127, -0.39821274064898127, -0.39821274064898127, -0.39821274064898127, -0.39821274064898127, -0.39821274064898127, -0.39821274064898127, -0.39821274064898127, -0.39821274064898127, -0.39821274064898127, -0.39821274064898127, -0.39821274064898127, -0.39821274064898127, -0.39821274064898127, -0.39821274064898127, -0.39821274064898127, -0.39821274064898127, -0.39821274064898127, -0.39821274064898127, -0.39821274064898127, -0.39821274064898127, -0.39821274064898127, -0.39821274064898127, -0.39821274064898127, -0.39821274064898127, -0.39821274064898127, -0.39821274064898127, -0.39821274064898127, -0.39821274064898127, -0.39821274064898127, -0.39821274064898127, -0.39821274064898127, -0.39821274064898127, -0.39821274064898127, -0.39821274064898127, -0.39821274064898127, -0.39821274064898127, -0.39821274064898127, -0.39821274064898127, -0.39821274064898127, -0.39821274064898127, -0.39821274064898127, -0.39821274064898127, -0.39821274064898127, -0.39821274064898127, -0.39821274064898127, -0.39821274064898127, -0.39821274064898127, -0.39821274064898127, -0.39821274064898127, -0.39821274064898127, -0.39821274064898127, -0.39821274064898127, -0.39821274064898127, -0.39821274064898127, -0.39821274064898127, -0.39821274064898127, -0.39821274064898127, -0.39821274064898127, -0.39821274064898127, -0.39821274064898127, -0.39821274064898127, -0.39821274064898127, -0.39821274064898127, -0.39821274064898127, -0.39821274064898127, -0.39821274064898127, -0.39821274064898127, -0.39821274064898127, -0.39821274064898127, -0.39821274064898127, -0.39821274064898127, -0.39821274064898127, -0.39821274064898127, -0.39821274064898127, -0.39821274064898127, -0.39821274064898127, -0.39821274064898127, -0.39821274064898127, -0.39821274064898127, -0.39821274064898127]
real values2: [-24.129964413622268, -3.156436450015981, -3.156436450015981, -3.156436450015981, -3.156436450015981, -3.156436450015981, -3.156436450015981, -3.156436450015981, -3.156436450015981, -3.156436450015981, -3.156436450015981, -3.156436450015981, -3.156436450015981, -3.156436450015981, -3.156436450015981, -3.156436450015981, -3.156436450015981, -2.065240567292882, -2.065240567292882, -1.2367994993539337, -1.2367994993539337, -1.2367994993539337, -1.2367994993539337, -1.2367994993539337, -0.8982767384760351, -0.5458465207772178, -0.5458465207772178, -0.5458465207772178, -0.5458465207772178, -0.5458465207772178, -0.5458465207772178, -0.5458465207772178, -0.5458465207772178, -0.5458465207772178, -0.5458465207772178, -0.5458465207772178, -0.43001364392046426, -0.43001364392046426, -0.43001364392046426, -0.4160604084972359, -0.4160604084972359, -0.4160604084972359, -0.4160604084972359, -0.4160604084972359, -0.4160604084972359, -0.4160604084972359, -0.4160604084972359, -0.4160604084972359, -0.4160604084972359, -0.4212631441387078, -0.4212631441387078, -0.41388689903157605, -0.41388689903157605, -0.41388689903157605, -0.41388689903157605, -0.41388689903157605, -0.41388689903157605, -0.41388689903157605, -0.41388689903157605, -0.41388689903157605, -0.41388689903157605, -0.41388689903157605, -0.41388689903157605, -0.41388689903157605, -0.41388689903157605, -0.41388689903157605, -0.41388689903157605, -0.41388689903157605, -0.41388689903157605, -0.41388689903157605, -0.41388689903157605, -0.41388689903157605, -0.41388689903157605, -0.41388689903157605, -0.41388689903157605, -0.41388689903157605, -0.39808373997248303, -0.39808373997248303, -0.39808373997248303, -0.39808373997248303, -0.39808373997248303, -0.39808373997248303, -0.39808373997248303, -0.39808373997248303, -0.39808373997248303, -0.39808373997248303, -0.39808373997248303, -0.39808373997248303, -0.39808373997248303, -0.39808373997248303, -0.39808373997248303, -0.39808373997248303, -0.39808373997248303, -0.39808373997248303, -0.39808373997248303, -0.39808373997248303, -0.39808373997248303, -0.39808373997248303, -0.39808373997248303, -0.39808373997248303, -0.39808373997248303, -0.39821274064898127, -0.39821274064898127, -0.39821274064898127, -0.39821274064898127, -0.39821274064898127, -0.39821274064898127, -0.39821274064898127, -0.39821274064898127, -0.39821274064898127, -0.39821274064898127, -0.39821274064898127, -0.39821274064898127, -0.39821274064898127, -0.39821274064898127, -0.39821274064898127, -0.39821274064898127, -0.39821274064898127, -0.39821274064898127, -0.39821274064898127, -0.39821274064898127, -0.39821274064898127, -0.39821274064898127, -0.39821274064898127, -0.39821274064898127, -0.39821274064898127, -0.39821274064898127, -0.39821274064898127, -0.39821274064898127, -0.39821274064898127, -0.39821274064898127, -0.39821274064898127, -0.39821274064898127, -0.39821274064898127, -0.39821274064898127, -0.39821274064898127, -0.39821274064898127, -0.39821274064898127, -0.39821274064898127, -0.39821274064898127, -0.39821274064898127, -0.39821274064898127, -0.39821274064898127, -0.39821274064898127, -0.39821274064898127, -0.39821274064898127, -0.39821274064898127, -0.39821274064898127, -0.39821274064898127, -0.39821274064898127, -0.39821274064898127, -0.39821274064898127, -0.39821274064898127, -0.39821274064898127, -0.39821274064898127, -0.39821274064898127, -0.39821274064898127, -0.39821274064898127, -0.39821274064898127, -0.39821274064898127, -0.39821274064898127, -0.39821274064898127, -0.39821274064898127, -0.39821274064898127, -0.39821274064898127, -0.39821274064898127, -0.39821274064898127, -0.39821274064898127, -0.39821274064898127, -0.39821274064898127, -0.39821274064898127, -0.39821274064898127, -0.39821274064898127, -0.39821274064898127, -0.39821274064898127, -0.39821274064898127, -0.39821274064898127, -0.39821274064898127, -0.39821274064898127, -0.39821274064898127, -0.39821274064898127, -0.39821274064898127, -0.39821274064898127, -0.39821274064898127, -0.39821274064898127, -0.39821274064898127, -0.39821274064898127, -0.39821274064898127, -0.39821274064898127, -0.39821274064898127, -0.39821274064898127, -0.39821274064898127, -0.39821274064898127, -0.39821274064898127, -0.39821274064898127, -0.39821274064898127, -0.39821274064898127, -0.39821274064898127, -0.39821274064898127, -0.39821274064898127, -0.39821274064898127, -0.39821274064898127, -0.39821274064898127, -0.39821274064898127, -0.39821274064898127, -0.39821274064898127, -0.39821274064898127, -0.39821274064898127, -0.39821274064898127, -0.39821274064898127, -0.39821274064898127, -0.39821274064898127, -0.39821274064898127, -0.39821274064898127, -0.39821274064898127, -0.39821274064898127, -0.39821274064898127, -0.39821274064898127, -0.39821274064898127, -0.39821274064898127, -0.39821274064898127, -0.39821274064898127, -0.39821274064898127, -0.39821274064898127, -0.39821274064898127, -0.39821274064898127, -0.39821274064898127, -0.39821274064898127, -0.39821274064898127, -0.39821274064898127, -0.39821274064898127, -0.39821274064898127, -0.39821274064898127, -0.39821274064898127, -0.39821274064898127, -0.39821274064898127, -0.39821274064898127, -0.39821274064898127, -0.39821274064898127, -0.39821274064898127, -0.39821274064898127, -0.39821274064898127, -0.39821274064898127, -0.39821274064898127, -0.39821274064898127, -0.39821274064898127, -0.39821274064898127, -0.39821274064898127, -0.39821274064898127, -0.39821274064898127, -0.39821274064898127, -0.39821274064898127, -0.39821274064898127, -0.39821274064898127, -0.39821274064898127, -0.39821274064898127, -0.39821274064898127, -0.39821274064898127, -0.39821274064898127, -0.39821274064898127, -0.39821274064898127, -0.39821274064898127, -0.39821274064898127, -0.39821274064898127, -0.39821274064898127, -0.39821274064898127, -0.39821274064898127, -0.39821274064898127, -0.39821274064898127, -0.39821274064898127, -0.39821274064898127, -0.39821274064898127, -0.39821274064898127, -0.39821274064898127, -0.39821274064898127, -0.39821274064898127, -0.39821274064898127, -0.39821274064898127, -0.39821274064898127, -0.39821274064898127, -0.39821274064898127, -0.39821274064898127, -0.39821274064898127, -0.39821274064898127, -0.39821274064898127, -0.39821274064898127, -0.39821274064898127, -0.39821274064898127, -0.39821274064898127, -0.39821274064898127, -0.39821274064898127, -0.39821274064898127, -0.39821274064898127, -0.39821274064898127, -0.39821274064898127, -0.39821274064898127, -0.39821274064898127, -0.39821274064898127, -0.39821274064898127, -0.39821274064898127, -0.39821274064898127, -0.39821274064898127, -0.39821274064898127, -0.39821274064898127, -0.39821274064898127]
Done!
