('generated stochastic delays:', [array([ 2, 11,  5, ...,  2,  3,  1])])
('test function', 'Branin')
('opt_fidel_cost:', 1.0)
Running Experiment1: 
('total budget:', 600)
Auto Init: 
C: 0.8313313703582592
nu: 0.8313313703582592
Budget Remaining: 591.994856834
Number of MFHOO Instances: 3
Budget per MFHOO Instance:196.331618945
number of HOO: 3
Running SOO number: 1 rho: 0.95 nu: 0.8313313703582592
delay_type: DHOO
policy: UCB1
[0.54589844 0.12451172]
final iterations:32113325
final HOO number of nodes:196
final HOO height:29
final duration:196
final optimal value:-0.526950 
time durations: [0.0007028579711914062, 4.002439022064209, 8.008113861083984, 8.013295888900757, 12.023789882659912, 16.02833104133606, 20.032681941986084, 24.03742003440857, 24.038145065307617, 28.081997871398926, 28.082892894744873, 32.083651065826416, 32.08753800392151, 36.08737397193909, 36.088196992874146, 36.09032988548279, 36.09826993942261, 40.09388303756714, 40.1084840297699, 40.11729693412781, 40.119466066360474, 44.10754585266113, 44.128604888916016, 48.11512899398804, 48.13533687591553, 52.11823487281799, 52.11902189254761, 52.11969304084778, 56.138108015060425, 56.13888096809387, 60.1501579284668, 60.151143074035645, 64.15299797058105, 64.15363502502441, 68.15745806694031, 68.1581358909607, 72.19272589683533, 76.19465804100037, 76.19571685791016, 76.19697308540344, 80.21240592002869, 80.21314406394958, 84.22415494918823, 84.22510504722595, 88.22755789756775, 88.23680400848389, 92.2316689491272, 92.23282885551453, 96.26578998565674, 96.26672291755676, 96.26763987541199, 100.27394008636475, 100.27460289001465, 104.27720785140991, 104.27832794189453, 108.28271389007568, 108.2842230796814, 112.29415607452393, 112.29558205604553, 112.29739785194397, 116.30306601524353, 116.30474400520325, 120.31020307540894, 120.31142497062683, 124.31778407096863, 124.31890106201172, 128.3284568786621, 132.33248496055603, 132.33388304710388, 136.34703588485718, 136.3487949371338, 140.35986304283142, 140.36158800125122, 144.36753392219543, 144.36998295783997, 148.3715569972992, 148.37288689613342, 152.37845706939697, 152.37979292869568, 156.38960194587708, 156.39178490638733, 156.39358806610107, 160.40028190612793, 160.40218091011047, 160.40349102020264, 164.4126808643341, 164.41458201408386, 168.4210250377655, 168.42350602149963, 172.4304850101471, 176.43595695495605, 176.43791699409485, 180.44598388671875, 180.44765090942383, 184.45721197128296, 184.45872688293457, 188.46291494369507, 188.46455788612366, 192.48807096481323]
noisy values: [-24.717212720622562, -3.2693864500647454, -3.2693864500647454, -3.2693864500647454, -3.2693864500647454, -3.2693864500647454, -3.2693864500647454, -1.878555389133357, -1.878555389133357, -1.1364511705127924, -1.1364511705127924, -1.1364511705127924, -1.1364511705127924, -1.1364511705127924, -1.1364511705127924, -1.1364511705127924, -1.0557382984011134, -1.0557382984011134, -1.0557382984011134, -1.0557382984011134, -0.6953914453382346, -0.6953914453382346, -0.5921694694799395, -0.5921694694799395, -0.5921694694799395, -0.5921694694799395, -0.5921694694799395, -0.5921694694799395, -0.5921694694799395, -0.5921694694799395, -0.5921694694799395, -0.5921694694799395, -0.5750484299670848, -0.5750484299670848, -0.5750484299670848, -0.5750484299670848, -0.5750484299670848, -0.5750484299670848, -0.5750484299670848, -0.5750484299670848, -0.5589297188927542, -0.5589297188927542, -0.5589297188927542, -0.5589297188927542, -0.5446687175041056, -0.5446687175041056, -0.5362980837775222, -0.5362980837775222, -0.5362980837775222, -0.5362980837775222, -0.5362980837775222, -0.5362980837775222, -0.5362980837775222, -0.5362980837775222, -0.5362980837775222, -0.5362980837775222, -0.5362980837775222, -0.5362980837775222, -0.5362980837775222, -0.5362980837775222, -0.5326421653441464, -0.5326421653441464, -0.5310570041654508, -0.5310570041654508, -0.5310570041654508, -0.5310570041654508, -0.5310570041654508, -0.5310570041654508, -0.5310570041654508, -0.5310570041654508, -0.5310570041654508, -0.5310570041654508, -0.5310570041654508, -0.5310570041654508, -0.5310570041654508, -0.5310570041654508, -0.5310570041654508, -0.5310570041654508, -0.5310570041654508, -0.5269500459905618, -0.5269500459905618, -0.5269500459905618, -0.5269500459905618, -0.5269500459905618, -0.5269500459905618, -0.5269500459905618, -0.5269500459905618, -0.5269500459905618, -0.5269500459905618, -0.5269500459905618, -0.5269500459905618, -0.5269500459905618, -0.5269500459905618, -0.5269500459905618, -0.5269500459905618, -0.5269500459905618, -0.5269500459905618, -0.5269500459905618, -0.5269500459905618]
data points:
values: [-24.129964413622268, -3.156436450015981, -3.156436450015981, -3.156436450015981, -3.156436450015981, -3.156436450015981, -3.156436450015981, -2.065240567292882, -2.065240567292882, -1.2367994993539337, -1.2367994993539337, -1.2367994993539337, -1.2367994993539337, -1.2367994993539337, -1.2367994993539337, -1.2367994993539337, -1.2367994993539337, -1.138531354346135, -1.138531354346135, -1.138531354346135, -1.138531354346135, -0.7604847887383777, -0.7604847887383777, -0.6366682720651493, -0.6366682720651493, -0.6366682720651493, -0.6366682720651493, -0.6366682720651493, -0.6366682720651493, -0.6366682720651493, -0.6366682720651493, -0.6366682720651493, -0.6366682720651493, -0.6061414031402013, -0.6061414031402013, -0.6061414031402013, -0.6061414031402013, -0.6061414031402013, -0.6061414031402013, -0.6061414031402013, -0.6061414031402013, -0.5809771487741298, -0.5809771487741298, -0.5809771487741298, -0.5809771487741298, -0.5667294360429196, -0.5667294360429196, -0.5564109472988754, -0.5564109472988754, -0.5564109472988754, -0.5564109472988754, -0.5564109472988754, -0.5564109472988754, -0.5564109472988754, -0.5564109472988754, -0.5564109472988754, -0.5564109472988754, -0.5564109472988754, -0.5564109472988754, -0.5564109472988754, -0.5564109472988754, -0.5546979199160589, -0.5546979199160589, -0.55160214699157, -0.55160214699157, -0.55160214699157, -0.55160214699157, -0.55160214699157, -0.55160214699157, -0.55160214699157, -0.55160214699157, -0.55160214699157, -0.55160214699157, -0.55160214699157, -0.55160214699157, -0.55160214699157, -0.55160214699157, -0.55160214699157, -0.55160214699157, -0.55160214699157, -0.5461132684755707, -0.5461132684755707, -0.5461132684755707, -0.5461132684755707, -0.5461132684755707, -0.5461132684755707, -0.5461132684755707, -0.5461132684755707, -0.5461132684755707, -0.5461132684755707, -0.5461132684755707, -0.5461132684755707, -0.5461132684755707, -0.5461132684755707, -0.5461132684755707, -0.5461132684755707, -0.5461132684755707, -0.5461132684755707, -0.5461132684755707]
Done!
Running SOO number: 2 rho: 0.925945462757 nu: 0.8313313703582592
delay_type: DHOO
policy: UCB1
[0.95703125 0.12304688]
final iterations:32825348
final HOO number of nodes:175
final HOO height:25
final duration:196
final optimal value:-0.556783 
time durations: [0.00026702880859375, 4.004476070404053, 4.004611968994141, 4.005398988723755, 8.006371974945068, 8.015897989273071, 8.01640796661377, 12.011111974716187, 12.012411117553711, 16.01545810699463, 16.0160551071167, 20.017162084579468, 24.019092082977295, 28.023334980010986, 28.0244460105896, 32.03975510597229, 32.04032802581787, 36.045727014541626, 40.04182815551758, 40.05087399482727, 44.05141997337341, 44.05604600906372, 48.06005096435547, 52.058156967163086, 56.06033205986023, 60.06643795967102, 60.067649126052856, 64.06854796409607, 64.06978297233582, 68.08061408996582, 72.08387303352356, 72.08504509925842, 76.0937430858612, 80.09779214859009, 80.09851217269897, 84.10868215560913, 84.10994410514832, 88.13390898704529, 88.13483595848083, 92.14621996879578, 96.15487599372864, 96.15605115890503, 100.16167116165161, 100.1627950668335, 104.17172312736511, 104.17312812805176, 108.1810941696167, 108.18228912353516, 112.18894410133362, 112.1900041103363, 116.20085215568542, 116.20211410522461, 120.20839309692383, 120.20951104164124, 124.22205996513367, 128.2277591228485, 128.22882318496704, 132.23282718658447, 132.23422598838806, 132.2349829673767, 132.23618507385254, 136.25466418266296, 136.25571203231812, 140.26477813720703, 140.26612615585327, 144.28122115135193, 144.28274703025818, 148.29050612449646, 148.29167914390564, 152.30681705474854, 152.3086850643158, 156.32993912696838, 156.3317630290985, 160.33784198760986, 160.33911800384521, 164.34750604629517, 164.34889698028564, 168.35426497459412, 168.35583400726318, 172.37912917137146, 172.38050603866577, 176.40232110023499, 180.40940809249878, 180.4112091064453, 184.42477202415466, 188.4299590587616, 188.4330461025238, 192.43592810630798, 192.43773198127747]
noisy values: [-24.717212720622562, -3.266439487541179, -3.266439487541179, -3.266439487541179, -3.266439487541179, -3.266439487541179, -3.266439487541179, -3.266439487541179, -3.266439487541179, -3.266439487541179, -3.266439487541179, -3.266439487541179, -3.266439487541179, -1.945824115052984, -1.945824115052984, -1.945824115052984, -1.945824115052984, -1.7752079048918166, -1.7752079048918166, -1.2041523739482702, -1.2041523739482702, -1.0909470439289937, -0.8021640792915488, -0.6648909206445754, -0.5911452851217227, -0.5911452851217227, -0.5911452851217227, -0.5911452851217227, -0.5911452851217227, -0.5665051854337833, -0.5665051854337833, -0.5665051854337833, -0.5567827887368537, -0.5567827887368537, -0.5567827887368537, -0.5567827887368537, -0.5567827887368537, -0.5567827887368537, -0.5567827887368537, -0.5567827887368537, -0.5567827887368537, -0.5567827887368537, -0.5567827887368537, -0.5567827887368537, -0.5567827887368537, -0.5567827887368537, -0.5567827887368537, -0.5567827887368537, -0.5567827887368537, -0.5567827887368537, -0.5567827887368537, -0.5567827887368537, -0.5567827887368537, -0.5567827887368537, -0.5567827887368537, -0.5567827887368537, -0.5567827887368537, -0.5567827887368537, -0.5567827887368537, -0.5567827887368537, -0.5567827887368537, -0.5567827887368537, -0.5567827887368537, -0.5567827887368537, -0.5567827887368537, -0.5567827887368537, -0.5567827887368537, -0.5567827887368537, -0.5567827887368537, -0.5567827887368537, -0.5567827887368537, -0.5567827887368537, -0.5567827887368537, -0.5567827887368537, -0.5567827887368537, -0.5567827887368537, -0.5567827887368537, -0.5567827887368537, -0.5567827887368537, -0.5567827887368537, -0.5567827887368537, -0.5567827887368537, -0.5567827887368537, -0.5567827887368537, -0.5567827887368537, -0.5567827887368537, -0.5567827887368537, -0.5567827887368537, -0.5567827887368537]
data points:
values: [-24.129964413622268, -3.156436450015981, -3.156436450015981, -3.156436450015981, -3.156436450015981, -3.156436450015981, -3.156436450015981, -3.156436450015981, -3.156436450015981, -3.156436450015981, -3.156436450015981, -3.156436450015981, -3.156436450015981, -2.065240567292882, -2.065240567292882, -2.065240567292882, -2.065240567292882, -2.065240567292882, -2.580807557829406, -1.6297225052651196, -1.6297225052651196, -1.6297225052651196, -1.7979222316787116, -1.3090917336242907, -1.007178847650561, -0.8501462518079705, -0.8501462518079705, -0.8501462518079705, -0.8501462518079705, -0.8501462518079705, -0.8203796242741888, -0.8203796242741888, -0.8203796242741888, -0.7475005652342475, -0.7475005652342475, -0.7475005652342475, -0.7475005652342475, -0.7475005652342475, -0.7475005652342475, -0.7475005652342475, -0.7475005652342475, -0.7475005652342475, -0.7475005652342475, -0.7475005652342475, -0.7475005652342475, -0.7475005652342475, -0.7475005652342475, -0.7475005652342475, -0.7475005652342475, -0.7475005652342475, -0.7475005652342475, -0.7475005652342475, -0.7475005652342475, -0.7475005652342475, -0.7475005652342475, -0.7475005652342475, -0.7475005652342475, -0.7475005652342475, -0.7475005652342475, -0.7475005652342475, -0.7475005652342475, -0.7475005652342475, -0.7475005652342475, -0.7475005652342475, -0.7475005652342475, -0.7475005652342475, -0.7475005652342475, -0.7475005652342475, -0.7475005652342475, -0.7475005652342475, -0.7475005652342475, -0.7475005652342475, -0.7475005652342475, -0.7475005652342475, -0.7475005652342475, -0.7475005652342475, -0.7475005652342475, -0.7475005652342475, -0.7475005652342475, -0.7475005652342475, -0.7475005652342475, -0.7475005652342475, -0.7475005652342475, -0.7475005652342475, -0.7475005652342475, -0.7475005652342475, -0.7475005652342475, -0.7475005652342475, -0.7475005652342475]
Done!
Updating C
C: 1.163863918501563
nu_max: 1.163863918501563
Running SOO number: 3 rho: 0.857375 nu: 1.163863918501563
delay_type: DHOO
policy: UCB1
[0.95703125 0.12304688]
final iterations:35781014
final HOO number of nodes:178
final HOO height:23
final duration:196
final optimal value:-0.667783 
time durations: [0.0001468658447265625, 4.005692005157471, 4.006119966506958, 8.011798858642578, 8.022214889526367, 12.02808403968811, 16.033546924591064, 16.034168004989624, 20.051615953445435, 20.06258988380432, 24.06341791152954, 24.063997983932495, 24.06437587738037, 24.080201864242554, 28.07902503013611, 28.079717874526978, 32.08236598968506, 32.09418082237244, 36.117825984954834, 36.119345903396606, 40.13079285621643, 44.137420892715454, 48.152859926223755, 52.16475296020508, 52.16535496711731, 56.17085099220276, 60.17518997192383, 60.176323890686035, 64.18181991577148, 68.19690203666687, 68.19772982597351, 72.21028685569763, 72.21120285987854, 76.21613097190857, 76.21729898452759, 80.22288084030151, 84.22885084152222, 84.22981190681458, 88.2383759021759, 88.23983383178711, 92.24207401275635, 96.24770402908325, 96.24877691268921, 100.25106191635132, 100.25266003608704, 104.26311683654785, 104.26433396339417, 108.266361951828, 112.27507185935974, 112.27614283561707, 116.28559803962708, 116.28666591644287, 120.28941202163696, 120.29078602790833, 124.30029892921448, 124.30201482772827, 128.30764985084534, 128.30865693092346, 128.3097369670868, 132.3254988193512, 132.3267948627472, 136.33827996253967, 136.33968901634216, 140.34560894966125, 140.34711289405823, 144.3504078388214, 144.35209393501282, 148.35970401763916, 148.36090803146362, 152.37007999420166, 152.37192392349243, 156.380530834198, 156.38266491889954, 160.39266395568848, 160.39398884773254, 164.40797996520996, 164.4094979763031, 168.42032980918884, 168.42225980758667, 172.42528295516968, 172.4267120361328, 176.45071601867676, 180.45826387405396, 180.46016597747803, 184.46690893173218, 184.46825790405273, 184.46971201896667, 188.48237586021423, 188.4837749004364, 192.50476384162903, 192.50673389434814]
noisy values: [-24.717212720622562, -3.258063612718683, -3.258063612718683, -3.258063612718683, -3.258063612718683, -3.258063612718683, -3.258063612718683, -3.258063612718683, -3.258063612718683, -3.258063612718683, -1.9768749008544244, -1.9768749008544244, -1.9768749008544244, -1.9768749008544244, -1.1931851533626148, -1.1931851533626148, -1.1931851533626148, -1.1931851533626148, -1.1931851533626148, -1.1931851533626148, -0.9861304226373058, -0.8007002066275462, -0.8007002066275462, -0.701985050156436, -0.701985050156436, -0.701985050156436, -0.701985050156436, -0.701985050156436, -0.6974082046006256, -0.684845052398579, -0.684845052398579, -0.6677834436933363, -0.6677834436933363, -0.6677834436933363, -0.6677834436933363, -0.6677834436933363, -0.6677834436933363, -0.6677834436933363, -0.6677834436933363, -0.6677834436933363, -0.6677834436933363, -0.6677834436933363, -0.6677834436933363, -0.6677834436933363, -0.6677834436933363, -0.6677834436933363, -0.6677834436933363, -0.6677834436933363, -0.6677834436933363, -0.6677834436933363, -0.6677834436933363, -0.6677834436933363, -0.6677834436933363, -0.6677834436933363, -0.6677834436933363, -0.6677834436933363, -0.6677834436933363, -0.6677834436933363, -0.6677834436933363, -0.6677834436933363, -0.6677834436933363, -0.6677834436933363, -0.6677834436933363, -0.6677834436933363, -0.6677834436933363, -0.6677834436933363, -0.6677834436933363, -0.6677834436933363, -0.6677834436933363, -0.6677834436933363, -0.6677834436933363, -0.6677834436933363, -0.6677834436933363, -0.6677834436933363, -0.6677834436933363, -0.6677834436933363, -0.6677834436933363, -0.6677834436933363, -0.6677834436933363, -0.6677834436933363, -0.6677834436933363, -0.6677834436933363, -0.6677834436933363, -0.6677834436933363, -0.6677834436933363, -0.6677834436933363, -0.6677834436933363, -0.6677834436933363, -0.6677834436933363, -0.6677834436933363, -0.6677834436933363]
data points:
values: [-24.129964413622268, -3.156436450015981, -3.156436450015981, -3.156436450015981, -3.156436450015981, -3.156436450015981, -3.156436450015981, -3.156436450015981, -3.156436450015981, -3.156436450015981, -2.065240567292882, -2.065240567292882, -2.065240567292882, -2.065240567292882, -1.2367994993539337, -1.2367994993539337, -1.2367994993539337, -1.2367994993539337, -1.2367994993539337, -1.2367994993539337, -1.2367994993539337, -1.3090917336242907, -1.007178847650561, -1.007178847650561, -0.8501462518079705, -0.8501462518079705, -0.8501462518079705, -0.8501462518079705, -0.8501462518079705, -0.8203796242741888, -0.7818424849343693, -0.7818424849343693, -0.7475005652342475, -0.7475005652342475, -0.7475005652342475, -0.7475005652342475, -0.7475005652342475, -0.7475005652342475, -0.7475005652342475, -0.7475005652342475, -0.7475005652342475, -0.7475005652342475, -0.7475005652342475, -0.7475005652342475, -0.7475005652342475, -0.7475005652342475, -0.7475005652342475, -0.7475005652342475, -0.7475005652342475, -0.7475005652342475, -0.7475005652342475, -0.7475005652342475, -0.7475005652342475, -0.7475005652342475, -0.7475005652342475, -0.7475005652342475, -0.7475005652342475, -0.7475005652342475, -0.7475005652342475, -0.7475005652342475, -0.7475005652342475, -0.7475005652342475, -0.7475005652342475, -0.7475005652342475, -0.7475005652342475, -0.7475005652342475, -0.7475005652342475, -0.7475005652342475, -0.7475005652342475, -0.7475005652342475, -0.7475005652342475, -0.7475005652342475, -0.7475005652342475, -0.7475005652342475, -0.7475005652342475, -0.7475005652342475, -0.7475005652342475, -0.7475005652342475, -0.7475005652342475, -0.7475005652342475, -0.7475005652342475, -0.7475005652342475, -0.7475005652342475, -0.7475005652342475, -0.7475005652342475, -0.7475005652342475, -0.7475005652342475, -0.7475005652342475, -0.7475005652342475, -0.7475005652342475, -0.7475005652342475]
Done!
Updating C
C: 1.629409485902188
nu_max: 1.629409485902188
opt_val: -0.546113268476
