('generated stochastic delays:', [array([ 2, 11,  5, ...,  2,  3,  1])])
('test function', 'Hartmann6')
('opt_fidel_cost:', 1.0)
Running Experiment1: 
('total budget:', 600)
Auto Init: 
C: 0.008422546129901821
nu: 0.008422546129901821
Budget Remaining: 591.991108179
Number of MFHOO Instances: 1
Budget per MFHOO Instance:590.991108179
number of HOO: 1
Running SOO number: 1 rho: 0.95 nu: 0.008422546129901821
delay_type: HOO
policy: UCB1
[0.21875 0.15625 0.46875 0.28125 0.3125  0.6875 ]
final iterations:74
final HOO number of nodes:149
final HOO height:25
final duration:592
final optimal value:3.282215 
time durations: [8.006986856460571, 16.01754593849182, 24.023059844970703, 32.02944087982178, 40.033607006073, 48.040796995162964, 56.05127000808716, 64.05933499336243, 72.06545281410217, 80.0739598274231, 88.08548879623413, 96.09314894676208, 104.10260796546936, 112.10998296737671, 120.11342287063599, 128.1215808391571, 136.1302878856659, 144.1423099040985, 152.15034699440002, 160.1589469909668, 168.16716980934143, 176.17488980293274, 184.18683099746704, 192.19608998298645, 200.20465087890625, 208.21320390701294, 216.22169184684753, 224.23143100738525, 232.24292492866516, 240.25593400001526, 248.26652789115906, 256.27449893951416, 264.284019947052, 272.29088282585144, 280.30136489868164, 288.30698800086975, 296.3134889602661, 304.3215489387512, 312.33339381217957, 320.34382581710815, 328.35369992256165, 336.36325693130493, 344.3735468387604, 352.377965927124, 360.3847908973694, 368.39052391052246, 376.39392590522766, 384.3955988883972, 392.40119981765747, 400.4055848121643, 408.4076659679413, 416.4093999862671, 424.41244983673096, 432.420795917511, 440.4266219139099, 448.43295097351074, 456.4351689815521, 464.43877387046814, 472.4427478313446, 480.4536077976227, 488.4608769416809, 496.4711318016052, 504.4765667915344, 512.4797508716583, 520.4849770069122, 528.495362997055, 536.503289937973, 544.5118749141693, 552.5186820030212, 560.522971868515, 568.5338168144226, 576.5429940223694, 584.5527698993683, 592.5617299079895]
noisy values: [0.568923612459111, 0.568923612459111, 0.7652541077718751, 1.1097721451231874, 1.1097721451231874, 1.4664602055997142, 1.4664602055997142, 2.5661801056873426, 2.5661801056873426, 2.58033396809649, 2.58033396809649, 2.7573840607053457, 2.7573840607053457, 2.7573840607053457, 2.7573840607053457, 2.7573840607053457, 2.7573840607053457, 2.7573840607053457, 2.7573840607053457, 2.7573840607053457, 2.7573840607053457, 2.7573840607053457, 2.7573840607053457, 2.7573840607053457, 2.7573840607053457, 2.7573840607053457, 2.7573840607053457, 2.7573840607053457, 2.7573840607053457, 2.7573840607053457, 2.7573840607053457, 2.7573840607053457, 2.785864343999717, 2.785864343999717, 3.0132334502671116, 3.0132334502671116, 3.0132334502671116, 3.0132334502671116, 3.0132334502671116, 3.20730427153334, 3.2154463357985206, 3.2195465453210326, 3.2195465453210326, 3.236037838109221, 3.236037838109221, 3.2444384718858617, 3.2444384718858617, 3.2444384718858617, 3.2444384718858617, 3.2444384718858617, 3.2822152035050935, 3.2822152035050935, 3.2822152035050935, 3.2822152035050935, 3.2822152035050935, 3.2822152035050935, 3.2822152035050935, 3.2822152035050935, 3.2822152035050935, 3.2822152035050935, 3.2822152035050935, 3.2822152035050935, 3.2822152035050935, 3.2822152035050935, 3.2822152035050935, 3.2822152035050935, 3.2822152035050935, 3.2822152035050935, 3.2822152035050935, 3.2822152035050935, 3.2822152035050935, 3.2822152035050935, 3.2822152035050935, 3.2822152035050935]
data points:
values: [0.5713312483035078, 0.5713312483035078, 0.7809775383635229, 1.130099320916897, 1.130099320916897, 1.4738328180263531, 1.4738328180263531, 2.570944516195897, 2.570944516195897, 2.585350617332081, 2.585350617332081, 2.770850073408867, 2.770850073408867, 2.770850073408867, 2.770850073408867, 2.770850073408867, 2.770850073408867, 2.770850073408867, 2.770850073408867, 2.770850073408867, 2.770850073408867, 2.770850073408867, 2.770850073408867, 2.770850073408867, 2.770850073408867, 2.770850073408867, 2.770850073408867, 2.770850073408867, 2.770850073408867, 2.770850073408867, 2.770850073408867, 2.770850073408867, 2.8013615797166076, 2.8013615797166076, 3.0302525120593793, 3.0302525120593793, 3.0302525120593793, 3.0302525120593793, 3.0302525120593793, 3.2218904416630685, 3.2283967857653106, 3.2313086643364533, 3.2313086643364533, 3.2472166186055507, 3.2472166186055507, 3.2562962617706552, 3.2562962617706552, 3.2562962617706552, 3.2562962617706552, 3.2562962617706552, 3.2942033771915833, 3.2942033771915833, 3.2942033771915833, 3.2942033771915833, 3.2942033771915833, 3.2942033771915833, 3.2942033771915833, 3.2942033771915833, 3.2942033771915833, 3.2942033771915833, 3.2942033771915833, 3.2942033771915833, 3.2942033771915833, 3.2942033771915833, 3.2942033771915833, 3.2942033771915833, 3.2942033771915833, 3.2942033771915833, 3.2942033771915833, 3.2942033771915833, 3.2942033771915833, 3.2942033771915833, 3.2942033771915833, 3.2942033771915833]
Done!
opt_val: 3.29420337719
