('generated stochastic delays:', [array([ 2, 11,  5, ...,  2,  3,  1])])
('test function', 'Hartmann6')
('opt_fidel_cost:', 1.0)
Running Experiment1: 
('total budget:', 600)
Auto Init: 
C: 0.008422546129901821
nu: 0.008422546129901821
Budget Remaining: 591.988975048
Number of MFHOO Instances: 1
Budget per MFHOO Instance:590.988975048
number of HOO: 1
Running SOO number: 1 rho: 0.95 nu: 0.008422546129901821
delay_type: HOO
policy: UCB1
[0.21875 0.15625 0.46875 0.28125 0.3125  0.6875 ]
final iterations:74
final HOO number of nodes:149
final HOO height:25
final duration:592
final optimal value:3.282215 
time durations: [8.00703477859497, 16.011353969573975, 24.018781900405884, 32.02845478057861, 40.038909912109375, 48.0457558631897, 56.055123805999756, 64.06308484077454, 72.06942677497864, 80.07535696029663, 88.08452296257019, 96.09348392486572, 104.10314297676086, 112.11002588272095, 120.12057185173035, 128.12482595443726, 136.13193678855896, 144.13835978507996, 152.14361596107483, 160.15474891662598, 168.1650788784027, 176.17184495925903, 184.1816508769989, 192.19029784202576, 200.19684100151062, 208.20229291915894, 216.2125928401947, 224.21960496902466, 232.22454285621643, 240.23302292823792, 248.2412679195404, 256.2514388561249, 264.25808691978455, 272.2663028240204, 280.26870489120483, 288.2764618396759, 296.2854599952698, 304.2941699028015, 312.30439591407776, 320.31165981292725, 328.31839990615845, 336.3230998516083, 344.3297929763794, 352.3417639732361, 360.3524489402771, 368.36314487457275, 376.3713688850403, 384.3836889266968, 392.396301984787, 400.4058017730713, 408.4165380001068, 416.4272918701172, 424.4336919784546, 432.44437289237976, 440.45043182373047, 448.4549858570099, 456.46510076522827, 464.47409296035767, 472.4849259853363, 480.49300599098206, 488.4990589618683, 496.50621485710144, 504.51765179634094, 512.526820898056, 520.5387399196625, 528.5460929870605, 536.553240776062, 544.5582938194275, 552.5647828578949, 560.5739829540253, 568.5802989006042, 576.5862739086151, 584.5950479507446, 592.6000599861145]
noisy values: [0.568923612459111, 0.568923612459111, 0.7652541077718751, 1.1097721451231874, 1.1097721451231874, 1.4664602055997142, 1.4664602055997142, 2.5661801056873426, 2.5661801056873426, 2.58033396809649, 2.58033396809649, 2.7573840607053457, 2.7573840607053457, 2.7573840607053457, 2.7573840607053457, 2.7573840607053457, 2.7573840607053457, 2.7573840607053457, 2.7573840607053457, 2.7573840607053457, 2.7573840607053457, 2.7573840607053457, 2.7573840607053457, 2.7573840607053457, 2.7573840607053457, 2.7573840607053457, 2.7573840607053457, 2.7573840607053457, 2.7573840607053457, 2.7573840607053457, 2.7573840607053457, 2.7573840607053457, 2.785864343999717, 2.785864343999717, 3.0132334502671116, 3.0132334502671116, 3.0132334502671116, 3.0132334502671116, 3.0132334502671116, 3.20730427153334, 3.2154463357985206, 3.2195465453210326, 3.2195465453210326, 3.236037838109221, 3.236037838109221, 3.2444384718858617, 3.2444384718858617, 3.2444384718858617, 3.2444384718858617, 3.2444384718858617, 3.2822152035050935, 3.2822152035050935, 3.2822152035050935, 3.2822152035050935, 3.2822152035050935, 3.2822152035050935, 3.2822152035050935, 3.2822152035050935, 3.2822152035050935, 3.2822152035050935, 3.2822152035050935, 3.2822152035050935, 3.2822152035050935, 3.2822152035050935, 3.2822152035050935, 3.2822152035050935, 3.2822152035050935, 3.2822152035050935, 3.2822152035050935, 3.2822152035050935, 3.2822152035050935, 3.2822152035050935, 3.2822152035050935, 3.2822152035050935]
data points:
values: [0.5713312483035078, 0.5713312483035078, 0.7809775383635229, 1.130099320916897, 1.130099320916897, 1.4738328180263531, 1.4738328180263531, 2.570944516195897, 2.570944516195897, 2.585350617332081, 2.585350617332081, 2.770850073408867, 2.770850073408867, 2.770850073408867, 2.770850073408867, 2.770850073408867, 2.770850073408867, 2.770850073408867, 2.770850073408867, 2.770850073408867, 2.770850073408867, 2.770850073408867, 2.770850073408867, 2.770850073408867, 2.770850073408867, 2.770850073408867, 2.770850073408867, 2.770850073408867, 2.770850073408867, 2.770850073408867, 2.770850073408867, 2.770850073408867, 2.8013615797166076, 2.8013615797166076, 3.0302525120593793, 3.0302525120593793, 3.0302525120593793, 3.0302525120593793, 3.0302525120593793, 3.2218904416630685, 3.2283967857653106, 3.2313086643364533, 3.2313086643364533, 3.2472166186055507, 3.2472166186055507, 3.2562962617706552, 3.2562962617706552, 3.2562962617706552, 3.2562962617706552, 3.2562962617706552, 3.2942033771915833, 3.2942033771915833, 3.2942033771915833, 3.2942033771915833, 3.2942033771915833, 3.2942033771915833, 3.2942033771915833, 3.2942033771915833, 3.2942033771915833, 3.2942033771915833, 3.2942033771915833, 3.2942033771915833, 3.2942033771915833, 3.2942033771915833, 3.2942033771915833, 3.2942033771915833, 3.2942033771915833, 3.2942033771915833, 3.2942033771915833, 3.2942033771915833, 3.2942033771915833, 3.2942033771915833, 3.2942033771915833, 3.2942033771915833]
Done!
opt_val: 3.29420337719
