('generated stochastic delays:', [array([ 2, 11,  5, ...,  2,  3,  1])])
('opt_fidel_cost:', 1.0)
Running Experiment1: 
('total budget:', 600)
Auto Init: 
C: 0.008422546129901821
nu: 0.008422546129901821
Budget Remaining: 591.993508816
Number of MFHOO Instances: 1
Budget per MFHOO Instance:590.993508816
((0, 1), (0, 1), (0, 1), (0, 1), (0, 1), (0, 1))
0.499365307858
Running SOO number: 1 rho: 0.95 nu: 0.008422546129901821
delay_type: HOO
policy: UCBV
((0, 1), (0, 1), (0, 1), (0, 1), (0, 1), (0.0, 0.5))
0.568923612459
((0, 1), (0, 1), (0, 1), (0, 1), (0, 1), (0.5, 1.0))
0.542286154221
((0.0, 0.5), (0, 1), (0, 1), (0, 1), (0, 1), (0.0, 0.5))
0.560187703039
((0.5, 1.0), (0, 1), (0, 1), (0, 1), (0, 1), (0.0, 0.5))
0.137050440124
((0.0, 0.5), (0, 1), (0, 1), (0, 1), (0, 1), (0.5, 1.0))
0.765254107772
((0.5, 1.0), (0, 1), (0, 1), (0, 1), (0, 1), (0.5, 1.0))
0.288517425788
((0.0, 0.5), (0.0, 0.5), (0, 1), (0, 1), (0, 1), (0.5, 1.0))
1.10977214512
((0.0, 0.5), (0.5, 1.0), (0, 1), (0, 1), (0, 1), (0.5, 1.0))
0.341925366157
((0.0, 0.5), (0.0, 0.5), (0.0, 0.5), (0, 1), (0, 1), (0.5, 1.0))
0.940200441145
((0.0, 0.5), (0.0, 0.5), (0.5, 1.0), (0, 1), (0, 1), (0.5, 1.0))
0.913026656885
((0.0, 0.5), (0.0, 0.5), (0.0, 0.5), (0.0, 0.5), (0, 1), (0.5, 1.0))
1.4664602056
((0.0, 0.5), (0.0, 0.5), (0.0, 0.5), (0.5, 1.0), (0, 1), (0.5, 1.0))
0.182269813052
((0.0, 0.5), (0.0, 0.5), (0.0, 0.5), (0.0, 0.5), (0.0, 0.5), (0.5, 1.0))
2.56618010569
((0.0, 0.5), (0.0, 0.5), (0.0, 0.5), (0.0, 0.5), (0.5, 1.0), (0.5, 1.0))
0.195550636277
((0.0, 0.25), (0.0, 0.5), (0.0, 0.5), (0.0, 0.5), (0.0, 0.5), (0.5, 1.0))
2.48820527198
((0.25, 0.5), (0.0, 0.5), (0.0, 0.5), (0.0, 0.5), (0.0, 0.5), (0.5, 1.0))
2.40264729288
((0.0, 0.25), (0.0, 0.25), (0.0, 0.5), (0.0, 0.5), (0.0, 0.5), (0.5, 1.0))
2.5803339681
((0.0, 0.25), (0.25, 0.5), (0.0, 0.5), (0.0, 0.5), (0.0, 0.5), (0.5, 1.0))
2.15228034082
((0.25, 0.5), (0.0, 0.25), (0.0, 0.5), (0.0, 0.5), (0.0, 0.5), (0.5, 1.0))
2.49215790871
((0.25, 0.5), (0.25, 0.5), (0.0, 0.5), (0.0, 0.5), (0.0, 0.5), (0.5, 1.0))
2.07725887228
((0.0, 0.25), (0.0, 0.25), (0.0, 0.25), (0.0, 0.5), (0.0, 0.5), (0.5, 1.0))
2.35429313959
((0.0, 0.25), (0.0, 0.25), (0.25, 0.5), (0.0, 0.5), (0.0, 0.5), (0.5, 1.0))
2.75738406071
((0.25, 0.5), (0.0, 0.25), (0.0, 0.25), (0.0, 0.5), (0.0, 0.5), (0.5, 1.0))
2.29495995132
((0.25, 0.5), (0.0, 0.25), (0.25, 0.5), (0.0, 0.5), (0.0, 0.5), (0.5, 1.0))
2.61020015329
((0.0, 0.25), (0.0, 0.25), (0.25, 0.5), (0.0, 0.25), (0.0, 0.5), (0.5, 1.0))
2.22285514262
((0.0, 0.25), (0.0, 0.25), (0.25, 0.5), (0.25, 0.5), (0.0, 0.5), (0.5, 1.0))
2.56187043789
((0.25, 0.5), (0.25, 0.5), (0.0, 0.25), (0.0, 0.5), (0.0, 0.5), (0.5, 1.0))
1.91067147056
((0.25, 0.5), (0.25, 0.5), (0.25, 0.5), (0.0, 0.5), (0.0, 0.5), (0.5, 1.0))
2.18619336687
((0.0, 0.25), (0.25, 0.5), (0.0, 0.25), (0.0, 0.5), (0.0, 0.5), (0.5, 1.0))
1.9603341455
((0.0, 0.25), (0.25, 0.5), (0.25, 0.5), (0.0, 0.5), (0.0, 0.5), (0.5, 1.0))
2.31346890579
((0.0, 0.25), (0.0, 0.25), (0.0, 0.25), (0.0, 0.25), (0.0, 0.5), (0.5, 1.0))
1.83565158533
((0.0, 0.25), (0.0, 0.25), (0.0, 0.25), (0.25, 0.5), (0.0, 0.5), (0.5, 1.0))
2.21358532838
((0.25, 0.5), (0.0, 0.25), (0.25, 0.5), (0.0, 0.25), (0.0, 0.5), (0.5, 1.0))
2.07328327073
((0.25, 0.5), (0.0, 0.25), (0.25, 0.5), (0.25, 0.5), (0.0, 0.5), (0.5, 1.0))
2.43854500892
((0.0, 0.25), (0.0, 0.25), (0.25, 0.5), (0.25, 0.5), (0.0, 0.25), (0.5, 1.0))
1.58408417938
((0.0, 0.25), (0.0, 0.25), (0.25, 0.5), (0.25, 0.5), (0.25, 0.5), (0.5, 1.0))
2.52017069554
((0.0, 0.25), (0.0, 0.25), (0.25, 0.5), (0.0, 0.25), (0.0, 0.25), (0.5, 1.0))
1.39050097997
((0.0, 0.25), (0.0, 0.25), (0.25, 0.5), (0.0, 0.25), (0.25, 0.5), (0.5, 1.0))
2.21465402972
((0.25, 0.5), (0.0, 0.25), (0.0, 0.25), (0.0, 0.25), (0.0, 0.5), (0.5, 1.0))
1.78694280792
((0.25, 0.5), (0.0, 0.25), (0.0, 0.25), (0.25, 0.5), (0.0, 0.5), (0.5, 1.0))
2.15886188749
((0.0, 0.25), (0.25, 0.5), (0.25, 0.5), (0.0, 0.25), (0.0, 0.5), (0.5, 1.0))
1.87036843154
((0.0, 0.25), (0.25, 0.5), (0.25, 0.5), (0.25, 0.5), (0.0, 0.5), (0.5, 1.0))
2.14831003629
((0.25, 0.5), (0.0, 0.25), (0.25, 0.5), (0.25, 0.5), (0.0, 0.25), (0.5, 1.0))
1.49832817004
((0.25, 0.5), (0.0, 0.25), (0.25, 0.5), (0.25, 0.5), (0.25, 0.5), (0.5, 1.0))
2.38137895354
((0.25, 0.5), (0.0, 0.25), (0.25, 0.5), (0.0, 0.25), (0.0, 0.25), (0.5, 1.0))
1.28321441631
((0.25, 0.5), (0.0, 0.25), (0.25, 0.5), (0.0, 0.25), (0.25, 0.5), (0.5, 1.0))
2.04042337756
((0.0, 0.25), (0.0, 0.25), (0.0, 0.25), (0.25, 0.5), (0.0, 0.25), (0.5, 1.0))
1.34696333097
((0.0, 0.25), (0.0, 0.25), (0.0, 0.25), (0.25, 0.5), (0.25, 0.5), (0.5, 1.0))
2.14459998517
((0.0, 0.25), (0.0, 0.25), (0.25, 0.5), (0.25, 0.5), (0.25, 0.5), (0.5, 0.75))
2.66774952046
((0.0, 0.25), (0.0, 0.25), (0.25, 0.5), (0.25, 0.5), (0.25, 0.5), (0.75, 1.0))
1.86048711241
((0.25, 0.5), (0.25, 0.5), (0.25, 0.5), (0.0, 0.25), (0.0, 0.5), (0.5, 1.0))
1.74023483997
((0.25, 0.5), (0.25, 0.5), (0.25, 0.5), (0.25, 0.5), (0.0, 0.5), (0.5, 1.0))
2.04207154846
((0.0, 0.125), (0.0, 0.25), (0.25, 0.5), (0.25, 0.5), (0.25, 0.5), (0.5, 0.75))
2.53235671325
((0.125, 0.25), (0.0, 0.25), (0.25, 0.5), (0.25, 0.5), (0.25, 0.5), (0.5, 0.75))
2.73382639925
((0.0, 0.25), (0.0, 0.25), (0.25, 0.5), (0.0, 0.25), (0.25, 0.5), (0.5, 0.75))
2.36569908137
((0.0, 0.25), (0.0, 0.25), (0.25, 0.5), (0.0, 0.25), (0.25, 0.5), (0.75, 1.0))
1.62269359579
((0.125, 0.25), (0.0, 0.125), (0.25, 0.5), (0.25, 0.5), (0.25, 0.5), (0.5, 0.75))
2.67195823888
((0.125, 0.25), (0.125, 0.25), (0.25, 0.5), (0.25, 0.5), (0.25, 0.5), (0.5, 0.75))
2.72394801023
((0.0, 0.125), (0.0, 0.25), (0.25, 0.5), (0.25, 0.5), (0.25, 0.5), (0.75, 1.0))
1.76603013479
((0.125, 0.25), (0.0, 0.25), (0.25, 0.5), (0.25, 0.5), (0.25, 0.5), (0.75, 1.0))
1.9087396539
((0.0, 0.25), (0.25, 0.5), (0.0, 0.25), (0.0, 0.25), (0.0, 0.5), (0.5, 1.0))
1.52879166576
((0.0, 0.25), (0.25, 0.5), (0.0, 0.25), (0.25, 0.5), (0.0, 0.5), (0.5, 1.0))
1.84306858419
((0.0, 0.25), (0.0, 0.25), (0.0, 0.25), (0.0, 0.25), (0.0, 0.25), (0.5, 1.0))
1.11821424916
((0.0, 0.25), (0.0, 0.25), (0.0, 0.25), (0.0, 0.25), (0.25, 0.5), (0.5, 1.0))
1.78064125587
((0.25, 0.5), (0.0, 0.25), (0.0, 0.25), (0.25, 0.5), (0.0, 0.25), (0.5, 1.0))
1.312917241
((0.25, 0.5), (0.0, 0.25), (0.0, 0.25), (0.25, 0.5), (0.25, 0.5), (0.5, 1.0))
2.09022621846
((0.0, 0.125), (0.0, 0.125), (0.25, 0.5), (0.25, 0.5), (0.25, 0.5), (0.5, 0.75))
2.47500402244
((0.0, 0.125), (0.125, 0.25), (0.25, 0.5), (0.25, 0.5), (0.25, 0.5), (0.5, 0.75))
2.52335624262
((0.0, 0.25), (0.0, 0.25), (0.25, 0.5), (0.25, 0.5), (0.0, 0.25), (0.5, 0.75))
1.67332198736
((0.0, 0.25), (0.0, 0.25), (0.25, 0.5), (0.25, 0.5), (0.0, 0.25), (0.75, 1.0))
1.1746837241
((0.25, 0.5), (0.0, 0.25), (0.25, 0.5), (0.25, 0.5), (0.25, 0.5), (0.5, 0.75))
2.50743905061
((0.25, 0.5), (0.0, 0.25), (0.25, 0.5), (0.25, 0.5), (0.25, 0.5), (0.75, 1.0))
1.7660927761
((0.0, 0.125), (0.0, 0.25), (0.25, 0.5), (0.0, 0.25), (0.25, 0.5), (0.5, 0.75))
2.24691806886
((0.125, 0.25), (0.0, 0.25), (0.25, 0.5), (0.0, 0.25), (0.25, 0.5), (0.5, 0.75))
2.41567461922
((0.0, 0.25), (0.25, 0.5), (0.25, 0.5), (0.25, 0.5), (0.0, 0.25), (0.5, 1.0))
1.33399825998
((0.0, 0.25), (0.25, 0.5), (0.25, 0.5), (0.25, 0.5), (0.25, 0.5), (0.5, 1.0))
2.11302998414
((0.25, 0.5), (0.0, 0.25), (0.0, 0.25), (0.0, 0.25), (0.0, 0.25), (0.5, 1.0))
1.08740853202
((0.25, 0.5), (0.0, 0.25), (0.0, 0.25), (0.0, 0.25), (0.25, 0.5), (0.5, 1.0))
1.73134588429
((0.0, 0.5), (0.0, 0.5), (0.5, 1.0), (0.0, 0.5), (0, 1), (0.5, 1.0))
1.39927189045
((0.0, 0.5), (0.0, 0.5), (0.5, 1.0), (0.5, 1.0), (0, 1), (0.5, 1.0))
0.26587503993
((0.125, 0.25), (0.125, 0.25), (0.25, 0.375), (0.25, 0.5), (0.25, 0.5), (0.5, 0.75))
2.63465698026
((0.125, 0.25), (0.125, 0.25), (0.375, 0.5), (0.25, 0.5), (0.25, 0.5), (0.5, 0.75))
2.785864344
((0.125, 0.25), (0.0, 0.125), (0.25, 0.375), (0.25, 0.5), (0.25, 0.5), (0.5, 0.75))
2.58604019222
((0.125, 0.25), (0.0, 0.125), (0.375, 0.5), (0.25, 0.5), (0.25, 0.5), (0.5, 0.75))
2.73025192971
((0.0, 0.125), (0.125, 0.25), (0.25, 0.375), (0.25, 0.5), (0.25, 0.5), (0.5, 0.75))
2.43570874607
((0.0, 0.125), (0.125, 0.25), (0.375, 0.5), (0.25, 0.5), (0.25, 0.5), (0.5, 0.75))
2.58616469997
((0.125, 0.25), (0.125, 0.25), (0.375, 0.5), (0.25, 0.375), (0.25, 0.5), (0.5, 0.75))
3.01323345027
((0.125, 0.25), (0.125, 0.25), (0.375, 0.5), (0.375, 0.5), (0.25, 0.5), (0.5, 0.75))
2.39846502521
((0.125, 0.25), (0.125, 0.25), (0.25, 0.375), (0.25, 0.375), (0.25, 0.5), (0.5, 0.75))
2.83647254689
((0.125, 0.25), (0.125, 0.25), (0.25, 0.375), (0.375, 0.5), (0.25, 0.5), (0.5, 0.75))
2.27080615473
((0.125, 0.25), (0.0, 0.125), (0.375, 0.5), (0.25, 0.375), (0.25, 0.5), (0.5, 0.75))
2.95290501618
((0.125, 0.25), (0.0, 0.125), (0.375, 0.5), (0.375, 0.5), (0.25, 0.5), (0.5, 0.75))
2.35034945314
((0.125, 0.25), (0.0, 0.125), (0.25, 0.375), (0.25, 0.375), (0.25, 0.5), (0.5, 0.75))
2.78400617839
((0.125, 0.25), (0.0, 0.125), (0.25, 0.375), (0.375, 0.5), (0.25, 0.5), (0.5, 0.75))
2.2288602105
((0.125, 0.25), (0.125, 0.25), (0.375, 0.5), (0.25, 0.375), (0.25, 0.375), (0.5, 0.75))
3.20730427153
((0.125, 0.25), (0.125, 0.25), (0.375, 0.5), (0.25, 0.375), (0.375, 0.5), (0.5, 0.75))
2.53548250718
((0.125, 0.25), (0.125, 0.25), (0.375, 0.5), (0.25, 0.375), (0.25, 0.375), (0.5, 0.625))
3.01014226597
((0.125, 0.25), (0.125, 0.25), (0.375, 0.5), (0.25, 0.375), (0.25, 0.375), (0.625, 0.75))
3.2154463358
((0.125, 0.25), (0.125, 0.25), (0.25, 0.375), (0.25, 0.375), (0.25, 0.375), (0.5, 0.75))
3.0508827895
((0.125, 0.25), (0.125, 0.25), (0.25, 0.375), (0.25, 0.375), (0.375, 0.5), (0.5, 0.75))
2.33546039772
((0.125, 0.25), (0.125, 0.25), (0.375, 0.5), (0.375, 0.5), (0.25, 0.375), (0.5, 0.75))
2.55765883239
((0.125, 0.25), (0.125, 0.25), (0.375, 0.5), (0.375, 0.5), (0.375, 0.5), (0.5, 0.75))
2.01086423047
((0.125, 0.25), (0.0, 0.125), (0.375, 0.5), (0.25, 0.375), (0.25, 0.375), (0.5, 0.75))
3.14359159294
((0.125, 0.25), (0.0, 0.125), (0.375, 0.5), (0.25, 0.375), (0.375, 0.5), (0.5, 0.75))
2.48345677558
((0.125, 0.25), (0.0, 0.125), (0.375, 0.5), (0.25, 0.375), (0.25, 0.375), (0.5, 0.625))
2.95096719486
((0.125, 0.25), (0.0, 0.125), (0.375, 0.5), (0.25, 0.375), (0.25, 0.375), (0.625, 0.75))
3.1498941007
((0.125, 0.25), (0.0, 0.125), (0.25, 0.375), (0.25, 0.375), (0.25, 0.375), (0.5, 0.75))
2.99485185404
((0.125, 0.25), (0.0, 0.125), (0.25, 0.375), (0.25, 0.375), (0.375, 0.5), (0.5, 0.75))
2.29155022994
((0.125, 0.25), (0.0, 0.125), (0.375, 0.5), (0.375, 0.5), (0.25, 0.375), (0.5, 0.75))
2.50661807315
((0.125, 0.25), (0.0, 0.125), (0.375, 0.5), (0.375, 0.5), (0.375, 0.5), (0.5, 0.75))
1.96962963645
((0.125, 0.25), (0.125, 0.25), (0.25, 0.375), (0.25, 0.375), (0.25, 0.375), (0.5, 0.625))
2.85269735128
((0.125, 0.25), (0.125, 0.25), (0.25, 0.375), (0.25, 0.375), (0.25, 0.375), (0.625, 0.75))
3.06708040658
((0.125, 0.25), (0.125, 0.25), (0.375, 0.5), (0.25, 0.375), (0.375, 0.5), (0.5, 0.625))
2.39087609479
((0.125, 0.25), (0.125, 0.25), (0.375, 0.5), (0.25, 0.375), (0.375, 0.5), (0.625, 0.75))
2.53083954858
((0.125, 0.25), (0.0, 0.125), (0.25, 0.375), (0.25, 0.375), (0.25, 0.375), (0.5, 0.625))
2.80014017431
((0.125, 0.25), (0.0, 0.125), (0.25, 0.375), (0.25, 0.375), (0.25, 0.375), (0.625, 0.75))
3.01067773336
((0.125, 0.25), (0.125, 0.25), (0.25, 0.375), (0.375, 0.5), (0.25, 0.375), (0.5, 0.75))
2.44472411583
((0.125, 0.25), (0.125, 0.25), (0.25, 0.375), (0.375, 0.5), (0.375, 0.5), (0.5, 0.75))
1.86612967868
((0.125, 0.25), (0.0, 0.125), (0.375, 0.5), (0.25, 0.375), (0.375, 0.5), (0.5, 0.625))
2.34191996224
((0.125, 0.25), (0.0, 0.125), (0.375, 0.5), (0.25, 0.375), (0.375, 0.5), (0.625, 0.75))
2.47814773716
((0.0, 0.125), (0.0, 0.125), (0.25, 0.375), (0.25, 0.5), (0.25, 0.5), (0.5, 0.75))
2.39067995211
((0.0, 0.125), (0.0, 0.125), (0.375, 0.5), (0.25, 0.5), (0.25, 0.5), (0.5, 0.75))
2.53419704908
((0.125, 0.1875), (0.125, 0.25), (0.375, 0.5), (0.25, 0.375), (0.25, 0.375), (0.625, 0.75))
3.19022852822
((0.1875, 0.25), (0.125, 0.25), (0.375, 0.5), (0.25, 0.375), (0.25, 0.375), (0.625, 0.75))
3.21954654532
((0.125, 0.1875), (0.125, 0.25), (0.375, 0.5), (0.25, 0.375), (0.25, 0.375), (0.5, 0.625))
2.98813286074
((0.1875, 0.25), (0.125, 0.25), (0.375, 0.5), (0.25, 0.375), (0.25, 0.375), (0.5, 0.625))
3.01199048378
((0.1875, 0.25), (0.125, 0.1875), (0.375, 0.5), (0.25, 0.375), (0.25, 0.375), (0.625, 0.75))
3.23603783811
((0.1875, 0.25), (0.1875, 0.25), (0.375, 0.5), (0.25, 0.375), (0.25, 0.375), (0.625, 0.75))
3.18287435314
((0.125, 0.1875), (0.125, 0.1875), (0.375, 0.5), (0.25, 0.375), (0.25, 0.375), (0.625, 0.75))
3.20647743774
((0.125, 0.1875), (0.1875, 0.25), (0.375, 0.5), (0.25, 0.375), (0.25, 0.375), (0.625, 0.75))
3.15409933495
((0.1875, 0.25), (0.125, 0.1875), (0.375, 0.5), (0.25, 0.375), (0.25, 0.375), (0.5, 0.625))
3.02807188507
((0.1875, 0.25), (0.1875, 0.25), (0.375, 0.5), (0.25, 0.375), (0.25, 0.375), (0.5, 0.625))
2.97722600926
((0.1875, 0.25), (0.125, 0.1875), (0.375, 0.4375), (0.25, 0.375), (0.25, 0.375), (0.625, 0.75))
3.2152702236
((0.1875, 0.25), (0.125, 0.1875), (0.4375, 0.5), (0.25, 0.375), (0.25, 0.375), (0.625, 0.75))
3.24443847189
((0.125, 0.1875), (0.125, 0.1875), (0.375, 0.4375), (0.25, 0.375), (0.25, 0.375), (0.625, 0.75))
3.18243385501
((0.125, 0.1875), (0.125, 0.1875), (0.4375, 0.5), (0.25, 0.375), (0.25, 0.375), (0.625, 0.75))
3.2180266707
((0.1875, 0.25), (0.1875, 0.25), (0.375, 0.4375), (0.25, 0.375), (0.25, 0.375), (0.625, 0.75))
3.16105149163
((0.1875, 0.25), (0.1875, 0.25), (0.4375, 0.5), (0.25, 0.375), (0.25, 0.375), (0.625, 0.75))
3.19290046315
((0.125, 0.1875), (0.1875, 0.25), (0.375, 0.4375), (0.25, 0.375), (0.25, 0.375), (0.625, 0.75))
3.12902717682
((0.125, 0.1875), (0.1875, 0.25), (0.4375, 0.5), (0.25, 0.375), (0.25, 0.375), (0.625, 0.75))
3.16724617256
((0.125, 0.1875), (0.125, 0.1875), (0.375, 0.5), (0.25, 0.375), (0.25, 0.375), (0.5, 0.625))
3.0040365723
((0.125, 0.1875), (0.1875, 0.25), (0.375, 0.5), (0.25, 0.375), (0.25, 0.375), (0.5, 0.625))
2.95380361901
((0.1875, 0.25), (0.125, 0.1875), (0.4375, 0.5), (0.25, 0.3125), (0.25, 0.375), (0.625, 0.75))
3.28221520351
((0.1875, 0.25), (0.125, 0.1875), (0.4375, 0.5), (0.3125, 0.375), (0.25, 0.375), (0.625, 0.75))
3.15136034534
((0.125, 0.1875), (0.125, 0.1875), (0.4375, 0.5), (0.25, 0.3125), (0.25, 0.375), (0.625, 0.75))
3.25715230858
((0.125, 0.1875), (0.125, 0.1875), (0.4375, 0.5), (0.3125, 0.375), (0.25, 0.375), (0.625, 0.75))
3.12460200001
((0.1875, 0.25), (0.1875, 0.25), (0.4375, 0.5), (0.25, 0.3125), (0.25, 0.375), (0.625, 0.75))
3.23023494768
((0.1875, 0.25), (0.1875, 0.25), (0.4375, 0.5), (0.3125, 0.375), (0.25, 0.375), (0.625, 0.75))
3.10128432682
[0.21875 0.15625 0.46875 0.28125 0.3125  0.6875 ]
final iterations:74
final HOO number of nodes:149
final HOO height:23
final duration:592
final optimal value:3.282215 
time durations: [8.004559993743896, 16.01560688018799, 24.026158809661865, 32.03655290603638, 40.0453839302063, 48.05537486076355, 56.05945086479187, 64.06862282752991, 72.07661294937134, 80.08031797409058, 88.09179902076721, 96.1007468700409, 104.11137390136719, 112.11857986450195, 120.13021898269653, 128.14106702804565, 136.15326595306396, 144.16179394721985, 152.17502188682556, 160.18574690818787, 168.19490694999695, 176.20448184013367, 184.21260786056519, 192.2208399772644, 200.22924184799194, 208.24119687080383, 216.2543168067932, 224.26293087005615, 232.2737638950348, 240.28039693832397, 248.28830981254578, 256.3011839389801, 264.3094120025635, 272.32130694389343, 280.3257620334625, 288.3393859863281, 296.34491181373596, 304.3558850288391, 312.36561393737793, 320.3755419254303, 328.3847370147705, 336.39859199523926, 344.4098148345947, 352.4216389656067, 360.4307918548584, 368.4397578239441, 376.45125794410706, 384.4625120162964, 392.47251987457275, 400.4832618236542, 408.4957699775696, 416.5082588195801, 424.51691484451294, 432.53061294555664, 440.5435199737549, 448.5537338256836, 456.5599458217621, 464.570641040802, 472.5779848098755, 480.59008598327637, 488.5994589328766, 496.6108748912811, 504.6209418773651, 512.630833864212, 520.6387658119202, 528.6550328731537, 536.6677839756012, 544.6804330348969, 552.6876108646393, 560.6948368549347, 568.7081258296967, 576.7149879932404, 584.7284889221191, 592.7362189292908]
noisy values: [0.568923612459111, 0.568923612459111, 0.7652541077718751, 1.1097721451231874, 1.1097721451231874, 1.4664602055997142, 2.5661801056873426, 2.5661801056873426, 2.58033396809649, 2.58033396809649, 2.7573840607053457, 2.7573840607053457, 2.7573840607053457, 2.7573840607053457, 2.7573840607053457, 2.7573840607053457, 2.7573840607053457, 2.7573840607053457, 2.7573840607053457, 2.7573840607053457, 2.7573840607053457, 2.7573840607053457, 2.7573840607053457, 2.7573840607053457, 2.7573840607053457, 2.7573840607053457, 2.7573840607053457, 2.7573840607053457, 2.7573840607053457, 2.7573840607053457, 2.7573840607053457, 2.7573840607053457, 2.7573840607053457, 2.7573840607053457, 2.7573840607053457, 2.7573840607053457, 2.7573840607053457, 2.7573840607053457, 2.7573840607053457, 2.7573840607053457, 2.785864343999717, 2.785864343999717, 2.785864343999717, 3.0132334502671116, 3.0132334502671116, 3.0132334502671116, 3.0132334502671116, 3.20730427153334, 3.2154463357985206, 3.2154463357985206, 3.2154463357985206, 3.2154463357985206, 3.2154463357985206, 3.2154463357985206, 3.2154463357985206, 3.2154463357985206, 3.2154463357985206, 3.2154463357985206, 3.2154463357985206, 3.2154463357985206, 3.2154463357985206, 3.2195465453210326, 3.2195465453210326, 3.236037838109221, 3.236037838109221, 3.236037838109221, 3.2444384718858617, 3.2444384718858617, 3.2444384718858617, 3.2444384718858617, 3.2444384718858617, 3.2822152035050935, 3.2822152035050935, 3.2822152035050935]
data points:
values: [0.5713312483035078, 0.5713312483035078, 0.7809775383635229, 1.130099320916897, 1.130099320916897, 1.4738328180263531, 2.570944516195897, 2.570944516195897, 2.585350617332081, 2.585350617332081, 2.770850073408867, 2.770850073408867, 2.770850073408867, 2.770850073408867, 2.770850073408867, 2.770850073408867, 2.770850073408867, 2.770850073408867, 2.770850073408867, 2.770850073408867, 2.770850073408867, 2.770850073408867, 2.770850073408867, 2.770850073408867, 2.770850073408867, 2.770850073408867, 2.770850073408867, 2.770850073408867, 2.770850073408867, 2.770850073408867, 2.770850073408867, 2.770850073408867, 2.770850073408867, 2.770850073408867, 2.770850073408867, 2.770850073408867, 2.770850073408867, 2.770850073408867, 2.770850073408867, 2.770850073408867, 2.8013615797166076, 2.8013615797166076, 2.8013615797166076, 3.0302525120593793, 3.0302525120593793, 3.0302525120593793, 3.0302525120593793, 3.2218904416630685, 3.2283967857653106, 3.2283967857653106, 3.2283967857653106, 3.2283967857653106, 3.2283967857653106, 3.2283967857653106, 3.2283967857653106, 3.2283967857653106, 3.2283967857653106, 3.2283967857653106, 3.2283967857653106, 3.2283967857653106, 3.2283967857653106, 3.2313086643364533, 3.2313086643364533, 3.2472166186055507, 3.2472166186055507, 3.2472166186055507, 3.2562962617706552, 3.2562962617706552, 3.2562962617706552, 3.2562962617706552, 3.2562962617706552, 3.2942033771915833, 3.2942033771915833, 3.2942033771915833]
Done!
