('generated stochastic delays:', [array([ 2, 11,  5, ...,  2,  3,  1])])
('opt_fidel_cost:', 1.0)
Running Experiment1: 
('total budget:', 600)
Auto Init: 
C: 0.008422546129901821
nu: 0.008422546129901821
Budget Remaining: 591.993751049
Number of MFHOO Instances: 1
Budget per MFHOO Instance:590.993751049
Running SOO number: 1 rho: 0.95 nu: 0.008422546129901821
delay_type: HOO
policy: UCBV
[0.125 0.125 0.375 0.25  0.25  0.75 ]
final iterations:74
final HOO number of nodes:149
final HOO height:10
final duration:592
final optimal value:2.757384 
time durations: [8.010251998901367, 16.017966985702515, 24.023478984832764, 32.03181600570679, 40.03978204727173, 48.0458779335022, 56.05513405799866, 64.05778694152832, 72.06563997268677, 80.06717610359192, 88.07880997657776, 96.08581399917603, 104.09337306022644, 112.10293197631836, 120.10951209068298, 128.11704206466675, 136.1255660057068, 144.12864899635315, 152.136656999588, 160.1432180404663, 168.1529130935669, 176.15909099578857, 184.16541004180908, 192.17197799682617, 200.18348002433777, 208.19525289535522, 216.20405507087708, 224.2097840309143, 232.22096300125122, 240.23002791404724, 248.23647809028625, 256.2453770637512, 264.25493693351746, 272.2624111175537, 280.2684679031372, 288.271537065506, 296.27926206588745, 304.2882559299469, 312.2998950481415, 320.31138610839844, 328.32048296928406, 336.3306829929352, 344.3420639038086, 352.34982895851135, 360.3611309528351, 368.3717610836029, 376.3799889087677, 384.38744592666626, 392.3983609676361, 400.4044260978699, 408.4136230945587, 416.42720103263855, 424.4377601146698, 432.447762966156, 440.4584810733795, 448.46884989738464, 456.4736659526825, 464.4801800251007, 472.49321699142456, 480.5064790248871, 488.51365208625793, 496.52688789367676, 504.5374460220337, 512.5513920783997, 520.5597100257874, 528.5709569454193, 536.58069896698, 544.590311050415, 552.5977311134338, 560.6054151058197, 568.6165750026703, 576.6220810413361, 584.6310250759125, 592.637403011322]
noisy values: [0.568923612459111, 0.568923612459111, 0.7652541077718751, 1.1097721451231874, 1.1097721451231874, 1.1097721451231874, 1.1097721451231874, 1.1097721451231874, 1.1097721451231874, 1.1097721451231874, 1.1097721451231874, 1.1097721451231874, 1.1097721451231874, 1.1097721451231874, 1.1097721451231874, 1.4664602055997142, 1.4664602055997142, 1.4664602055997142, 1.4664602055997142, 1.4664602055997142, 1.4664602055997142, 1.4664602055997142, 1.4664602055997142, 1.4664602055997142, 1.4664602055997142, 1.4664602055997142, 1.4664602055997142, 1.4664602055997142, 2.5661801056873426, 2.5661801056873426, 2.5661801056873426, 2.5661801056873426, 2.5661801056873426, 2.5661801056873426, 2.5661801056873426, 2.5661801056873426, 2.5661801056873426, 2.5661801056873426, 2.5661801056873426, 2.5661801056873426, 2.5661801056873426, 2.5661801056873426, 2.5661801056873426, 2.5661801056873426, 2.5661801056873426, 2.5661801056873426, 2.5661801056873426, 2.5661801056873426, 2.5661801056873426, 2.5661801056873426, 2.5661801056873426, 2.5661801056873426, 2.5661801056873426, 2.5661801056873426, 2.5661801056873426, 2.5661801056873426, 2.5661801056873426, 2.5661801056873426, 2.58033396809649, 2.58033396809649, 2.58033396809649, 2.58033396809649, 2.58033396809649, 2.58033396809649, 2.58033396809649, 2.58033396809649, 2.58033396809649, 2.58033396809649, 2.7573840607053457, 2.7573840607053457, 2.7573840607053457, 2.7573840607053457, 2.7573840607053457, 2.7573840607053457]
data points:
values: [0.5713312483035078, 0.5713312483035078, 0.7809775383635229, 1.130099320916897, 1.130099320916897, 1.130099320916897, 1.130099320916897, 1.130099320916897, 1.130099320916897, 1.130099320916897, 1.130099320916897, 1.130099320916897, 1.130099320916897, 1.130099320916897, 1.130099320916897, 1.4738328180263531, 1.4738328180263531, 1.4738328180263531, 1.4738328180263531, 1.4738328180263531, 1.4738328180263531, 1.4738328180263531, 1.4738328180263531, 1.4738328180263531, 1.4738328180263531, 1.4738328180263531, 1.4738328180263531, 1.4738328180263531, 2.570944516195897, 2.570944516195897, 2.570944516195897, 2.570944516195897, 2.570944516195897, 2.570944516195897, 2.570944516195897, 2.570944516195897, 2.570944516195897, 2.570944516195897, 2.570944516195897, 2.570944516195897, 2.570944516195897, 2.570944516195897, 2.570944516195897, 2.570944516195897, 2.570944516195897, 2.570944516195897, 2.570944516195897, 2.570944516195897, 2.570944516195897, 2.570944516195897, 2.570944516195897, 2.570944516195897, 2.570944516195897, 2.570944516195897, 2.570944516195897, 2.570944516195897, 2.570944516195897, 2.570944516195897, 2.585350617332081, 2.585350617332081, 2.585350617332081, 2.585350617332081, 2.585350617332081, 2.585350617332081, 2.585350617332081, 2.585350617332081, 2.585350617332081, 2.585350617332081, 2.770850073408867, 2.770850073408867, 2.770850073408867, 2.770850073408867, 2.770850073408867, 2.770850073408867]
Done!
