('generated stochastic delays:', [array([ 2, 11,  5, ...,  2,  3,  1])])
('test function', 'CurrinExp')
('opt_fidel_cost:', 1.1)
Running Experiment1: 
('total budget:', 600)
Auto Init: 
C: 0.6094708385895093
nu: 0.6094708385895093
Budget Remaining: 591.982805014
Number of MFHOO Instances: 1
Budget per MFHOO Instance:590.882805014
number of HOO: 1
Running SOO number: 1 rho: 0.95 nu: 0.6094708385895093
delay_type: DHOO
policy: UCB1
[0.25097656 0.00683594]
final iterations:84634222
final HOO number of nodes:583
final HOO height:22
final duration:590
final optimal value:13.703605 
time durations: [0.005821943283081055, 4.012701988220215, 4.013994932174683, 8.02087688446045, 12.03650689125061, 16.045586824417114, 20.054771900177002, 20.055179834365845, 24.06085181236267, 28.06529688835144, 28.0662739276886, 32.07469391822815, 36.084951877593994, 36.08548092842102, 40.093868017196655, 40.094717025756836, 40.09610104560852, 44.109009981155396, 44.11085295677185, 44.11378288269043, 48.11822581291199, 48.11897897720337, 52.128949880599976, 52.129791021347046, 56.13384389877319, 56.134702920913696, 60.139739990234375, 64.14615082740784, 64.14723181724548, 68.15502882003784, 68.15610694885254, 68.15720796585083, 68.15825295448303, 72.17273283004761, 72.17384886741638, 76.18264389038086, 76.18343186378479, 80.1883499622345, 80.18987488746643, 84.1958258152008, 84.19652390480042, 88.20094704627991, 88.20215392112732, 92.21022891998291, 92.21135902404785, 96.21693301200867, 96.21776103973389, 100.24985694885254, 100.25078082084656, 104.25649881362915, 108.26035690307617, 108.26258087158203, 108.26496386528015, 112.27763295173645, 112.27866101264954, 116.29325985908508, 116.29520988464355, 120.30517292022705, 120.30707502365112, 124.31447196006775, 128.32208895683289, 128.32416200637817, 132.32828903198242, 132.3301088809967, 136.33685493469238, 136.33806490898132, 140.3402078151703, 144.34249186515808, 144.34458589553833, 148.35013484954834, 148.3513479232788, 148.35316586494446, 152.35660696029663, 152.35777401924133, 152.35924792289734, 156.37192797660828, 156.373370885849, 160.3851888179779, 160.38667798042297, 160.3880009651184, 164.4100320339203, 164.41188502311707, 164.41360998153687, 168.42124581336975, 172.42648887634277, 172.4281919002533, 176.43379497528076, 176.4352788925171, 180.46559286117554, 180.4675588607788, 184.4744758605957, 184.47599601745605, 184.47763204574585, 188.49464583396912, 188.4963710308075, 192.5082929134369, 192.51012086868286, 196.5160129070282, 196.5175769329071, 200.53450894355774, 200.53617191314697, 204.54171800613403, 204.54426097869873, 208.5502998828888, 208.5532829761505, 212.56054282188416, 212.5624189376831, 216.56616592407227, 216.5677888393402, 220.57486200332642, 224.58165788650513, 224.5835919380188, 228.59173393249512, 228.5934820175171, 232.60546398162842, 236.60834789276123, 236.6102418899536, 236.61229586601257, 240.62483501434326, 240.62779092788696, 244.63494491577148, 244.63800501823425, 248.6465129852295, 248.6483519077301, 252.65844798088074, 252.66038584709167, 256.6652629375458, 256.66827392578125, 260.6849060058594, 260.68706488609314, 264.7012448310852, 264.70338582992554, 268.7124798297882, 272.7194609642029, 272.7222158908844, 276.7292239665985, 276.7317600250244, 280.74315881729126, 284.7567849159241, 284.76003789901733, 288.76933789253235, 288.77193784713745, 288.77377486228943, 292.7800598144531, 292.7823028564453, 296.7945508956909, 296.7964470386505, 300.8050558567047, 300.8072199821472, 304.81395983695984, 308.8283178806305, 308.83058190345764, 312.86309695243835, 312.86674404144287, 316.87499594688416, 316.87810802459717, 320.88648200035095, 320.88890385627747, 324.90174102783203, 324.90432596206665, 328.91032791137695, 328.9128329753876, 332.92199301719666, 336.92677092552185, 336.9301998615265, 340.94250988960266, 344.947970867157, 344.95064783096313, 348.9537229537964, 352.961895942688, 352.96484088897705, 356.9810779094696, 360.9871919155121, 360.98948192596436, 364.99812602996826, 365.000736951828, 369.01884293556213, 369.02206087112427, 373.02827286720276, 373.0312080383301, 377.0394058227539, 377.04249000549316, 377.04515385627747, 381.0536708831787, 385.0605149269104, 385.06277799606323, 385.0657088756561, 389.0775318145752, 389.080148935318, 393.08820700645447, 393.09124994277954, 397.1063959598541, 397.1094620227814, 401.11268401145935, 401.1160500049591, 405.126583814621, 405.12948989868164, 409.14075803756714, 409.1428668498993, 413.14886498451233, 413.1514298915863, 413.15423488616943, 417.1757278442383, 417.1782479286194, 421.1912579536438, 421.1945369243622, 425.2010099887848, 429.2050700187683, 429.20814085006714, 433.22188997268677, 437.22938084602356, 437.2325978279114, 437.2359359264374, 441.24561381340027, 441.2483639717102, 445.24988198280334, 445.2526710033417, 449.2593789100647, 449.2626528739929, 453.27764081954956, 453.282390832901, 457.2900719642639, 461.29410696029663, 461.29785799980164, 465.3032419681549, 465.3076298236847, 469.31320786476135, 469.31764793395996, 473.3237829208374, 473.3275239467621, 477.33487582206726, 477.3384509086609, 477.3418679237366, 481.35789489746094, 481.36591601371765, 481.3715169429779, 485.38618898391724, 485.38986897468567, 489.3984320163727, 489.402734041214, 489.4065179824829, 493.413822889328, 493.4177210330963, 497.42437386512756, 497.4285309314728, 501.45070791244507, 501.45386004447937, 505.4602119922638, 505.4640200138092, 509.46902799606323, 509.4729108810425, 513.4803478717804, 513.484475851059, 517.4934549331665, 517.4980888366699, 521.5051019191742, 521.5089149475098, 521.5125539302826, 525.522243976593, 525.5253009796143, 525.5289440155029, 529.5412528514862, 529.5459740161896, 533.5602159500122, 533.5650818347931, 537.5688979625702, 537.5749208927155, 541.5823049545288, 541.5887980461121, 545.5967559814453, 545.6005918979645, 545.604737997055, 549.6159648895264, 549.6198790073395, 553.637533903122, 553.6416640281677, 557.6500089168549, 557.6542348861694, 561.678552865982, 561.6834828853607, 565.693431854248, 565.6996929645538, 569.719733953476, 569.7238779067993, 573.7326209545135, 573.7368988990784, 577.7605319023132, 577.7647178173065, 581.7713949680328, 585.7823839187622, 585.7874689102173, 589.7946879863739, 589.7989528179169]
noisy values: [7.405554874261711, 10.137243844238416, 10.137243844238416, 11.879698063237173, 13.46205633977439, 13.46205633977439, 13.46205633977439, 13.46205633977439, 13.46205633977439, 13.46205633977439, 13.46205633977439, 13.697643663041573, 13.697643663041573, 13.697643663041573, 13.697643663041573, 13.697643663041573, 13.697643663041573, 13.697643663041573, 13.697643663041573, 13.697643663041573, 13.697643663041573, 13.697643663041573, 13.697643663041573, 13.697643663041573, 13.697643663041573, 13.697643663041573, 13.697643663041573, 13.697643663041573, 13.697643663041573, 13.697643663041573, 13.697643663041573, 13.697643663041573, 13.697643663041573, 13.697643663041573, 13.697643663041573, 13.697643663041573, 13.697643663041573, 13.697643663041573, 13.697643663041573, 13.697643663041573, 13.697643663041573, 13.697643663041573, 13.697643663041573, 13.697643663041573, 13.697643663041573, 13.697643663041573, 13.697643663041573, 13.697643663041573, 13.697643663041573, 13.697643663041573, 13.697643663041573, 13.697643663041573, 13.697643663041573, 13.697643663041573, 13.697643663041573, 13.697643663041573, 13.697643663041573, 13.697643663041573, 13.697643663041573, 13.697643663041573, 13.697643663041573, 13.697643663041573, 13.697643663041573, 13.697643663041573, 13.697643663041573, 13.697643663041573, 13.697643663041573, 13.697643663041573, 13.697643663041573, 13.697643663041573, 13.697643663041573, 13.697643663041573, 13.697643663041573, 13.697643663041573, 13.697643663041573, 13.697643663041573, 13.697643663041573, 13.697643663041573, 13.697643663041573, 13.697643663041573, 13.697643663041573, 13.697643663041573, 13.697643663041573, 13.697643663041573, 13.697643663041573, 13.697643663041573, 13.697643663041573, 13.697643663041573, 13.697643663041573, 13.697643663041573, 13.697643663041573, 13.697643663041573, 13.697643663041573, 13.697643663041573, 13.697643663041573, 13.697643663041573, 13.697643663041573, 13.697643663041573, 13.697643663041573, 13.697643663041573, 13.697643663041573, 13.697643663041573, 13.697643663041573, 13.697643663041573, 13.697643663041573, 13.697643663041573, 13.697643663041573, 13.697643663041573, 13.697643663041573, 13.697643663041573, 13.697643663041573, 13.697643663041573, 13.697643663041573, 13.697643663041573, 13.697643663041573, 13.697643663041573, 13.697643663041573, 13.697643663041573, 13.697643663041573, 13.697643663041573, 13.697643663041573, 13.697643663041573, 13.697643663041573, 13.697643663041573, 13.697643663041573, 13.697643663041573, 13.697643663041573, 13.697643663041573, 13.697643663041573, 13.697643663041573, 13.697643663041573, 13.697643663041573, 13.697643663041573, 13.69862976006741, 13.69862976006741, 13.69862979623438, 13.69862979623438, 13.69862979623438, 13.698629796240098, 13.698629796240098, 13.698629796240098, 13.6986297962401, 13.6986297962401, 13.6986297962401, 13.6986297962401, 13.6986297962401, 13.6986297962401, 13.6986297962401, 13.6986297962401, 13.6986297962401, 13.6986297962401, 13.6986297962401, 13.6986297962401, 13.6986297962401, 13.6986297962401, 13.6986297962401, 13.6986297962401, 13.6986297962401, 13.6986297962401, 13.6986297962401, 13.6986297962401, 13.6986297962401, 13.6986297962401, 13.6986297962401, 13.6986297962401, 13.6986297962401, 13.6986297962401, 13.6986297962401, 13.6986297962401, 13.6986297962401, 13.6986297962401, 13.6986297962401, 13.6986297962401, 13.6986297962401, 13.6986297962401, 13.6986297962401, 13.6986297962401, 13.6986297962401, 13.6986297962401, 13.6986297962401, 13.6986297962401, 13.6986297962401, 13.6986297962401, 13.6986297962401, 13.6986297962401, 13.6986297962401, 13.6986297962401, 13.6986297962401, 13.6986297962401, 13.6986297962401, 13.6986297962401, 13.6986297962401, 13.6986297962401, 13.6986297962401, 13.6986297962401, 13.6986297962401, 13.6986297962401, 13.6986297962401, 13.6986297962401, 13.6986297962401, 13.6986297962401, 13.6986297962401, 13.6986297962401, 13.6986297962401, 13.6986297962401, 13.6986297962401, 13.6986297962401, 13.6986297962401, 13.6986297962401, 13.6986297962401, 13.6986297962401, 13.6986297962401, 13.6986297962401, 13.6986297962401, 13.6986297962401, 13.6986297962401, 13.6986297962401, 13.6986297962401, 13.6986297962401, 13.6986297962401, 13.6986297962401, 13.6986297962401, 13.6986297962401, 13.6986297962401, 13.6986297962401, 13.6986297962401, 13.6986297962401, 13.6986297962401, 13.6986297962401, 13.6986297962401, 13.6986297962401, 13.6986297962401, 13.6986297962401, 13.6986297962401, 13.6986297962401, 13.6986297962401, 13.6986297962401, 13.6986297962401, 13.6986297962401, 13.6986297962401, 13.6986297962401, 13.6986297962401, 13.6986297962401, 13.6986297962401, 13.6986297962401, 13.6986297962401, 13.6986297962401, 13.6986297962401, 13.6986297962401, 13.703604780532865, 13.703604780532865, 13.703604780532865, 13.703604780532865, 13.703604780532865, 13.703604780532865, 13.703604780532865, 13.703604780532865, 13.703604780532865, 13.703604780532865, 13.703604780532865, 13.703604780532865, 13.703604780532865, 13.703604780532865, 13.703604780532865, 13.703604780532865, 13.703604780532865, 13.703604780532865, 13.703604780532865, 13.703604780532865, 13.703604780532865, 13.703604780532865, 13.703604780532865, 13.703604780532865, 13.703604780532865, 13.703604780532865, 13.703604780532865, 13.703604780532865, 13.703604780532865, 13.703604780532865, 13.703604780532865, 13.703604780532865, 13.703604780532865, 13.703604780532865, 13.703604780532865, 13.703604780532865, 13.703604780532865, 13.703604780532865, 13.703604780532865, 13.703604780532865, 13.703604780532865, 13.703604780532865, 13.703604780532865, 13.703604780532865]
data points:
values: [7.836084876200902, 10.287858438527588, 10.287858438527588, 12.038761773243245, 13.482506925408414, 13.482506925408414, 13.482506925408414, 13.482506925408414, 13.482506925408414, 13.482506925408414, 13.482506925408414, 13.482506925408414, 13.697964656782032, 13.697964656782032, 13.697964656782032, 13.697964656782032, 13.697964656782032, 13.697964656782032, 13.697964656782032, 13.697964656782032, 13.697964656782032, 13.697964656782032, 13.697964656782032, 13.697964656782032, 13.697964656782032, 13.697964656782032, 13.697964656782032, 13.697964656782032, 13.697964656782032, 13.697964656782032, 13.697964656782032, 13.697964656782032, 13.697964656782032, 13.697964656782032, 13.697964656782032, 13.697964656782032, 13.697964656782032, 13.697964656782032, 13.697964656782032, 13.697964656782032, 13.697964656782032, 13.697964656782032, 13.697964656782032, 13.697964656782032, 13.697964656782032, 13.697964656782032, 13.697964656782032, 13.697964656782032, 13.697964656782032, 13.697964656782032, 13.697964656782032, 13.697964656782032, 13.697964656782032, 13.697964656782032, 13.697964656782032, 13.697964656782032, 13.697964656782032, 13.697964656782032, 13.697964656782032, 13.697964656782032, 13.697964656782032, 13.697964656782032, 13.697964656782032, 13.697964656782032, 13.697964656782032, 13.697964656782032, 13.697964656782032, 13.697964656782032, 13.697964656782032, 13.697964656782032, 13.697964656782032, 13.697964656782032, 13.697964656782032, 13.697964656782032, 13.697964656782032, 13.697964656782032, 13.697964656782032, 13.697964656782032, 13.697964656782032, 13.697964656782032, 13.697964656782032, 13.697964656782032, 13.697964656782032, 13.697964656782032, 13.697964656782032, 13.697964656782032, 13.697964656782032, 13.697964656782032, 13.697964656782032, 13.697964656782032, 13.697964656782032, 13.697964656782032, 13.697964656782032, 13.697964656782032, 13.697964656782032, 13.697964656782032, 13.697964656782032, 13.697964656782032, 13.697964656782032, 13.697964656782032, 13.697964656782032, 13.697964656782032, 13.697964656782032, 13.697964656782032, 13.697964656782032, 13.697964656782032, 13.697964656782032, 13.697964656782032, 13.697964656782032, 13.697964656782032, 13.697964656782032, 13.697964656782032, 13.697964656782032, 13.697964656782032, 13.697964656782032, 13.697964656782032, 13.697964656782032, 13.697964656782032, 13.697964656782032, 13.697964656782032, 13.697964656782032, 13.697964656782032, 13.697964656782032, 13.697964656782032, 13.697964656782032, 13.697964656782032, 13.697964656782032, 13.697964656782032, 13.697964656782032, 13.697964656782032, 13.697964656782032, 13.697964656782032, 13.697964656782032, 13.697964656782032, 13.698629761673308, 13.698629761673308, 13.698629796234634, 13.698629796234634, 13.698629796234634, 13.698629796240098, 13.698629796240098, 13.698629796240098, 13.6986297962401, 13.6986297962401, 13.6986297962401, 13.6986297962401, 13.6986297962401, 13.6986297962401, 13.6986297962401, 13.6986297962401, 13.6986297962401, 13.6986297962401, 13.6986297962401, 13.6986297962401, 13.6986297962401, 13.6986297962401, 13.6986297962401, 13.6986297962401, 13.6986297962401, 13.6986297962401, 13.6986297962401, 13.6986297962401, 13.6986297962401, 13.6986297962401, 13.6986297962401, 13.6986297962401, 13.6986297962401, 13.6986297962401, 13.6986297962401, 13.6986297962401, 13.6986297962401, 13.6986297962401, 13.6986297962401, 13.6986297962401, 13.6986297962401, 13.6986297962401, 13.6986297962401, 13.6986297962401, 13.6986297962401, 13.6986297962401, 13.6986297962401, 13.6986297962401, 13.6986297962401, 13.6986297962401, 13.6986297962401, 13.6986297962401, 13.6986297962401, 13.6986297962401, 13.6986297962401, 13.6986297962401, 13.6986297962401, 13.6986297962401, 13.6986297962401, 13.6986297962401, 13.6986297962401, 13.6986297962401, 13.6986297962401, 13.6986297962401, 13.6986297962401, 13.6986297962401, 13.6986297962401, 13.6986297962401, 13.6986297962401, 13.6986297962401, 13.6986297962401, 13.6986297962401, 13.6986297962401, 13.6986297962401, 13.6986297962401, 13.6986297962401, 13.6986297962401, 13.6986297962401, 13.6986297962401, 13.6986297962401, 13.6986297962401, 13.6986297962401, 13.6986297962401, 13.6986297962401, 13.6986297962401, 13.6986297962401, 13.6986297962401, 13.6986297962401, 13.6986297962401, 13.6986297962401, 13.6986297962401, 13.6986297962401, 13.6986297962401, 13.6986297962401, 13.6986297962401, 13.6986297962401, 13.6986297962401, 13.6986297962401, 13.6986297962401, 13.6986297962401, 13.6986297962401, 13.6986297962401, 13.6986297962401, 13.6986297962401, 13.6986297962401, 13.6986297962401, 13.6986297962401, 13.6986297962401, 13.6986297962401, 13.6986297962401, 13.6986297962401, 13.6986297962401, 13.6986297962401, 13.6986297962401, 13.6986297962401, 13.6986297962401, 13.703604780532865, 13.703604780532865, 13.703604780532865, 13.703604780532865, 13.703604780532865, 13.703604780532865, 13.703604780532865, 13.703604780532865, 13.703604780532865, 13.703604780532865, 13.703604780532865, 13.703604780532865, 13.703604780532865, 13.703604780532865, 13.703604780532865, 13.703604780532865, 13.703604780532865, 13.703604780532865, 13.703604780532865, 13.703604780532865, 13.703604780532865, 13.703604780532865, 13.703604780532865, 13.703604780532865, 13.703604780532865, 13.703604780532865, 13.703604780532865, 13.703604780532865, 13.703604780532865, 13.703604780532865, 13.703604780532865, 13.703604780532865, 13.703604780532865, 13.703604780532865, 13.703604780532865, 13.703604780532865, 13.703604780532865, 13.703604780532865, 13.703604780532865, 13.703604780532865, 13.703604780532865, 13.703604780532865, 13.703604780532865]
Done!
opt_val: 13.7036047805
