('generated stochastic delays:', [array([ 2, 11,  5, ...,  2,  3,  1])])
('test function', 'CurrinExp')
('opt_fidel_cost:', 1.1)
Running Experiment1: 
('total budget:', 600)
Auto Init: 
C: 0.6094708385895093
nu: 0.6094708385895093
Budget Remaining: 591.992929935
Number of MFHOO Instances: 1
Budget per MFHOO Instance:590.892929935
number of HOO: 1
Running SOO number: 1 rho: 0.95 nu: 0.6094708385895093
delay_type: DHOO
policy: UCB1
[0.25097656 0.00488281]
final iterations:90285986
final HOO number of nodes:587
final HOO height:21
final duration:590
final optimal value:13.703605 
time durations: [0.0014579296112060547, 4.002830982208252, 8.009278059005737, 12.010978937149048, 16.015969038009644, 16.017706871032715, 16.01848602294922, 20.03075885772705, 24.032408952713013, 24.033427953720093, 28.038774013519287, 28.039504051208496, 32.043071031570435, 32.04366397857666, 36.04925298690796, 36.04990196228027, 40.053062915802, 40.053794860839844, 44.07009696960449, 44.07080292701721, 48.07593393325806, 48.07674503326416, 52.088775873184204, 52.089637994766235, 56.092697858810425, 56.09368896484375, 56.09461784362793, 60.10209584236145, 60.10287594795227, 64.11055588722229, 68.11599683761597, 68.11708903312683, 72.1219789981842, 76.12849688529968, 76.13259887695312, 80.13925504684448, 80.14078092575073, 84.1512279510498, 84.15247702598572, 88.16603684425354, 92.17305493354797, 92.17418384552002, 96.18254685401917, 96.18450284004211, 100.19077801704407, 100.19183492660522, 104.19616389274597, 104.19739389419556, 108.2015929222107, 108.20250701904297, 112.21505403518677, 112.21624302864075, 112.21731305122375, 116.23619484901428, 116.23750305175781, 120.24374485015869, 120.24474596977234, 124.253497838974, 124.2545268535614, 128.25970792770386, 128.26072692871094, 132.27584505081177, 136.27991795539856, 136.28127002716064, 140.287113904953, 140.28808903694153, 144.2979428768158, 144.29916286468506, 148.30416989326477, 152.30832505226135, 152.31077694892883, 156.31703400611877, 156.31824398040771, 160.3304898738861, 160.33218002319336, 164.34070897102356, 164.3425350189209, 168.34981989860535, 168.35104990005493, 172.37428188323975, 172.37576389312744, 176.38079190254211, 176.38178396224976, 180.3888440132141, 180.39034700393677, 184.4037778377533, 184.40540289878845, 188.41204190254211, 188.41353392601013, 188.41497993469238, 192.42184805870056, 196.43228387832642, 196.43380904197693, 200.43780398368835, 200.43948888778687, 204.44420289993286, 208.45593905448914, 208.45853400230408, 212.47106003761292, 212.47266292572021, 216.4816770553589, 216.4842929840088, 220.49047088623047, 220.49215388298035, 224.50625205039978, 224.50818395614624, 228.52746200561523, 232.53539490699768, 232.53715085983276, 236.54345393180847, 240.5459749698639, 240.54785084724426, 240.54967188835144, 244.55615305900574, 244.55877995491028, 248.5638120174408, 252.56816983222961, 252.57010984420776, 256.577782869339, 256.57976388931274, 256.5818979740143, 260.6024160385132, 260.6044850349426, 264.6125259399414, 264.6143100261688, 268.6204559803009, 268.62234687805176, 268.6243739128113, 272.62868094444275, 272.63108801841736, 276.65257596969604, 276.6546130180359, 280.6604518890381, 280.66267704963684, 280.66488695144653, 284.67401099205017, 284.6767978668213, 288.68164682388306, 288.68393898010254, 292.6924788951874, 292.6946439743042, 292.69717383384705, 296.70914602279663, 296.71135091781616, 300.7183299064636, 304.72419905662537, 304.72721886634827, 308.73627495765686, 308.74046087265015, 308.74436497688293, 312.7584500312805, 312.7604579925537, 316.7649438381195, 316.76724100112915, 320.7806890010834, 320.78323101997375, 324.7927839756012, 328.80053186416626, 328.80308294296265, 332.8170280456543, 332.8196020126343, 336.83495688438416, 340.8427858352661, 340.8458549976349, 344.85292291641235, 344.8556959629059, 348.86726999282837, 348.8701808452606, 352.8810279369354, 352.88476300239563, 356.892107963562, 360.8954908847809, 360.8984968662262, 364.90519404411316, 364.9080958366394, 368.92582297325134, 368.92922592163086, 372.93306398391724, 372.9363079071045, 376.94417786598206, 376.9470829963684, 376.94996190071106, 380.9670498371124, 380.97014689445496, 384.97714591026306, 384.9805769920349, 388.984601020813, 388.98757791519165, 392.9940240383148, 392.9966969490051, 397.00542283058167, 397.0082459449768, 401.02849292755127, 401.03143787384033, 401.03450298309326, 405.04470801353455, 405.04771089553833, 409.05569100379944, 409.0587258338928, 413.0663230419159, 417.0715639591217, 417.0753319263458, 421.08491587638855, 421.08836793899536, 421.0914258956909, 425.1063690185547, 425.1110420227051, 429.1165759563446, 429.1212718486786, 433.12794184684753, 433.1329460144043, 437.14190697669983, 437.14696502685547, 437.15180683135986, 441.16004705429077, 441.16314601898193, 445.1890368461609, 445.19322395324707, 449.2024178504944, 449.2052710056305, 453.221067905426, 457.2317850589752, 457.23616194725037, 461.2444648742676, 461.24790692329407, 465.25726199150085, 465.26058983802795, 469.2681210041046, 469.2717549800873, 473.28023290634155, 473.28400182724, 477.2938599586487, 477.2986319065094, 481.30760288238525, 481.3103840351105, 481.3137068748474, 485.32400703430176, 485.328400850296, 489.3358578681946, 489.3398058414459, 489.34329891204834, 493.37920594215393, 493.3831570148468, 497.3928608894348, 501.4118800163269, 501.41541504859924, 505.4255750179291, 505.4311189651489, 505.4344449043274, 509.44283390045166, 509.44737005233765, 509.4519100189209, 513.4608509540558, 513.4643678665161, 517.4810140132904, 517.4845929145813, 521.4932148456573, 521.4963109493256, 525.5064690113068, 525.510663986206, 529.5181050300598, 529.5218029022217, 533.5313739776611, 533.5359239578247, 533.5404469966888, 537.5502059459686, 541.5677518844604, 541.57231092453, 545.5822508335114, 545.5871770381927, 545.5926048755646, 549.600615978241, 549.6049020290375, 553.6278948783875, 553.6323969364166, 557.6489808559418, 557.6531620025635, 561.6642098426819, 561.668251991272, 561.6722729206085, 565.6827299594879, 565.6873128414154, 569.6951520442963, 569.699667930603, 573.7055158615112, 573.7118399143219, 577.7184698581696, 577.7232389450073, 577.7266080379486, 581.7333610057831, 581.7377438545227, 585.7478539943695, 585.7523560523987, 585.7566559314728, 589.7770318984985, 589.7803750038147]
noisy values: [7.405554874261711, 10.137243844238416, 11.871326289026328, 13.460979993162073, 13.460979993162073, 13.460979993162073, 13.460979993162073, 13.460979993162073, 13.460979993162073, 13.460979993162073, 13.460979993162073, 13.460979993162073, 13.460979993162073, 13.460979993162073, 13.697643663041573, 13.697643663041573, 13.697643663041573, 13.697643663041573, 13.697643663041573, 13.697643663041573, 13.697643663041573, 13.697643663041573, 13.697643663041573, 13.697643663041573, 13.697643663041573, 13.697643663041573, 13.697643663041573, 13.697643663041573, 13.697643663041573, 13.697643663041573, 13.697643663041573, 13.697643663041573, 13.697643663041573, 13.697643663041573, 13.697643663041573, 13.697643663041573, 13.697643663041573, 13.697643663041573, 13.697643663041573, 13.697643663041573, 13.697643663041573, 13.697643663041573, 13.697643663041573, 13.697643663041573, 13.697643663041573, 13.697643663041573, 13.697643663041573, 13.697643663041573, 13.697643663041573, 13.697643663041573, 13.697643663041573, 13.697643663041573, 13.697643663041573, 13.697643663041573, 13.697643663041573, 13.697643663041573, 13.697643663041573, 13.697643663041573, 13.697643663041573, 13.697643663041573, 13.697643663041573, 13.697643663041573, 13.697643663041573, 13.697643663041573, 13.697643663041573, 13.697643663041573, 13.697643663041573, 13.697643663041573, 13.697643663041573, 13.697643663041573, 13.697643663041573, 13.697643663041573, 13.697643663041573, 13.697643663041573, 13.697643663041573, 13.697643663041573, 13.697643663041573, 13.697643663041573, 13.697643663041573, 13.697643663041573, 13.697643663041573, 13.697643663041573, 13.697643663041573, 13.697643663041573, 13.697643663041573, 13.697643663041573, 13.697643663041573, 13.697643663041573, 13.697643663041573, 13.697643663041573, 13.697643663041573, 13.697643663041573, 13.697643663041573, 13.697643663041573, 13.697643663041573, 13.697643663041573, 13.697643663041573, 13.697643663041573, 13.697643663041573, 13.697643663041573, 13.697643663041573, 13.697643663041573, 13.697643663041573, 13.697643663041573, 13.697643663041573, 13.697643663041573, 13.697643663041573, 13.697643663041573, 13.697643663041573, 13.697643663041573, 13.697643663041573, 13.697643663041573, 13.697643663041573, 13.697643663041573, 13.697643663041573, 13.697643663041573, 13.697643663041573, 13.697643663041573, 13.698564121492932, 13.698564121492932, 13.698564121492932, 13.698564121492932, 13.698564121492932, 13.698564121492932, 13.698564121492932, 13.698564121492932, 13.698564121492932, 13.698564121492932, 13.698564121492932, 13.698564121492932, 13.698564121492932, 13.698564121492932, 13.698564121492932, 13.698564121492932, 13.698564121492932, 13.6986297962401, 13.6986297962401, 13.6986297962401, 13.6986297962401, 13.6986297962401, 13.6986297962401, 13.6986297962401, 13.6986297962401, 13.6986297962401, 13.6986297962401, 13.6986297962401, 13.6986297962401, 13.6986297962401, 13.6986297962401, 13.6986297962401, 13.6986297962401, 13.6986297962401, 13.6986297962401, 13.6986297962401, 13.6986297962401, 13.6986297962401, 13.6986297962401, 13.6986297962401, 13.6986297962401, 13.6986297962401, 13.6986297962401, 13.6986297962401, 13.6986297962401, 13.6986297962401, 13.6986297962401, 13.6986297962401, 13.6986297962401, 13.6986297962401, 13.6986297962401, 13.6986297962401, 13.6986297962401, 13.6986297962401, 13.6986297962401, 13.703604780200726, 13.703604780200726, 13.703604780200726, 13.703604780200726, 13.703604780200726, 13.703604780200726, 13.703604780200726, 13.703604780200726, 13.703604780200726, 13.703604780200726, 13.703604780200726, 13.703604780200726, 13.703604780200726, 13.703604780200726, 13.703604780200726, 13.703604780200726, 13.703604780200726, 13.703604780200726, 13.703604780200726, 13.703604780200726, 13.703604780200726, 13.703604780200726, 13.703604780532865, 13.703604780532865, 13.703604780532865, 13.703604780532865, 13.703604780532865, 13.703604780532865, 13.703604780532865, 13.703604780532865, 13.703604780532865, 13.703604780532865, 13.703604780532865, 13.703604780532865, 13.703604780532865, 13.703604780532865, 13.703604780532865, 13.703604780532865, 13.703604780532865, 13.703604780532865, 13.703604780532865, 13.703604780532865, 13.703604780532865, 13.703604780532865, 13.703604780532865, 13.703604780532865, 13.703604780532865, 13.703604780532865, 13.703604780532865, 13.703604780532865, 13.703604780532865, 13.703604780532865, 13.703604780532865, 13.703604780532865, 13.703604780532865, 13.703604780532865, 13.703604780532865, 13.703604780532865, 13.703604780532865, 13.703604780532865, 13.703604780532865, 13.703604780532865, 13.703604780532865, 13.703604780532865, 13.703604780532865, 13.703604780532865, 13.703604780532865, 13.703604780532865, 13.703604780532865, 13.703604780532865, 13.703604780532865, 13.703604780532865, 13.703604780532865, 13.703604780532865, 13.703604780532865, 13.703604780532865, 13.703604780532865, 13.703604780532865, 13.703604780532865, 13.703604780532865, 13.703604780532865, 13.703604780532865, 13.703604780532865, 13.703604780532865, 13.703604780532865, 13.703604780532865, 13.703604780532865, 13.703604780532865, 13.703604780532865, 13.703604780532865, 13.703604780532865, 13.703604780532865, 13.703604780532865, 13.703604780532865, 13.703604780532865, 13.703604780532865, 13.703604780532865, 13.703604780532865, 13.703604780532865, 13.703604780532865, 13.703604780532865, 13.703604780532865, 13.703604780532865, 13.703604780532865, 13.703604780532865, 13.703604780532865, 13.703604780532865, 13.703604780532865, 13.703604780532865, 13.703604780532865, 13.703604780532865, 13.703604780532865, 13.703604780532865, 13.703604780532865, 13.703604780532865, 13.703604780532865, 13.703604780532865, 13.703604780532865, 13.703604780532865, 13.703604780532865, 13.703604780532865, 13.703604780532865, 13.703604780532865]
data points:
values: [7.836084876200902, 10.287858438527588, 12.038761773243245, 13.482506925408414, 13.482506925408414, 13.482506925408414, 13.482506925408414, 13.482506925408414, 13.482506925408414, 13.482506925408414, 13.482506925408414, 13.482506925408414, 13.482506925408414, 13.482506925408414, 13.482506925408414, 13.697964656782032, 13.697964656782032, 13.697964656782032, 13.697964656782032, 13.697964656782032, 13.697964656782032, 13.697964656782032, 13.697964656782032, 13.697964656782032, 13.697964656782032, 13.697964656782032, 13.697964656782032, 13.697964656782032, 13.697964656782032, 13.697964656782032, 13.697964656782032, 13.697964656782032, 13.697964656782032, 13.697964656782032, 13.697964656782032, 13.697964656782032, 13.697964656782032, 13.697964656782032, 13.697964656782032, 13.697964656782032, 13.697964656782032, 13.697964656782032, 13.697964656782032, 13.697964656782032, 13.697964656782032, 13.697964656782032, 13.697964656782032, 13.697964656782032, 13.697964656782032, 13.697964656782032, 13.697964656782032, 13.697964656782032, 13.697964656782032, 13.697964656782032, 13.697964656782032, 13.697964656782032, 13.697964656782032, 13.697964656782032, 13.697964656782032, 13.697964656782032, 13.697964656782032, 13.697964656782032, 13.697964656782032, 13.697964656782032, 13.697964656782032, 13.697964656782032, 13.697964656782032, 13.697964656782032, 13.697964656782032, 13.697964656782032, 13.697964656782032, 13.697964656782032, 13.697964656782032, 13.697964656782032, 13.697964656782032, 13.697964656782032, 13.697964656782032, 13.697964656782032, 13.697964656782032, 13.697964656782032, 13.697964656782032, 13.697964656782032, 13.697964656782032, 13.697964656782032, 13.697964656782032, 13.697964656782032, 13.697964656782032, 13.697964656782032, 13.697964656782032, 13.697964656782032, 13.697964656782032, 13.697964656782032, 13.697964656782032, 13.697964656782032, 13.697964656782032, 13.697964656782032, 13.697964656782032, 13.697964656782032, 13.697964656782032, 13.697964656782032, 13.697964656782032, 13.697964656782032, 13.697964656782032, 13.697964656782032, 13.697964656782032, 13.697964656782032, 13.697964656782032, 13.697964656782032, 13.697964656782032, 13.697964656782032, 13.697964656782032, 13.697964656782032, 13.697964656782032, 13.697964656782032, 13.697964656782032, 13.697964656782032, 13.697964656782032, 13.697964656782032, 13.697964656782032, 13.698567183444185, 13.698567183444185, 13.698567183444185, 13.698567183444185, 13.698567183444185, 13.698567183444185, 13.698567183444185, 13.698567183444185, 13.698567183444185, 13.698567183444185, 13.698567183444185, 13.698567183444185, 13.698567183444185, 13.698567183444185, 13.698567183444185, 13.698567183444185, 13.698567183444185, 13.6986297962401, 13.6986297962401, 13.6986297962401, 13.6986297962401, 13.6986297962401, 13.6986297962401, 13.6986297962401, 13.6986297962401, 13.6986297962401, 13.6986297962401, 13.6986297962401, 13.6986297962401, 13.6986297962401, 13.6986297962401, 13.6986297962401, 13.6986297962401, 13.6986297962401, 13.6986297962401, 13.6986297962401, 13.6986297962401, 13.6986297962401, 13.6986297962401, 13.6986297962401, 13.6986297962401, 13.6986297962401, 13.6986297962401, 13.6986297962401, 13.6986297962401, 13.6986297962401, 13.6986297962401, 13.6986297962401, 13.6986297962401, 13.6986297962401, 13.6986297962401, 13.6986297962401, 13.6986297962401, 13.6986297962401, 13.6986297962401, 13.703604780214766, 13.703604780214766, 13.703604780214766, 13.703604780214766, 13.703604780214766, 13.703604780214766, 13.703604780214766, 13.703604780214766, 13.703604780214766, 13.703604780214766, 13.703604780214766, 13.703604780214766, 13.703604780214766, 13.703604780214766, 13.703604780214766, 13.703604780214766, 13.703604780214766, 13.703604780214766, 13.703604780214766, 13.703604780214766, 13.703604780214766, 13.703604780214766, 13.703604780532865, 13.703604780532865, 13.703604780532865, 13.703604780532865, 13.703604780532865, 13.703604780532865, 13.703604780532865, 13.703604780532865, 13.703604780532865, 13.703604780532865, 13.703604780532865, 13.703604780532865, 13.703604780532865, 13.703604780532865, 13.703604780532865, 13.703604780532865, 13.703604780532865, 13.703604780532865, 13.703604780532865, 13.703604780532865, 13.703604780532865, 13.703604780532865, 13.703604780532865, 13.703604780532865, 13.703604780532865, 13.703604780532865, 13.703604780532865, 13.703604780532865, 13.703604780532865, 13.703604780532865, 13.703604780532865, 13.703604780532865, 13.703604780532865, 13.703604780532865, 13.703604780532865, 13.703604780532865, 13.703604780532865, 13.703604780532865, 13.703604780532865, 13.703604780532865, 13.703604780532865, 13.703604780532865, 13.703604780532865, 13.703604780532865, 13.703604780532865, 13.703604780532865, 13.703604780532865, 13.703604780532865, 13.703604780532865, 13.703604780532865, 13.703604780532865, 13.703604780532865, 13.703604780532865, 13.703604780532865, 13.703604780532865, 13.703604780532865, 13.703604780532865, 13.703604780532865, 13.703604780532865, 13.703604780532865, 13.703604780532865, 13.703604780532865, 13.703604780532865, 13.703604780532865, 13.703604780532865, 13.703604780532865, 13.703604780532865, 13.703604780532865, 13.703604780532865, 13.703604780532865, 13.703604780532865, 13.703604780532865, 13.703604780532865, 13.703604780532865, 13.703604780532865, 13.703604780532865, 13.703604780532865, 13.703604780532865, 13.703604780532865, 13.703604780532865, 13.703604780532865, 13.703604780532865, 13.703604780532865, 13.703604780532865, 13.703604780532865, 13.703604780532865, 13.703604780532865, 13.703604780532865, 13.703604780532865, 13.703604780532865, 13.703604780532865, 13.703604780532865, 13.703604780532865, 13.703604780532865, 13.703604780532865, 13.703604780532865, 13.703604780532865, 13.703604780532865, 13.703604780532865, 13.703604780532865]
Done!
opt_val: 13.7036047805
