('generated stochastic delays:', [array([ 2, 11,  5, ...,  2,  3,  1])])
('test function', 'CurrinExp')
('opt_fidel_cost:', 1.1)
Running Experiment1: 
('total budget:', 600)
Auto Init: 
C: 0.6094708385895093
nu: 0.6094708385895093
Budget Remaining: 591.995933056
Number of MFHOO Instances: 3
Budget per MFHOO Instance:196.231977685
number of HOO: 3
Running SOO number: 1 rho: 0.95 nu: 0.6094708385895093
delay_type: DHOO
policy: UCB1
[0.25195312 0.03320312]
final iterations:42232094
final HOO number of nodes:193
final HOO height:18
final duration:196
final optimal value:13.698626 
time durations: [0.0008020401000976562, 4.002945899963379, 8.008178949356079, 12.01345705986023, 16.034343957901, 16.036577939987183, 20.04132103919983, 20.042163848876953, 24.04828405380249, 24.048836946487427, 24.05028486251831, 24.051377058029175, 28.053462982177734, 28.05852699279785, 28.059170961380005, 32.06471800804138, 32.06524300575256, 36.072694063186646, 40.074816942214966, 44.080641984939575, 44.08197093009949, 48.08465790748596, 48.085171937942505, 52.091850996017456, 52.09249496459961, 56.11361384391785, 56.11458897590637, 56.115463972091675, 60.13288187980652, 64.14171099662781, 64.14338707923889, 68.1562979221344, 72.1633849143982, 72.16485905647278, 72.16566300392151, 72.16695594787598, 76.18449091911316, 76.18523406982422, 80.19135403633118, 80.1923840045929, 80.19362807273865, 84.19711494445801, 84.1981270313263, 84.19906687736511, 88.21124291419983, 88.21233701705933, 88.21320700645447, 92.21771192550659, 92.21941900253296, 96.225026845932, 96.22597789764404, 100.23644804954529, 104.24444890022278, 104.24613904953003, 108.24979901313782, 108.25092601776123, 112.25464487075806, 112.25611400604248, 116.2649040222168, 116.2658748626709, 120.26963591575623, 124.27521896362305, 124.27609205245972, 128.28290605545044, 128.2838978767395, 132.28544306755066, 132.28660893440247, 136.2931730747223, 136.2944610118866, 140.30481100082397, 140.30704402923584, 144.31427001953125, 144.31583189964294, 148.3221230506897, 148.3238959312439, 152.32679200172424, 152.3286190032959, 156.33398485183716, 156.33504605293274, 156.3363790512085, 160.34633493423462, 164.35291504859924, 164.3547339439392, 168.36095786094666, 168.362380027771, 168.36418795585632, 172.38371586799622, 172.3850040435791, 172.38645887374878, 176.39642906188965, 180.40217685699463, 180.40370202064514, 180.4056339263916, 184.41897702217102, 184.42192602157593, 188.4295530319214, 188.43186688423157, 192.44979095458984, 192.4524998664856]
noisy values: [7.405554874261711, 10.137243844238416, 11.871326289026328, 13.460979993162073, 13.460979993162073, 13.460979993162073, 13.460979993162073, 13.460979993162073, 13.460979993162073, 13.460979993162073, 13.460979993162073, 13.460979993162073, 13.460979993162073, 13.697643663041573, 13.697643663041573, 13.697643663041573, 13.697643663041573, 13.697643663041573, 13.697643663041573, 13.697643663041573, 13.697643663041573, 13.697643663041573, 13.697643663041573, 13.697643663041573, 13.697643663041573, 13.697643663041573, 13.697643663041573, 13.697643663041573, 13.697643663041573, 13.697643663041573, 13.697643663041573, 13.697643663041573, 13.697643663041573, 13.697643663041573, 13.697643663041573, 13.697643663041573, 13.697643663041573, 13.697643663041573, 13.697643663041573, 13.697643663041573, 13.697643663041573, 13.697643663041573, 13.697643663041573, 13.697643663041573, 13.697643663041573, 13.697643663041573, 13.697643663041573, 13.697643663041573, 13.697643663041573, 13.697643663041573, 13.697643663041573, 13.697643663041573, 13.697643663041573, 13.697643663041573, 13.697643663041573, 13.697643663041573, 13.697643663041573, 13.697643663041573, 13.697643663041573, 13.697643663041573, 13.697643663041573, 13.697643663041573, 13.697643663041573, 13.697643663041573, 13.697643663041573, 13.697643663041573, 13.697643663041573, 13.697643663041573, 13.697643663041573, 13.697643663041573, 13.697643663041573, 13.697643663041573, 13.697643663041573, 13.697643663041573, 13.697643663041573, 13.697643663041573, 13.697643663041573, 13.697643663041573, 13.697643663041573, 13.697643663041573, 13.697643663041573, 13.697643663041573, 13.697643663041573, 13.697643663041573, 13.697643663041573, 13.697643663041573, 13.697643663041573, 13.697643663041573, 13.697643663041573, 13.697643663041573, 13.697643663041573, 13.697643663041573, 13.697643663041573, 13.697643663041573, 13.697643663041573, 13.697643663041573, 13.697643663041573, 13.698626075088177, 13.698626075088177]
data points:
values: [7.836084876200902, 10.287858438527588, 12.038761773243245, 13.482506925408414, 13.482506925408414, 13.482506925408414, 13.482506925408414, 13.482506925408414, 13.482506925408414, 13.482506925408414, 13.482506925408414, 13.482506925408414, 13.482506925408414, 13.482506925408414, 13.697964656782032, 13.697964656782032, 13.697964656782032, 13.697964656782032, 13.697964656782032, 13.697964656782032, 13.697964656782032, 13.697964656782032, 13.697964656782032, 13.697964656782032, 13.697964656782032, 13.697964656782032, 13.697964656782032, 13.697964656782032, 13.697964656782032, 13.697964656782032, 13.697964656782032, 13.697964656782032, 13.697964656782032, 13.697964656782032, 13.697964656782032, 13.697964656782032, 13.697964656782032, 13.697964656782032, 13.697964656782032, 13.697964656782032, 13.697964656782032, 13.697964656782032, 13.697964656782032, 13.697964656782032, 13.697964656782032, 13.697964656782032, 13.697964656782032, 13.697964656782032, 13.697964656782032, 13.697964656782032, 13.697964656782032, 13.697964656782032, 13.697964656782032, 13.697964656782032, 13.697964656782032, 13.697964656782032, 13.697964656782032, 13.697964656782032, 13.697964656782032, 13.697964656782032, 13.697964656782032, 13.697964656782032, 13.697964656782032, 13.697964656782032, 13.697964656782032, 13.697964656782032, 13.697964656782032, 13.697964656782032, 13.697964656782032, 13.697964656782032, 13.697964656782032, 13.697964656782032, 13.697964656782032, 13.697964656782032, 13.697964656782032, 13.697964656782032, 13.697964656782032, 13.697964656782032, 13.697964656782032, 13.697964656782032, 13.697964656782032, 13.697964656782032, 13.697964656782032, 13.697964656782032, 13.697964656782032, 13.697964656782032, 13.697964656782032, 13.697964656782032, 13.697964656782032, 13.697964656782032, 13.697964656782032, 13.697964656782032, 13.697964656782032, 13.697964656782032, 13.697964656782032, 13.697964656782032, 13.697964656782032, 13.697964656782032, 13.698626240289855]
Done!
Running SOO number: 2 rho: 0.925945462757 nu: 0.6094708385895093
delay_type: DHOO
policy: UCB1
[0.25195312 0.02539062]
final iterations:34625705
final HOO number of nodes:174
final HOO height:18
final duration:196
final optimal value:13.698630 
time durations: [0.000164031982421875, 4.005375146865845, 8.00986909866333, 8.0104660987854, 12.023056983947754, 16.026491165161133, 16.02730107307434, 20.03128409385681, 20.03189516067505, 24.03439998626709, 28.05040717124939, 28.050956964492798, 32.056573152542114, 32.05838918685913, 36.06114912033081, 36.06175398826599, 40.07470202445984, 44.07662510871887, 44.077298164367676, 48.08444619178772, 48.08496713638306, 52.09210801124573, 52.09311604499817, 56.09529519081116, 60.10156512260437, 60.10257005691528, 64.11251401901245, 64.11356115341187, 68.13549304008484, 68.13649916648865, 72.14090704917908, 76.1441330909729, 76.14515209197998, 76.14606499671936, 80.16783499717712, 80.16903114318848, 80.17020916938782, 84.17391300201416, 88.17814707756042, 88.17925810813904, 92.18606305122375, 92.18770599365234, 96.22077798843384, 96.22246813774109, 100.22961711883545, 104.23659896850586, 104.23744702339172, 108.24363708496094, 108.24488115310669, 112.25024700164795, 116.25705909729004, 116.2590880393982, 116.2623610496521, 120.27011013031006, 120.27108502388, 124.2877151966095, 124.28927206993103, 128.29636597633362, 128.29773807525635, 132.30499410629272, 132.30637001991272, 136.31102919578552, 136.31271815299988, 140.31860613822937, 140.32026600837708, 140.32183599472046, 144.33101296424866, 144.3330180644989, 148.3385829925537, 152.36066007614136, 152.362722158432, 152.36436820030212, 156.3832540512085, 156.3848910331726, 160.39367818832397, 160.39529609680176, 164.40152215957642, 164.40308499336243, 168.41002297401428, 172.4167821407318, 172.41857814788818, 176.42551112174988, 180.43161296844482, 180.4339141845703, 184.4394850730896, 184.4420611858368, 188.44726300239563, 192.45413517951965, 192.45558619499207]
noisy values: [7.405554874261711, 10.141057490941247, 11.879698063237173, 11.879698063237173, 13.462574160167842, 13.462574160167842, 13.462574160167842, 13.462574160167842, 13.462574160167842, 13.697696413297493, 13.697696413297493, 13.697696413297493, 13.697696413297493, 13.697696413297493, 13.697696413297493, 13.697696413297493, 13.697696413297493, 13.697696413297493, 13.697696413297493, 13.697696413297493, 13.697696413297493, 13.697696413297493, 13.697696413297493, 13.697696413297493, 13.697696413297493, 13.697696413297493, 13.697696413297493, 13.697696413297493, 13.697696413297493, 13.697696413297493, 13.697696413297493, 13.697696413297493, 13.697696413297493, 13.697696413297493, 13.697696413297493, 13.697696413297493, 13.697696413297493, 13.697696413297493, 13.697696413297493, 13.697696413297493, 13.697696413297493, 13.697696413297493, 13.697696413297493, 13.697696413297493, 13.697696413297493, 13.697696413297493, 13.697696413297493, 13.697696413297493, 13.697696413297493, 13.697696413297493, 13.697696413297493, 13.697696413297493, 13.697696413297493, 13.697696413297493, 13.697696413297493, 13.697696413297493, 13.697696413297493, 13.697696413297493, 13.697696413297493, 13.697696413297493, 13.697696413297493, 13.697696413297493, 13.697696413297493, 13.697696413297493, 13.697696413297493, 13.697696413297493, 13.697696413297493, 13.697696413297493, 13.697696413297493, 13.697696413297493, 13.697696413297493, 13.697696413297493, 13.697696413297493, 13.697696413297493, 13.697696413297493, 13.697696413297493, 13.697696413297493, 13.697696413297493, 13.697696413297493, 13.697696413297493, 13.697696413297493, 13.697696413297493, 13.697696413297493, 13.697696413297493, 13.6986297606349, 13.6986297606349, 13.6986297606349, 13.6986297606349, 13.6986297606349]
data points:
values: [7.836084876200902, 10.287858438527588, 12.038761773243245, 12.038761773243245, 13.482506925408414, 13.482506925408414, 13.482506925408414, 13.482506925408414, 13.482506925408414, 13.482506925408414, 13.697964656782032, 13.697964656782032, 13.697964656782032, 13.697964656782032, 13.697964656782032, 13.697964656782032, 13.697964656782032, 13.697964656782032, 13.697964656782032, 13.697964656782032, 13.697964656782032, 13.697964656782032, 13.697964656782032, 13.697964656782032, 13.697964656782032, 13.697964656782032, 13.697964656782032, 13.697964656782032, 13.697964656782032, 13.697964656782032, 13.697964656782032, 13.697964656782032, 13.697964656782032, 13.697964656782032, 13.697964656782032, 13.697964656782032, 13.697964656782032, 13.697964656782032, 13.697964656782032, 13.697964656782032, 13.697964656782032, 13.697964656782032, 13.697964656782032, 13.697964656782032, 13.697964656782032, 13.697964656782032, 13.697964656782032, 13.697964656782032, 13.697964656782032, 13.697964656782032, 13.697964656782032, 13.697964656782032, 13.697964656782032, 13.697964656782032, 13.697964656782032, 13.697964656782032, 13.697964656782032, 13.697964656782032, 13.697964656782032, 13.697964656782032, 13.697964656782032, 13.697964656782032, 13.697964656782032, 13.697964656782032, 13.697964656782032, 13.697964656782032, 13.697964656782032, 13.697964656782032, 13.697964656782032, 13.697964656782032, 13.697964656782032, 13.697964656782032, 13.697964656782032, 13.697964656782032, 13.697964656782032, 13.697964656782032, 13.697964656782032, 13.697964656782032, 13.697964656782032, 13.697964656782032, 13.697964656782032, 13.697964656782032, 13.697964656782032, 13.697964656782032, 13.697964656782032, 13.698629761673308, 13.698629761673308, 13.698629761673308, 13.698629761673308]
Done!
Running SOO number: 3 rho: 0.857375 nu: 0.6094708385895093
delay_type: DHOO
policy: UCB1
[0.25390625 0.00390625]
final iterations:34420146
final HOO number of nodes:188
final HOO height:21
final duration:196
final optimal value:13.688384 
time durations: [0.00043511390686035156, 4.006039142608643, 8.014091968536377, 8.014557123184204, 8.015181064605713, 12.022319078445435, 12.0228431224823, 16.029319047927856, 16.032020092010498, 20.036741971969604, 20.03728699684143, 20.041378021240234, 24.04647207260132, 24.060790061950684, 24.06172800064087, 28.087902069091797, 32.09540414810181, 36.101338148117065, 36.10206913948059, 40.10644817352295, 40.10727906227112, 44.11461305618286, 44.1154580116272, 48.12940311431885, 48.130144119262695, 52.137855052948, 52.13869905471802, 56.146692991256714, 56.14732098579407, 60.15533900260925, 60.15642213821411, 64.16250801086426, 68.16605520248413, 68.16716003417969, 72.17174911499023, 72.17249917984009, 72.17325711250305, 76.19068098068237, 76.19178414344788, 76.19292402267456, 80.19846701622009, 80.19967699050903, 84.20769906044006, 84.20882511138916, 88.21588206291199, 88.21687006950378, 92.22164916992188, 92.22246408462524, 96.2283821105957, 96.22987413406372, 100.23544907569885, 104.23880410194397, 104.24013018608093, 108.24403619766235, 112.25075316429138, 112.25214910507202, 112.25364518165588, 116.26168513298035, 116.26340007781982, 120.27053308486938, 120.27149319648743, 124.28149604797363, 124.28285217285156, 128.2986011505127, 128.30012917518616, 132.30550003051758, 132.308207988739, 136.31572318077087, 136.31762218475342, 140.32019519805908, 144.32891011238098, 144.33045196533203, 148.33683514595032, 148.33859610557556, 152.3454990386963, 152.34669303894043, 156.2215690612793, 156.22344303131104, 160.23614597320557, 160.23769211769104, 164.247652053833, 164.24937796592712, 164.2508201599121, 168.2531750202179, 168.25447916984558, 172.26836514472961, 172.2698781490326, 176.27611804008484, 176.27741408348083, 180.2837700843811, 180.28541016578674, 184.29574012756348, 184.2973690032959, 188.32435202598572, 192.3456690311432, 192.3477439880371]
noisy values: [7.405554874261711, 10.151928767181609, 11.902384524876789, 11.902384524876789, 11.902384524876789, 13.468939589066977, 13.468939589066977, 13.468939589066977, 13.468939589066977, 13.468939589066977, 13.468939589066977, 13.468939589066977, 13.468939589066977, 13.468939589066977, 13.468939589066977, 13.468939589066977, 13.468939589066977, 13.468939589066977, 13.468939589066977, 13.510807276598056, 13.510807276598056, 13.510807276598056, 13.510808665562905, 13.510808665562905, 13.510808665562905, 13.510808665562905, 13.510808665562905, 13.598769077634124, 13.598769077634124, 13.61936051721831, 13.61936051721831, 13.61936051721831, 13.619360517218468, 13.619360517218468, 13.666723248710062, 13.666723248710062, 13.666723248710062, 13.666723248710062, 13.666723248710062, 13.666723248710062, 13.666757482241984, 13.666757482241984, 13.666757482241984, 13.666757482241984, 13.666757482241984, 13.666757482241984, 13.666757482241984, 13.666757482241984, 13.666757482241984, 13.666757482241984, 13.666757482241984, 13.666757482241984, 13.666757482241984, 13.666757482241984, 13.666757482241984, 13.666757482241984, 13.666757482241984, 13.666757482241984, 13.666757482241984, 13.666757482241984, 13.666757482241984, 13.666757482241984, 13.666757482241984, 13.666757482241984, 13.666757482241984, 13.666757482241984, 13.666757482241984, 13.68837533906786, 13.68837533906786, 13.68837533906786, 13.68837533906786, 13.68837533906786, 13.68837533906786, 13.68837533906786, 13.68837533906786, 13.68837533906786, 13.68837533906786, 13.68837533906786, 13.68838359084033, 13.68838359084033, 13.68838359084033, 13.68838359084033, 13.68838359084033, 13.68838359084033, 13.68838359084033, 13.68838359084033, 13.68838359084033, 13.68838359084033, 13.68838359084033, 13.68838359084033, 13.68838359084033, 13.68838359084033, 13.68838359084033, 13.68838359084033, 13.68838359084033, 13.68838359084033]
data points:
values: [7.836084876200902, 10.287858438527588, 12.038761773243245, 12.038761773243245, 12.038761773243245, 13.482506925408414, 13.482506925408414, 13.482506925408414, 13.482506925408414, 13.482506925408414, 13.482506925408414, 13.482506925408414, 13.482506925408414, 13.482506925408414, 13.482506925408414, 13.482506925408414, 13.482506925408414, 13.482506925408414, 13.482506925408414, 13.482506925408414, 13.510807297165968, 13.510807297165968, 13.510807297165968, 13.510808665562907, 13.510808665562907, 13.510808665562907, 13.510808665562907, 13.59899410444744, 13.59899410444744, 13.59899410444744, 13.619360517218311, 13.619360517218311, 13.619360517218311, 13.619360517218468, 13.6667235245137, 13.6667235245137, 13.6667235245137, 13.6667235245137, 13.6667235245137, 13.6667235245137, 13.6667235245137, 13.666757482241984, 13.666757482241984, 13.666757482241984, 13.666757482241984, 13.666757482241984, 13.666757482241984, 13.666757482241984, 13.666757482241984, 13.666757482241984, 13.666757482241984, 13.666757482241984, 13.666757482241984, 13.666757482241984, 13.666757482241984, 13.666757482241984, 13.666757482241984, 13.666757482241984, 13.666757482241984, 13.666757482241984, 13.666757482241984, 13.666757482241984, 13.666757482241984, 13.666757482241984, 13.666757482241984, 13.666757482241984, 13.666757482241984, 13.666757482241984, 13.6883753880418, 13.6883753880418, 13.6883753880418, 13.6883753880418, 13.6883753880418, 13.6883753880418, 13.6883753880418, 13.6883753880418, 13.6883753880418, 13.6883753880418, 13.6883753880418, 13.68838359084033, 13.68838359084033, 13.68838359084033, 13.68838359084033, 13.68838359084033, 13.68838359084033, 13.68838359084033, 13.68838359084033, 13.68838359084033, 13.68838359084033, 13.68838359084033, 13.68838359084033, 13.68838359084033, 13.68838359084033, 13.68838359084033, 13.68838359084033, 13.68838359084033]
Done!
opt_val: 13.6986297617
