('generated stochastic delays:', [array([ 2, 11,  5, ...,  2,  3,  1])])
('test function', 'CurrinExp')
('opt_fidel_cost:', 1.1)
Running Experiment1: 
('total budget:', 600)
Auto Init: 
C: 0.6094708385895093
nu: 0.6094708385895093
Budget Remaining: 591.991979837
Number of MFHOO Instances: 3
Budget per MFHOO Instance:196.230659946
number of HOO: 3
Running SOO number: 1 rho: 0.95 nu: 0.6094708385895093
delay_type: DHOO
policy: UCB1
[0.25390625 0.01953125]
final iterations:51372922
final HOO number of nodes:173
final HOO height:18
final duration:196
final optimal value:13.688384 
time durations: [0.0013039112091064453, 4.012373924255371, 8.018006086349487, 12.029480934143066, 16.039166927337646, 20.049686908721924, 20.050724029541016, 24.06462287902832, 24.065131902694702, 28.077125072479248, 32.08401799201965, 32.08524799346924, 36.09809589385986, 36.09868001937866, 40.10137701034546, 40.102232933044434, 44.11510396003723, 44.126729011535645, 44.127798080444336, 48.14256000518799, 52.14876198768616, 52.15015506744385, 52.15078592300415, 56.19998788833618, 56.20074391365051, 60.210078954696655, 64.21653294563293, 64.21724104881287, 68.23202204704285, 72.2447018623352, 72.24604105949402, 76.25006484985352, 76.25137090682983, 80.28254795074463, 80.28373193740845, 84.29304504394531, 84.29404401779175, 84.29473495483398, 88.319002866745, 88.32003808021545, 92.34831690788269, 96.35997200012207, 96.36119604110718, 100.3702380657196, 100.37096905708313, 104.3826470375061, 104.38387489318848, 108.40172386169434, 108.40259099006653, 112.42393207550049, 116.4415180683136, 116.44279599189758, 120.44958090782166, 120.45028805732727, 124.46558094024658, 128.4922149181366, 128.49360394477844, 132.51326608657837, 136.5202898979187, 136.52143788337708, 140.533038854599, 140.53431606292725, 140.53563499450684, 144.55031299591064, 144.551451921463, 148.5670850276947, 148.5683150291443, 152.58726692199707, 152.58852291107178, 156.5997450351715, 156.60167407989502, 160.611585855484, 164.62079691886902, 164.62241005897522, 168.63388800621033, 172.6442790031433, 172.64660596847534, 176.65944504737854, 176.66083192825317, 180.68245697021484, 180.68404293060303, 180.68570685386658, 184.70036101341248, 184.70207285881042, 188.72821593284607, 188.7310938835144, 192.73435497283936]
noisy values: [7.405554874261711, 10.137243844238416, 11.871326289026328, 13.460979993162073, 13.460979993162073, 13.460979993162073, 13.460979993162073, 13.460979993162073, 13.460979993162073, 13.460979993162073, 13.510807196296792, 13.510807196296792, 13.510807196296792, 13.510807196296792, 13.510807196296792, 13.510807196296792, 13.510807196296792, 13.510807196296792, 13.510807196296792, 13.510808665562898, 13.619360517218302, 13.619360517218302, 13.619360517218302, 13.619360517218302, 13.619360517218302, 13.619360517218302, 13.619360517218302, 13.619360517218302, 13.619360517218302, 13.619360517218302, 13.619360517218302, 13.619360517218302, 13.619360517218302, 13.619360517218302, 13.619360517218302, 13.619360517218302, 13.619360517218302, 13.619360517218302, 13.619360517218468, 13.619360517218468, 13.666757475197059, 13.666757475197059, 13.666757475197059, 13.666757475197059, 13.666757475197059, 13.666757475197059, 13.666757475197059, 13.666757475197059, 13.666757475197059, 13.666757475197059, 13.666757475197059, 13.666757475197059, 13.666757475197059, 13.666757475197059, 13.666757475197059, 13.666757475197059, 13.666757475197059, 13.666757482241984, 13.666757482241984, 13.666757482241984, 13.666757482241984, 13.666757482241984, 13.666757482241984, 13.666757482241984, 13.666757482241984, 13.68838359074184, 13.68838359074184, 13.68838359074184, 13.68838359074184, 13.68838359074184, 13.68838359074184, 13.68838359074184, 13.68838359074184, 13.68838359074184, 13.68838359074184, 13.68838359074184, 13.68838359074184, 13.68838359074184, 13.68838359074184, 13.68838359074184, 13.68838359074184, 13.68838359074184, 13.68838359074184, 13.68838359074184, 13.68838359074184, 13.68838359074184, 13.68838359074184]
data points:
values: [7.836084876200902, 10.287858438527588, 12.038761773243245, 13.482506925408414, 13.482506925408414, 13.482506925408414, 13.482506925408414, 13.482506925408414, 13.482506925408414, 13.482506925408414, 13.482506925408414, 13.510807297165968, 13.510807297165968, 13.510807297165968, 13.510807297165968, 13.510807297165968, 13.510807297165968, 13.510807297165968, 13.510807297165968, 13.510807297165968, 13.510808665562907, 13.619360517218311, 13.619360517218311, 13.619360517218311, 13.619360517218311, 13.619360517218311, 13.619360517218311, 13.619360517218311, 13.619360517218311, 13.619360517218311, 13.619360517218311, 13.619360517218311, 13.619360517218311, 13.619360517218311, 13.619360517218311, 13.619360517218311, 13.619360517218311, 13.619360517218311, 13.619360517218311, 13.619360517218468, 13.619360517218468, 13.666757475559175, 13.666757475559175, 13.666757475559175, 13.666757475559175, 13.666757475559175, 13.666757475559175, 13.666757475559175, 13.666757475559175, 13.666757475559175, 13.666757475559175, 13.666757475559175, 13.666757475559175, 13.666757475559175, 13.666757475559175, 13.666757475559175, 13.666757475559175, 13.666757475559175, 13.666757482241984, 13.666757482241984, 13.666757482241984, 13.666757482241984, 13.666757482241984, 13.666757482241984, 13.666757482241984, 13.666757482241984, 13.688383590746433, 13.688383590746433, 13.688383590746433, 13.688383590746433, 13.688383590746433, 13.688383590746433, 13.688383590746433, 13.688383590746433, 13.688383590746433, 13.688383590746433, 13.688383590746433, 13.688383590746433, 13.688383590746433, 13.688383590746433, 13.688383590746433, 13.688383590746433, 13.688383590746433, 13.688383590746433, 13.688383590746433, 13.688383590746433, 13.688383590746433]
Done!
Running SOO number: 2 rho: 0.925945462757 nu: 0.6094708385895093
delay_type: DHOO
policy: UCB1
[0.1875 0.0625]
final iterations:48734885
final HOO number of nodes:175
final HOO height:16
final duration:196
final optimal value:13.697675 
time durations: [0.00013494491577148438, 4.009021043777466, 8.026005029678345, 12.03059196472168, 12.031620979309082, 16.05981707572937, 20.071125984191895, 20.07209300994873, 24.082203149795532, 24.082539081573486, 28.160398960113525, 32.169034004211426, 32.169881105422974, 36.19026494026184, 36.191039085388184, 40.19430494308472, 40.19474816322327, 44.21104717254639, 44.21152114868164, 48.226081132888794, 48.226837158203125, 48.22773504257202, 52.24983501434326, 56.32444095611572, 56.32516098022461, 60.33958196640015, 60.34086298942566, 64.35398316383362, 68.36610317230225, 68.36722111701965, 72.37439203262329, 76.38631010055542, 76.38717293739319, 80.43211698532104, 80.43303298950195, 84.45808005332947, 88.47140002250671, 88.47230505943298, 92.49616408348083, 96.51639294624329, 96.51704096794128, 100.54601502418518, 100.5469901561737, 104.56298208236694, 104.5643219947815, 108.57313513755798, 108.57393598556519, 112.60663294792175, 112.60790395736694, 116.63371706008911, 116.63594198226929, 120.64602303504944, 120.64700198173523, 124.65922403335571, 124.66016817092896, 128.6722071170807, 128.67375802993774, 132.70613598823547, 132.70769906044006, 136.72359895706177, 136.72479796409607, 140.74680614471436, 144.77665615081787, 144.7783181667328, 148.78558206558228, 148.7868070602417, 148.78810811042786, 152.808100938797, 156.8233139514923, 156.82494401931763, 160.83797597885132, 160.8391089439392, 164.87778210639954, 164.87916898727417, 168.88891410827637, 168.89084815979004, 172.91449999809265, 172.9158501625061, 176.97072005271912, 176.97228598594666, 180.98981308937073, 180.9933259487152, 180.99432611465454, 185.0151879787445, 185.01682305335999, 189.0232560634613, 189.02464294433594, 193.0381531715393]
noisy values: [7.405554874261711, 10.141057490941247, 11.879698063237173, 13.462574160167842, 13.462574160167842, 13.462574160167842, 13.462574160167842, 13.462574160167842, 13.462574160167842, 13.462574160167842, 13.697674959931268, 13.697674959931268, 13.697674959931268, 13.697674959931268, 13.697674959931268, 13.697674959931268, 13.697674959931268, 13.697674959931268, 13.697674959931268, 13.697674959931268, 13.697674959931268, 13.697674959931268, 13.697674959931268, 13.697674959931268, 13.697674959931268, 13.697674959931268, 13.697674959931268, 13.697674959931268, 13.697674959931268, 13.697674959931268, 13.697674959931268, 13.697674959931268, 13.697674959931268, 13.697674959931268, 13.697674959931268, 13.697674959931268, 13.697674959931268, 13.697674959931268, 13.697674959931268, 13.697674959931268, 13.697674959931268, 13.697674959931268, 13.697674959931268, 13.697674959931268, 13.697674959931268, 13.697674959931268, 13.697674959931268, 13.697674959931268, 13.697674959931268, 13.697674959931268, 13.697674959931268, 13.697674959931268, 13.697674959931268, 13.697674959931268, 13.697674959931268, 13.697674959931268, 13.697674959931268, 13.697674959931268, 13.697674959931268, 13.697674959931268, 13.697674959931268, 13.697674959931268, 13.697674959931268, 13.697674959931268, 13.697674959931268, 13.697674959931268, 13.697674959931268, 13.697674959931268, 13.697674959931268, 13.697674959931268, 13.697674959931268, 13.697674959931268, 13.697674959931268, 13.697674959931268, 13.697674959931268, 13.697674959931268, 13.697674959931268, 13.697674959931268, 13.697674959931268, 13.697674959931268, 13.697674959931268, 13.697674959931268, 13.697674959931268, 13.697674959931268, 13.697674959931268, 13.697674959931268, 13.697674959931268, 13.697674959931268]
data points:
values: [7.836084876200902, 10.287858438527588, 12.038761773243245, 13.482506925408414, 13.482506925408414, 13.482506925408414, 13.482506925408414, 13.482506925408414, 13.482506925408414, 13.482506925408414, 13.482506925408414, 13.697964656782032, 13.697964656782032, 13.697964656782032, 13.697964656782032, 13.697964656782032, 13.697964656782032, 13.697964656782032, 13.697964656782032, 13.697964656782032, 13.697964656782032, 13.697964656782032, 13.697964656782032, 13.697964656782032, 13.697964656782032, 13.697964656782032, 13.697964656782032, 13.697964656782032, 13.697964656782032, 13.697964656782032, 13.697964656782032, 13.697964656782032, 13.697964656782032, 13.697964656782032, 13.697964656782032, 13.697964656782032, 13.697964656782032, 13.697964656782032, 13.697964656782032, 13.697964656782032, 13.697964656782032, 13.697964656782032, 13.697964656782032, 13.697964656782032, 13.697964656782032, 13.697964656782032, 13.697964656782032, 13.697964656782032, 13.697964656782032, 13.697964656782032, 13.697964656782032, 13.697964656782032, 13.697964656782032, 13.697964656782032, 13.697964656782032, 13.697964656782032, 13.697964656782032, 13.697964656782032, 13.697964656782032, 13.697964656782032, 13.697964656782032, 13.697964656782032, 13.697964656782032, 13.697964656782032, 13.697964656782032, 13.697964656782032, 13.697964656782032, 13.697964656782032, 13.697964656782032, 13.697964656782032, 13.697964656782032, 13.697964656782032, 13.697964656782032, 13.697964656782032, 13.697964656782032, 13.697964656782032, 13.697964656782032, 13.697964656782032, 13.697964656782032, 13.697964656782032, 13.697964656782032, 13.697964656782032, 13.697964656782032, 13.697964656782032, 13.697964656782032, 13.697964656782032, 13.697964656782032, 13.697964656782032]
Done!
Running SOO number: 3 rho: 0.857375 nu: 0.6094708385895093
delay_type: DHOO
policy: UCB1
[0.1875 0.0625]
final iterations:45127111
final HOO number of nodes:175
final HOO height:18
final duration:196
final optimal value:13.697830 
time durations: [0.00013208389282226562, 4.008059978485107, 4.008421897888184, 8.014695882797241, 12.03162693977356, 12.032068014144897, 16.036839962005615, 16.037946939468384, 20.046868085861206, 20.04756498336792, 24.06445598602295, 28.075265884399414, 32.08955788612366, 36.09632706642151, 36.09771990776062, 40.111281871795654, 40.11198091506958, 44.127511978149414, 44.1281840801239, 48.16058397293091, 52.073447942733765, 52.074167013168335, 56.08064103126526, 56.08181595802307, 60.08511400222778, 64.12997007369995, 64.13061594963074, 68.15166091918945, 72.16709589958191, 72.16835904121399, 76.18041110038757, 76.18126487731934, 80.19331908226013, 80.1945309638977, 84.22144103050232, 84.22241187095642, 88.23365497589111, 88.23467493057251, 88.2356538772583, 92.25114703178406, 92.25216507911682, 96.26449608802795, 100.28033494949341, 100.28132700920105, 100.28259301185608, 104.30806088447571, 108.32390189170837, 108.32496809959412, 112.33691787719727, 112.33828902244568, 116.35044002532959, 116.35181903839111, 120.36385607719421, 124.37612891197205, 124.3774209022522, 128.38554501533508, 128.38665103912354, 132.41502499580383, 136.41840505599976, 136.420343875885, 140.43707609176636, 140.4382610321045, 144.4510679244995, 148.46595692634583, 148.46716690063477, 148.4684178829193, 152.49477291107178, 152.49616408348083, 156.50666189193726, 156.50785303115845, 160.52420496940613, 160.52551198005676, 164.53220510482788, 164.53342008590698, 168.61427903175354, 168.6157500743866, 172.62980389595032, 172.6313760280609, 172.6328580379486, 176.6796360015869, 176.6810929775238, 180.69163703918457, 180.69340109825134, 184.71133589744568, 184.7133810520172, 188.72647404670715, 188.72794890403748, 192.74692296981812, 192.74849700927734]
noisy values: [7.405554874261711, 10.151928767181609, 10.151928767181609, 11.902384524876789, 13.466682652084096, 13.466682652084096, 13.466682652084096, 13.466682652084096, 13.466682652084096, 13.466682652084096, 13.697830442771668, 13.697830442771668, 13.697830442771668, 13.697830442771668, 13.697830442771668, 13.697830442771668, 13.697830442771668, 13.697830442771668, 13.697830442771668, 13.697830442771668, 13.697830442771668, 13.697830442771668, 13.697830442771668, 13.697830442771668, 13.697830442771668, 13.697830442771668, 13.697830442771668, 13.697830442771668, 13.697830442771668, 13.697830442771668, 13.697830442771668, 13.697830442771668, 13.697830442771668, 13.697830442771668, 13.697830442771668, 13.697830442771668, 13.697830442771668, 13.697830442771668, 13.697830442771668, 13.697830442771668, 13.697830442771668, 13.697830442771668, 13.697830442771668, 13.697830442771668, 13.697830442771668, 13.697830442771668, 13.697830442771668, 13.697830442771668, 13.697830442771668, 13.697830442771668, 13.697830442771668, 13.697830442771668, 13.697830442771668, 13.697830442771668, 13.697830442771668, 13.697830442771668, 13.697830442771668, 13.697830442771668, 13.697830442771668, 13.697830442771668, 13.697830442771668, 13.697830442771668, 13.697830442771668, 13.697830442771668, 13.697830442771668, 13.697830442771668, 13.697830442771668, 13.697830442771668, 13.697830442771668, 13.697830442771668, 13.697830442771668, 13.697830442771668, 13.697830442771668, 13.697830442771668, 13.697830442771668, 13.697830442771668, 13.697830442771668, 13.697830442771668, 13.697830442771668, 13.697830442771668, 13.697830442771668, 13.697830442771668, 13.697830442771668, 13.697830442771668, 13.697830442771668, 13.697830442771668, 13.697830442771668, 13.697830442771668, 13.697830442771668]
data points:
values: [7.836084876200902, 10.287858438527588, 10.287858438527588, 12.038761773243245, 13.482506925408414, 13.482506925408414, 13.482506925408414, 13.482506925408414, 13.482506925408414, 13.482506925408414, 13.697964656782032, 13.697964656782032, 13.697964656782032, 13.697964656782032, 13.697964656782032, 13.697964656782032, 13.697964656782032, 13.697964656782032, 13.697964656782032, 13.697964656782032, 13.697964656782032, 13.697964656782032, 13.697964656782032, 13.697964656782032, 13.697964656782032, 13.697964656782032, 13.697964656782032, 13.697964656782032, 13.697964656782032, 13.697964656782032, 13.697964656782032, 13.697964656782032, 13.697964656782032, 13.697964656782032, 13.697964656782032, 13.697964656782032, 13.697964656782032, 13.697964656782032, 13.697964656782032, 13.697964656782032, 13.697964656782032, 13.697964656782032, 13.697964656782032, 13.697964656782032, 13.697964656782032, 13.697964656782032, 13.697964656782032, 13.697964656782032, 13.697964656782032, 13.697964656782032, 13.697964656782032, 13.697964656782032, 13.697964656782032, 13.697964656782032, 13.697964656782032, 13.697964656782032, 13.697964656782032, 13.697964656782032, 13.697964656782032, 13.697964656782032, 13.697964656782032, 13.697964656782032, 13.697964656782032, 13.697964656782032, 13.697964656782032, 13.697964656782032, 13.697964656782032, 13.697964656782032, 13.697964656782032, 13.697964656782032, 13.697964656782032, 13.697964656782032, 13.697964656782032, 13.697964656782032, 13.697964656782032, 13.697964656782032, 13.697964656782032, 13.697964656782032, 13.697964656782032, 13.697964656782032, 13.697964656782032, 13.697964656782032, 13.697964656782032, 13.697964656782032, 13.697964656782032, 13.697964656782032, 13.697964656782032, 13.697964656782032, 13.697964656782032]
Done!
opt_val: 13.6979646568
