('generated stochastic delays:', [array([ 2, 11,  5, ...,  2,  3,  1])])
('opt_fidel_cost:', 1.0)
Running Experiment1: 
('total budget:', 600)
Auto Init: 
C: 0.8313313703582592
nu: 0.8313313703582592
Budget Remaining: 591.992093086
Number of MFHOO Instances: 1
Budget per MFHOO Instance:590.992093086
Running SOO number: 1 rho: 0.95 nu: 0.8313313703582592
delay_type: DHOO
policy: UCBV
[0.54638672 0.12475586]
final iterations:64963366
final HOO number of nodes:575
final HOO height:36
final duration:590
final optimal value:-0.528233 
time durations: [0.0010991096496582031, 4.006504058837891, 4.018244981765747, 8.009516954421997, 8.020634174346924, 12.011198043823242, 12.012009143829346, 16.025458097457886, 16.026043176651, 20.029766082763672, 20.032260179519653, 24.03559112548828, 24.036173105239868, 28.041515111923218, 28.044157028198242, 32.05026412010193, 32.056188106536865, 36.052112102508545, 36.06643199920654, 40.05759906768799, 40.05899214744568, 40.074445962905884, 44.0689971446991, 44.08103799819946, 48.07947897911072, 48.09213995933533, 52.08356308937073, 52.09557795524597, 52.09636402130127, 56.08793902397156, 56.10034203529358, 60.10590696334839, 64.11103796958923, 68.11513614654541, 68.11617803573608, 72.12538504600525, 72.12628817558289, 76.13188409805298, 76.13264799118042, 80.13844513893127, 80.13936495780945, 84.1444890499115, 84.14601111412048, 88.15389013290405, 88.15496706962585, 92.17190909385681, 96.18019104003906, 96.18239116668701, 100.18920111656189, 104.19633412361145, 104.19784116744995, 108.20097017288208, 112.20288109779358, 112.20452904701233, 116.20772504806519, 116.2098319530487, 120.21865105628967, 124.22144412994385, 124.2236111164093, 128.22960901260376, 128.23117899894714, 132.2376320362091, 132.23932909965515, 136.25510597229004, 140.26440405845642, 140.26611995697021, 144.27467918395996, 144.27688813209534, 148.27842903137207, 148.27988815307617, 152.2870261669159, 152.28865218162537, 156.30222415924072, 156.30393505096436, 160.3126721382141, 160.3147120475769, 164.31898617744446, 164.32071709632874, 168.3374240398407, 168.33905601501465, 172.343985080719, 176.34659504890442, 176.3481650352478, 180.35534596443176, 180.35761713981628, 180.3593921661377, 184.36461400985718, 184.36616802215576, 188.3952910900116, 192.4025011062622, 192.40405011177063, 192.40569806098938, 196.41805505752563, 196.4198169708252, 200.429270029068, 200.43124198913574, 204.44030809402466, 204.44223809242249, 208.44584012031555, 208.44782209396362, 212.45841097831726, 212.46023201942444, 212.46220517158508, 216.47958207130432, 216.48181700706482, 220.4916889667511, 220.49371004104614, 224.5044641494751, 224.5065360069275, 228.54152512550354, 228.54351615905762, 232.54619908332825, 232.5484139919281, 236.55983996391296, 236.56191205978394, 240.58141016960144, 240.58366012573242, 244.3536651134491, 244.3558111190796, 248.37264204025269, 248.3754370212555, 252.37970900535583, 252.38203501701355, 256.3897919654846, 256.3922481536865, 260.3961851596832, 260.39884901046753, 264.4121880531311, 264.4146339893341, 268.42344403266907, 272.43159794807434, 272.43402910232544, 276.4497539997101, 276.4526309967041, 280.45992612838745, 280.46174716949463, 284.4653220176697, 288.4727749824524, 288.4753301143646, 292.4784400463104, 292.481073141098, 296.48971009254456, 296.4922959804535, 300.4994320869446, 300.50275707244873, 304.5051021575928, 304.508278131485, 308.52002000808716, 308.5226261615753, 312.5347640514374, 312.53777599334717, 316.54688715934753, 316.5503041744232, 320.55570697784424, 320.56027913093567, 324.5807521343231, 324.58356499671936, 328.59075903892517, 328.5937910079956, 332.5974040031433, 332.6002640724182, 336.6077480316162, 336.61117005348206, 340.62255215644836, 340.62548208236694, 344.6402781009674, 344.64373302459717, 348.66204595565796, 348.6652250289917, 352.6756670475006, 352.68161702156067, 356.6936249732971, 360.696702003479, 360.69971799850464, 364.70425510406494, 364.7076210975647, 368.7122571468353, 368.7157940864563, 372.7238790988922, 372.727658033371, 376.73570013046265, 376.7397880554199, 380.7570161819458, 380.76049995422363, 384.77021312713623, 384.77345514297485, 388.77969312667847, 388.7844190597534, 392.7906949520111, 392.79405999183655, 396.79929208755493, 396.80335116386414, 400.81292700767517, 400.81627202033997, 404.8213791847229, 404.8239731788635, 408.836088180542, 408.83969712257385, 412.84379601478577, 412.8484580516815, 416.8526301383972, 416.85614013671875, 420.86590909957886, 424.8836860656738, 424.8875050544739, 428.8930330276489, 428.89736795425415, 432.91907811164856, 432.92265701293945, 436.93645000457764, 436.9402451515198, 440.948606967926, 440.9523661136627, 444.9599931240082, 444.9638509750366, 448.9698221683502, 448.9763071537018, 452.9866020679474, 452.99032497406006, 456.9980499744415, 457.0016939640045, 457.0053970813751, 461.0261731147766, 461.0309979915619, 465.04668617248535, 465.0510239601135, 469.06065106391907, 469.06519412994385, 473.0987250804901, 473.1028621196747, 477.12124395370483, 477.12678813934326, 481.1325421333313, 481.13680815696716, 485.1423840522766, 485.1466369628906, 489.1609070301056, 489.1647410392761, 493.1744840145111, 493.1787350177765, 497.1883850097656, 497.19279313087463, 501.19928216934204, 501.2030999660492, 505.21236300468445, 505.2166850566864, 509.22561597824097, 509.22995114326477, 513.2394630908966, 513.2435109615326, 517.259134054184, 521.2715229988098, 521.2770459651947, 521.2824931144714, 525.2985501289368, 525.3034660816193, 529.3122200965881, 529.3171811103821, 529.3219060897827, 533.3310360908508, 533.3369669914246, 537.3430099487305, 537.347983121872, 541.3584070205688, 541.3632400035858, 545.3788321018219, 545.3837130069733, 549.3946969509125, 549.3996410369873, 553.4083299636841, 553.4128420352936, 557.422196149826, 557.4272861480713, 561.4399721622467, 561.4434330463409, 565.4574730396271, 565.4630920886993, 569.4709551334381, 569.4749209880829, 573.4799711704254, 573.4852340221405, 577.4913699626923, 577.4967789649963, 581.5130801200867, 581.5181910991669, 585.5239851474762, 585.5292291641235, 589.5565741062164, 589.5614321231842]
noisy values: [-24.717212720622562, -3.2693864500647454, -3.2693864500647454, -3.2693864500647454, -3.2693864500647454, -3.2693864500647454, -3.2693864500647454, -3.2693864500647454, -3.2693864500647454, -3.2693864500647454, -3.2693864500647454, -3.2693864500647454, -3.2693864500647454, -1.896093289038033, -1.896093289038033, -1.1499306907747133, -1.1499306907747133, -1.1499306907747133, -1.1499306907747133, -1.1499306907747133, -1.0739275752872022, -1.0739275752872022, -0.7095206414783419, -0.7095206414783419, -0.6000454681428558, -0.6000454681428558, -0.6000454681428558, -0.6000454681428558, -0.6000454681428558, -0.6000454681428558, -0.6000454681428558, -0.579787430027606, -0.5575912388002138, -0.5455687113283876, -0.5455687113283876, -0.5356820801345492, -0.5356820801345492, -0.5356820801345492, -0.5356820801345492, -0.5356820801345492, -0.5356820801345492, -0.5356820801345492, -0.5356820801345492, -0.5356820801345492, -0.5356820801345492, -0.5356820801345492, -0.5356820801345492, -0.5356820801345492, -0.5356820801345492, -0.5356820801345492, -0.5356820801345492, -0.5356820801345492, -0.5356820801345492, -0.5356820801345492, -0.5338900073904966, -0.5338900073904966, -0.5295954344845821, -0.5295954344845821, -0.5295954344845821, -0.5295954344845821, -0.5295954344845821, -0.5295954344845821, -0.5295954344845821, -0.5295954344845821, -0.5295954344845821, -0.5295954344845821, -0.5295954344845821, -0.5295954344845821, -0.5295954344845821, -0.5295954344845821, -0.5295704682512419, -0.5295704682512419, -0.5295704682512419, -0.5295704682512419, -0.5295704682512419, -0.5295704682512419, -0.5295704682512419, -0.5295704682512419, -0.5295704682512419, -0.5295704682512419, -0.5295704682512419, -0.5295704682512419, -0.5295704682512419, -0.5295704682512419, -0.5295704682512419, -0.5295704682512419, -0.5295704682512419, -0.5295704682512419, -0.5295704682512419, -0.5295704682512419, -0.5295704682512419, -0.5295704682512419, -0.5295704682512419, -0.5295704682512419, -0.5295704682512419, -0.5295704682512419, -0.528233163476667, -0.528233163476667, -0.528233163476667, -0.528233163476667, -0.528233163476667, -0.528233163476667, -0.528233163476667, -0.528233163476667, -0.528233163476667, -0.528233163476667, -0.528233163476667, -0.528233163476667, -0.528233163476667, -0.528233163476667, -0.528233163476667, -0.528233163476667, -0.528233163476667, -0.528233163476667, -0.528233163476667, -0.528233163476667, -0.528233163476667, -0.528233163476667, -0.528233163476667, -0.528233163476667, -0.528233163476667, -0.528233163476667, -0.528233163476667, -0.528233163476667, -0.528233163476667, -0.528233163476667, -0.528233163476667, -0.528233163476667, -0.528233163476667, -0.528233163476667, -0.528233163476667, -0.528233163476667, -0.528233163476667, -0.528233163476667, -0.528233163476667, -0.528233163476667, -0.528233163476667, -0.528233163476667, -0.528233163476667, -0.528233163476667, -0.528233163476667, -0.528233163476667, -0.528233163476667, -0.528233163476667, -0.528233163476667, -0.528233163476667, -0.528233163476667, -0.528233163476667, -0.528233163476667, -0.528233163476667, -0.528233163476667, -0.528233163476667, -0.528233163476667, -0.528233163476667, -0.528233163476667, -0.528233163476667, -0.528233163476667, -0.528233163476667, -0.528233163476667, -0.528233163476667, -0.528233163476667, -0.528233163476667, -0.528233163476667, -0.528233163476667, -0.528233163476667, -0.528233163476667, -0.528233163476667, -0.528233163476667, -0.528233163476667, -0.528233163476667, -0.528233163476667, -0.528233163476667, -0.528233163476667, -0.528233163476667, -0.528233163476667, -0.528233163476667, -0.528233163476667, -0.528233163476667, -0.528233163476667, -0.528233163476667, -0.528233163476667, -0.528233163476667, -0.528233163476667, -0.528233163476667, -0.528233163476667, -0.528233163476667, -0.528233163476667, -0.528233163476667, -0.528233163476667, -0.528233163476667, -0.528233163476667, -0.528233163476667, -0.528233163476667, -0.528233163476667, -0.528233163476667, -0.528233163476667, -0.528233163476667, -0.528233163476667, -0.528233163476667, -0.528233163476667, -0.528233163476667, -0.528233163476667, -0.528233163476667, -0.528233163476667, -0.528233163476667, -0.528233163476667, -0.528233163476667, -0.528233163476667, -0.528233163476667, -0.528233163476667, -0.528233163476667, -0.528233163476667, -0.528233163476667, -0.528233163476667, -0.528233163476667, -0.528233163476667, -0.528233163476667, -0.528233163476667, -0.528233163476667, -0.528233163476667, -0.528233163476667, -0.528233163476667, -0.528233163476667, -0.528233163476667, -0.528233163476667, -0.528233163476667, -0.528233163476667, -0.528233163476667, -0.528233163476667, -0.528233163476667, -0.528233163476667, -0.528233163476667, -0.528233163476667, -0.528233163476667, -0.528233163476667, -0.528233163476667, -0.528233163476667, -0.528233163476667, -0.528233163476667, -0.528233163476667, -0.528233163476667, -0.528233163476667, -0.528233163476667, -0.528233163476667, -0.528233163476667, -0.528233163476667, -0.528233163476667, -0.528233163476667, -0.528233163476667, -0.528233163476667, -0.528233163476667, -0.528233163476667, -0.528233163476667, -0.528233163476667, -0.528233163476667, -0.528233163476667, -0.528233163476667, -0.528233163476667, -0.528233163476667, -0.528233163476667, -0.528233163476667, -0.528233163476667, -0.528233163476667, -0.528233163476667, -0.528233163476667, -0.528233163476667, -0.528233163476667, -0.528233163476667, -0.528233163476667, -0.528233163476667, -0.528233163476667, -0.528233163476667, -0.528233163476667, -0.528233163476667, -0.528233163476667, -0.528233163476667, -0.528233163476667, -0.528233163476667, -0.528233163476667, -0.528233163476667, -0.528233163476667, -0.528233163476667, -0.528233163476667, -0.528233163476667, -0.528233163476667, -0.528233163476667, -0.528233163476667, -0.528233163476667, -0.528233163476667]
data points:
values: [-24.129964413622268, -3.156436450015981, -3.156436450015981, -3.156436450015981, -3.156436450015981, -3.156436450015981, -3.156436450015981, -3.156436450015981, -3.156436450015981, -3.156436450015981, -3.156436450015981, -3.156436450015981, -3.156436450015981, -2.065240567292882, -2.065240567292882, -1.2367994993539337, -1.2367994993539337, -1.2367994993539337, -1.2367994993539337, -1.2367994993539337, -1.2367994993539337, -1.138531354346135, -0.7604847887383777, -0.7604847887383777, -0.7604847887383777, -0.6366682720651493, -0.6366682720651493, -0.6366682720651493, -0.6366682720651493, -0.6366682720651493, -0.6366682720651493, -0.6366682720651493, -0.6016096509437467, -0.5802631959207343, -0.566327834922566, -0.566327834922566, -0.5546979199160589, -0.5546979199160589, -0.5546979199160589, -0.5546979199160589, -0.5546979199160589, -0.5546979199160589, -0.5546979199160589, -0.5546979199160589, -0.5546979199160589, -0.5546979199160589, -0.5546979199160589, -0.5546979199160589, -0.5546979199160589, -0.5546979199160589, -0.5546979199160589, -0.5546979199160589, -0.5546979199160589, -0.5546979199160589, -0.5546979199160589, -0.55160214699157, -0.55160214699157, -0.5461132684755707, -0.5461132684755707, -0.5461132684755707, -0.5461132684755707, -0.5461132684755707, -0.5461132684755707, -0.5461132684755707, -0.5461132684755707, -0.5461132684755707, -0.5461132684755707, -0.5461132684755707, -0.5461132684755707, -0.5461132684755707, -0.5461132684755707, -0.544538797136978, -0.544538797136978, -0.544538797136978, -0.544538797136978, -0.544538797136978, -0.544538797136978, -0.544538797136978, -0.544538797136978, -0.544538797136978, -0.544538797136978, -0.544538797136978, -0.544538797136978, -0.544538797136978, -0.544538797136978, -0.544538797136978, -0.544538797136978, -0.544538797136978, -0.544538797136978, -0.544538797136978, -0.544538797136978, -0.544538797136978, -0.544538797136978, -0.544538797136978, -0.544538797136978, -0.544538797136978, -0.544538797136978, -0.5428672800484442, -0.5428672800484442, -0.5428672800484442, -0.5428672800484442, -0.5428672800484442, -0.5428672800484442, -0.5428672800484442, -0.5428672800484442, -0.5428672800484442, -0.5428672800484442, -0.5428672800484442, -0.5428672800484442, -0.5428672800484442, -0.5428672800484442, -0.5428672800484442, -0.5428672800484442, -0.5428672800484442, -0.5428672800484442, -0.5428672800484442, -0.5428672800484442, -0.5428672800484442, -0.5428672800484442, -0.5428672800484442, -0.5428672800484442, -0.5428672800484442, -0.5428672800484442, -0.5428672800484442, -0.5428672800484442, -0.5428672800484442, -0.5428672800484442, -0.5428672800484442, -0.5428672800484442, -0.5428672800484442, -0.5428672800484442, -0.5428672800484442, -0.5428672800484442, -0.5428672800484442, -0.5428672800484442, -0.5428672800484442, -0.5428672800484442, -0.5428672800484442, -0.5428672800484442, -0.5428672800484442, -0.5428672800484442, -0.5428672800484442, -0.5428672800484442, -0.5428672800484442, -0.5428672800484442, -0.5428672800484442, -0.5428672800484442, -0.5428672800484442, -0.5428672800484442, -0.5428672800484442, -0.5428672800484442, -0.5428672800484442, -0.5428672800484442, -0.5428672800484442, -0.5428672800484442, -0.5428672800484442, -0.5428672800484442, -0.5428672800484442, -0.5428672800484442, -0.5428672800484442, -0.5428672800484442, -0.5428672800484442, -0.5428672800484442, -0.5428672800484442, -0.5428672800484442, -0.5428672800484442, -0.5428672800484442, -0.5428672800484442, -0.5428672800484442, -0.5428672800484442, -0.5428672800484442, -0.5428672800484442, -0.5428672800484442, -0.5428672800484442, -0.5428672800484442, -0.5428672800484442, -0.5428672800484442, -0.5428672800484442, -0.5428672800484442, -0.5428672800484442, -0.5428672800484442, -0.5428672800484442, -0.5428672800484442, -0.5428672800484442, -0.5428672800484442, -0.5428672800484442, -0.5428672800484442, -0.5428672800484442, -0.5428672800484442, -0.5428672800484442, -0.5428672800484442, -0.5428672800484442, -0.5428672800484442, -0.5428672800484442, -0.5428672800484442, -0.5428672800484442, -0.5428672800484442, -0.5428672800484442, -0.5428672800484442, -0.5428672800484442, -0.5428672800484442, -0.5428672800484442, -0.5428672800484442, -0.5428672800484442, -0.5428672800484442, -0.5428672800484442, -0.5428672800484442, -0.5428672800484442, -0.5428672800484442, -0.5428672800484442, -0.5428672800484442, -0.5428672800484442, -0.5428672800484442, -0.5428672800484442, -0.5428672800484442, -0.5428672800484442, -0.5428672800484442, -0.5428672800484442, -0.5428672800484442, -0.5428672800484442, -0.5428672800484442, -0.5428672800484442, -0.5428672800484442, -0.5428672800484442, -0.5428672800484442, -0.5428672800484442, -0.5428672800484442, -0.5428672800484442, -0.5428672800484442, -0.5428672800484442, -0.5428672800484442, -0.5428672800484442, -0.5428672800484442, -0.5428672800484442, -0.5428672800484442, -0.5428672800484442, -0.5428672800484442, -0.5428672800484442, -0.5428672800484442, -0.5428672800484442, -0.5428672800484442, -0.5428672800484442, -0.5428672800484442, -0.5428672800484442, -0.5428672800484442, -0.5428672800484442, -0.5428672800484442, -0.5428672800484442, -0.5428672800484442, -0.5428672800484442, -0.5428672800484442, -0.5428672800484442, -0.5428672800484442, -0.5428672800484442, -0.5428672800484442, -0.5428672800484442, -0.5428672800484442, -0.5428672800484442, -0.5428672800484442, -0.5428672800484442, -0.5428672800484442, -0.5428672800484442, -0.5428672800484442, -0.5428672800484442, -0.5428672800484442, -0.5428672800484442, -0.5428672800484442, -0.5428672800484442, -0.5428672800484442, -0.5428672800484442, -0.5428672800484442, -0.5428672800484442, -0.5428672800484442, -0.5428672800484442, -0.5428672800484442, -0.5428672800484442, -0.5428672800484442, -0.5428672800484442, -0.5428672800484442, -0.5428672800484442, -0.5428672800484442, -0.5428672800484442, -0.5428672800484442, -0.5428672800484442, -0.5428672800484442, -0.5428672800484442, -0.5428672800484442, -0.5428672800484442, -0.5428672800484442]
real values1: [-24.129964413622268, -3.156436450015981, -3.156436450015981, -3.156436450015981, -3.156436450015981, -3.156436450015981, -3.156436450015981, -3.156436450015981, -3.156436450015981, -3.156436450015981, -3.156436450015981, -3.156436450015981, -3.156436450015981, -2.065240567292882, -2.065240567292882, -1.2367994993539337, -1.2367994993539337, -1.2367994993539337, -1.2367994993539337, -1.2367994993539337, -1.138531354346135, -1.138531354346135, -0.7604847887383777, -0.7604847887383777, -0.6366682720651493, -0.6366682720651493, -0.6366682720651493, -0.6366682720651493, -0.6366682720651493, -0.6366682720651493, -0.6366682720651493, -0.6016096509437467, -0.5802631959207343, -0.566327834922566, -0.566327834922566, -0.5546979199160589, -0.5546979199160589, -0.5546979199160589, -0.5546979199160589, -0.5546979199160589, -0.5546979199160589, -0.5546979199160589, -0.5546979199160589, -0.5546979199160589, -0.5546979199160589, -0.5546979199160589, -0.5546979199160589, -0.5546979199160589, -0.5546979199160589, -0.5546979199160589, -0.5546979199160589, -0.5546979199160589, -0.5546979199160589, -0.5546979199160589, -0.55160214699157, -0.55160214699157, -0.5461132684755707, -0.5461132684755707, -0.5461132684755707, -0.5461132684755707, -0.5461132684755707, -0.5461132684755707, -0.5461132684755707, -0.5461132684755707, -0.5461132684755707, -0.5461132684755707, -0.5461132684755707, -0.5461132684755707, -0.5461132684755707, -0.5461132684755707, -0.544538797136978, -0.544538797136978, -0.544538797136978, -0.544538797136978, -0.544538797136978, -0.544538797136978, -0.544538797136978, -0.544538797136978, -0.544538797136978, -0.544538797136978, -0.544538797136978, -0.544538797136978, -0.544538797136978, -0.544538797136978, -0.544538797136978, -0.544538797136978, -0.544538797136978, -0.544538797136978, -0.544538797136978, -0.544538797136978, -0.544538797136978, -0.544538797136978, -0.544538797136978, -0.544538797136978, -0.544538797136978, -0.544538797136978, -0.5428672800484442, -0.5428672800484442, -0.5428672800484442, -0.5428672800484442, -0.5428672800484442, -0.5428672800484442, -0.5428672800484442, -0.5428672800484442, -0.5428672800484442, -0.5428672800484442, -0.5428672800484442, -0.5428672800484442, -0.5428672800484442, -0.5428672800484442, -0.5428672800484442, -0.5428672800484442, -0.5428672800484442, -0.5428672800484442, -0.5428672800484442, -0.5428672800484442, -0.5428672800484442, -0.5428672800484442, -0.5428672800484442, -0.5428672800484442, -0.5428672800484442, -0.5428672800484442, -0.5428672800484442, -0.5428672800484442, -0.5428672800484442, -0.5428672800484442, -0.5428672800484442, -0.5428672800484442, -0.5428672800484442, -0.5428672800484442, -0.5428672800484442, -0.5428672800484442, -0.5428672800484442, -0.5428672800484442, -0.5428672800484442, -0.5428672800484442, -0.5428672800484442, -0.5428672800484442, -0.5428672800484442, -0.5428672800484442, -0.5428672800484442, -0.5428672800484442, -0.5428672800484442, -0.5428672800484442, -0.5428672800484442, -0.5428672800484442, -0.5428672800484442, -0.5428672800484442, -0.5428672800484442, -0.5428672800484442, -0.5428672800484442, -0.5428672800484442, -0.5428672800484442, -0.5428672800484442, -0.5428672800484442, -0.5428672800484442, -0.5428672800484442, -0.5428672800484442, -0.5428672800484442, -0.5428672800484442, -0.5428672800484442, -0.5428672800484442, -0.5428672800484442, -0.5428672800484442, -0.5428672800484442, -0.5428672800484442, -0.5428672800484442, -0.5428672800484442, -0.5428672800484442, -0.5428672800484442, -0.5428672800484442, -0.5428672800484442, -0.5428672800484442, -0.5428672800484442, -0.5428672800484442, -0.5428672800484442, -0.5428672800484442, -0.5428672800484442, -0.5428672800484442, -0.5428672800484442, -0.5428672800484442, -0.5428672800484442, -0.5428672800484442, -0.5428672800484442, -0.5428672800484442, -0.5428672800484442, -0.5428672800484442, -0.5428672800484442, -0.5428672800484442, -0.5428672800484442, -0.5428672800484442, -0.5428672800484442, -0.5428672800484442, -0.5428672800484442, -0.5428672800484442, -0.5428672800484442, -0.5428672800484442, -0.5428672800484442, -0.5428672800484442, -0.5428672800484442, -0.5428672800484442, -0.5428672800484442, -0.5428672800484442, -0.5428672800484442, -0.5428672800484442, -0.5428672800484442, -0.5428672800484442, -0.5428672800484442, -0.5428672800484442, -0.5428672800484442, -0.5428672800484442, -0.5428672800484442, -0.5428672800484442, -0.5428672800484442, -0.5428672800484442, -0.5428672800484442, -0.5428672800484442, -0.5428672800484442, -0.5428672800484442, -0.5428672800484442, -0.5428672800484442, -0.5428672800484442, -0.5428672800484442, -0.5428672800484442, -0.5428672800484442, -0.5428672800484442, -0.5428672800484442, -0.5428672800484442, -0.5428672800484442, -0.5428672800484442, -0.5428672800484442, -0.5428672800484442, -0.5428672800484442, -0.5428672800484442, -0.5428672800484442, -0.5428672800484442, -0.5428672800484442, -0.5428672800484442, -0.5428672800484442, -0.5428672800484442, -0.5428672800484442, -0.5428672800484442, -0.5428672800484442, -0.5428672800484442, -0.5428672800484442, -0.5428672800484442, -0.5428672800484442, -0.5428672800484442, -0.5428672800484442, -0.5428672800484442, -0.5428672800484442, -0.5428672800484442, -0.5428672800484442, -0.5428672800484442, -0.5428672800484442, -0.5428672800484442, -0.5428672800484442, -0.5428672800484442, -0.5428672800484442, -0.5428672800484442, -0.5428672800484442, -0.5428672800484442, -0.5428672800484442, -0.5428672800484442, -0.5428672800484442, -0.5428672800484442, -0.5428672800484442, -0.5428672800484442, -0.5428672800484442, -0.5428672800484442, -0.5428672800484442, -0.5428672800484442, -0.5428672800484442, -0.5428672800484442, -0.5428672800484442, -0.5428672800484442, -0.5428672800484442, -0.5428672800484442, -0.5428672800484442, -0.5428672800484442, -0.5428672800484442, -0.5428672800484442, -0.5428672800484442, -0.5428672800484442, -0.5428672800484442, -0.5428672800484442, -0.5428672800484442, -0.5428672800484442, -0.5428672800484442]
real values2: [-24.129964413622268, -3.156436450015981, -3.156436450015981, -3.156436450015981, -3.156436450015981, -3.156436450015981, -3.156436450015981, -3.156436450015981, -3.156436450015981, -3.156436450015981, -3.156436450015981, -3.156436450015981, -3.156436450015981, -2.065240567292882, -2.065240567292882, -1.2367994993539337, -1.2367994993539337, -1.2367994993539337, -1.2367994993539337, -1.2367994993539337, -1.138531354346135, -1.138531354346135, -0.7604847887383777, -0.7604847887383777, -0.6366682720651493, -0.6366682720651493, -0.6366682720651493, -0.6366682720651493, -0.6366682720651493, -0.6366682720651493, -0.6366682720651493, -0.6016096509437467, -0.5802631959207343, -0.566327834922566, -0.566327834922566, -0.5546979199160589, -0.5546979199160589, -0.5546979199160589, -0.5546979199160589, -0.5546979199160589, -0.5546979199160589, -0.5546979199160589, -0.5546979199160589, -0.5546979199160589, -0.5546979199160589, -0.5546979199160589, -0.5546979199160589, -0.5546979199160589, -0.5546979199160589, -0.5546979199160589, -0.5546979199160589, -0.5546979199160589, -0.5546979199160589, -0.5546979199160589, -0.55160214699157, -0.55160214699157, -0.5461132684755707, -0.5461132684755707, -0.5461132684755707, -0.5461132684755707, -0.5461132684755707, -0.5461132684755707, -0.5461132684755707, -0.5461132684755707, -0.5461132684755707, -0.5461132684755707, -0.5461132684755707, -0.5461132684755707, -0.5461132684755707, -0.5461132684755707, -0.544538797136978, -0.544538797136978, -0.544538797136978, -0.544538797136978, -0.544538797136978, -0.544538797136978, -0.544538797136978, -0.544538797136978, -0.544538797136978, -0.544538797136978, -0.544538797136978, -0.544538797136978, -0.544538797136978, -0.544538797136978, -0.544538797136978, -0.544538797136978, -0.544538797136978, -0.544538797136978, -0.544538797136978, -0.544538797136978, -0.544538797136978, -0.544538797136978, -0.544538797136978, -0.544538797136978, -0.544538797136978, -0.544538797136978, -0.5428672800484442, -0.5428672800484442, -0.5428672800484442, -0.5428672800484442, -0.5428672800484442, -0.5428672800484442, -0.5428672800484442, -0.5428672800484442, -0.5428672800484442, -0.5428672800484442, -0.5428672800484442, -0.5428672800484442, -0.5428672800484442, -0.5428672800484442, -0.5428672800484442, -0.5428672800484442, -0.5428672800484442, -0.5428672800484442, -0.5428672800484442, -0.5428672800484442, -0.5428672800484442, -0.5428672800484442, -0.5428672800484442, -0.5428672800484442, -0.5428672800484442, -0.5428672800484442, -0.5428672800484442, -0.5428672800484442, -0.5428672800484442, -0.5428672800484442, -0.5428672800484442, -0.5428672800484442, -0.5428672800484442, -0.5428672800484442, -0.5428672800484442, -0.5428672800484442, -0.5428672800484442, -0.5428672800484442, -0.5428672800484442, -0.5428672800484442, -0.5428672800484442, -0.5428672800484442, -0.5428672800484442, -0.5428672800484442, -0.5428672800484442, -0.5428672800484442, -0.5428672800484442, -0.5428672800484442, -0.5428672800484442, -0.5428672800484442, -0.5428672800484442, -0.5428672800484442, -0.5428672800484442, -0.5428672800484442, -0.5428672800484442, -0.5428672800484442, -0.5428672800484442, -0.5428672800484442, -0.5428672800484442, -0.5428672800484442, -0.5428672800484442, -0.5428672800484442, -0.5428672800484442, -0.5428672800484442, -0.5428672800484442, -0.5428672800484442, -0.5428672800484442, -0.5428672800484442, -0.5428672800484442, -0.5428672800484442, -0.5428672800484442, -0.5428672800484442, -0.5428672800484442, -0.5428672800484442, -0.5428672800484442, -0.5428672800484442, -0.5428672800484442, -0.5428672800484442, -0.5428672800484442, -0.5428672800484442, -0.5428672800484442, -0.5428672800484442, -0.5428672800484442, -0.5428672800484442, -0.5428672800484442, -0.5428672800484442, -0.5428672800484442, -0.5428672800484442, -0.5428672800484442, -0.5428672800484442, -0.5428672800484442, -0.5428672800484442, -0.5428672800484442, -0.5428672800484442, -0.5428672800484442, -0.5428672800484442, -0.5428672800484442, -0.5428672800484442, -0.5428672800484442, -0.5428672800484442, -0.5428672800484442, -0.5428672800484442, -0.5428672800484442, -0.5428672800484442, -0.5428672800484442, -0.5428672800484442, -0.5428672800484442, -0.5428672800484442, -0.5428672800484442, -0.5428672800484442, -0.5428672800484442, -0.5428672800484442, -0.5428672800484442, -0.5428672800484442, -0.5428672800484442, -0.5428672800484442, -0.5428672800484442, -0.5428672800484442, -0.5428672800484442, -0.5428672800484442, -0.5428672800484442, -0.5428672800484442, -0.5428672800484442, -0.5428672800484442, -0.5428672800484442, -0.5428672800484442, -0.5428672800484442, -0.5428672800484442, -0.5428672800484442, -0.5428672800484442, -0.5428672800484442, -0.5428672800484442, -0.5428672800484442, -0.5428672800484442, -0.5428672800484442, -0.5428672800484442, -0.5428672800484442, -0.5428672800484442, -0.5428672800484442, -0.5428672800484442, -0.5428672800484442, -0.5428672800484442, -0.5428672800484442, -0.5428672800484442, -0.5428672800484442, -0.5428672800484442, -0.5428672800484442, -0.5428672800484442, -0.5428672800484442, -0.5428672800484442, -0.5428672800484442, -0.5428672800484442, -0.5428672800484442, -0.5428672800484442, -0.5428672800484442, -0.5428672800484442, -0.5428672800484442, -0.5428672800484442, -0.5428672800484442, -0.5428672800484442, -0.5428672800484442, -0.5428672800484442, -0.5428672800484442, -0.5428672800484442, -0.5428672800484442, -0.5428672800484442, -0.5428672800484442, -0.5428672800484442, -0.5428672800484442, -0.5428672800484442, -0.5428672800484442, -0.5428672800484442, -0.5428672800484442, -0.5428672800484442, -0.5428672800484442, -0.5428672800484442, -0.5428672800484442, -0.5428672800484442, -0.5428672800484442, -0.5428672800484442, -0.5428672800484442, -0.5428672800484442, -0.5428672800484442, -0.5428672800484442, -0.5428672800484442, -0.5428672800484442, -0.5428672800484442, -0.5428672800484442, -0.5428672800484442, -0.5428672800484442, -0.5428672800484442, -0.5428672800484442, -0.5428672800484442]
Done!
