('generated stochastic delays:', [array([ 2, 11,  5, ...,  2,  3,  1])])
('test function', 'Hartmann3')
('opt_fidel_cost:', 1.0)
Running Experiment1: 
('total budget:', 600)
Auto Init: 
C: 0.006103201357804554
nu: 0.006103201357804554
Budget Remaining: 591.992367983
Number of MFHOO Instances: 1
Budget per MFHOO Instance:590.992367983
number of HOO: 1
Running SOO number: 1 rho: 0.95 nu: 0.006103201357804554
delay_type: HOO
policy: UCB1
[0.11328125 0.5546875  0.8515625 ]
final iterations:74
final HOO number of nodes:149
final HOO height:20
final duration:592
final optimal value:3.862658 
time durations: [8.00832200050354, 16.019371032714844, 24.02134895324707, 32.03194808959961, 40.042567014694214, 48.053688049316406, 56.06427788734436, 64.07214498519897, 72.08454608917236, 80.09224605560303, 88.09604811668396, 96.10161399841309, 104.10604095458984, 112.11761593818665, 120.12867307662964, 128.13926792144775, 136.15156412124634, 144.1629500389099, 152.17116403579712, 160.18263697624207, 168.19228100776672, 176.2047290802002, 184.21267104148865, 192.22003507614136, 200.2285840511322, 208.23359203338623, 216.24106192588806, 224.25382590293884, 232.26455998420715, 240.27440690994263, 248.2855100631714, 256.2978448867798, 264.3067829608917, 272.319384098053, 280.3246719837189, 288.32891392707825, 296.33787298202515, 304.3428039550781, 312.3540859222412, 320.3581359386444, 328.3620879650116, 336.3749830722809, 344.38023710250854, 352.3902769088745, 360.4004011154175, 368.41040110588074, 376.4187490940094, 384.4313180446625, 392.4388029575348, 400.44747495651245, 408.45158195495605, 416.46380400657654, 424.4717299938202, 432.47982907295227, 440.49230790138245, 448.5010550022125, 456.50791597366333, 464.5167450904846, 472.5242691040039, 480.53244495391846, 488.54416608810425, 496.5569739341736, 504.56781911849976, 512.5776391029358, 520.587042093277, 528.5971109867096, 536.606486082077, 544.6129169464111, 552.6218950748444, 560.6275980472565, 568.634546995163, 576.6445779800415, 584.6528899669647, 592.6651139259338]
noisy values: [2.90446484187254, 2.9996983925770007, 2.9996983925770007, 2.9996983925770007, 2.9996983925770007, 3.034533104159845, 3.034533104159845, 3.6567092730426425, 3.6567092730426425, 3.81149795699974, 3.81149795699974, 3.81149795699974, 3.81149795699974, 3.81149795699974, 3.81149795699974, 3.81149795699974, 3.8356259039697123, 3.8356259039697123, 3.8356259039697123, 3.8356259039697123, 3.8359907700837317, 3.8531181156702727, 3.8531181156702727, 3.85516092454342, 3.85516092454342, 3.85516092454342, 3.85516092454342, 3.85516092454342, 3.85516092454342, 3.85516092454342, 3.85516092454342, 3.85516092454342, 3.85516092454342, 3.8581577630445754, 3.8581577630445754, 3.8581577630445754, 3.8581577630445754, 3.8581577630445754, 3.8581577630445754, 3.8581577630445754, 3.8581577630445754, 3.8626567081046437, 3.8626567081046437, 3.8626567081046437, 3.8626567081046437, 3.8626567081046437, 3.8626567081046437, 3.8626567081046437, 3.8626567081046437, 3.8626567081046437, 3.8626575892329895, 3.8626575892329895, 3.8626575892329895, 3.8626575892329895, 3.8626575892329895, 3.8626575892329895, 3.8626575892329895, 3.8626575892329895, 3.8626575892329895, 3.8626575892329895, 3.8626575892329895, 3.8626575892329895, 3.8626575892329895, 3.8626575892329895, 3.8626575892329895, 3.8626575892329895, 3.8626575892329895, 3.8626575892329895, 3.8626575892329895, 3.8626575892329895, 3.8626575892329895, 3.8626575892329895, 3.8626575892329895, 3.8626575892329895]
data points:
values: [2.904484009098526, 2.999716768817375, 2.999716768817375, 2.999716768817375, 2.999716768817375, 3.0345376190400914, 3.0345376190400914, 3.656709344911328, 3.656709344911328, 3.8114980631664195, 3.8114980631664195, 3.8114980631664195, 3.8114980631664195, 3.8114980631664195, 3.8114980631664195, 3.8114980631664195, 3.835626266522449, 3.835626266522449, 3.835626266522449, 3.835626266522449, 3.835626266522449, 3.8531184097208295, 3.8531184097208295, 3.8531184097208295, 3.855161086076884, 3.855161086076884, 3.855161086076884, 3.855161086076884, 3.855161086076884, 3.855161086076884, 3.855161086076884, 3.855161086076884, 3.855161086076884, 3.858157900917103, 3.858157900917103, 3.858157900917103, 3.858157900917103, 3.858157900917103, 3.858157900917103, 3.858157900917103, 3.858157900917103, 3.8626568806638417, 3.8626568806638417, 3.8626568806638417, 3.8626568806638417, 3.8626568806638417, 3.8626568806638417, 3.8626568806638417, 3.8626568806638417, 3.8626568806638417, 3.8626568806638417, 3.8626577521925003, 3.8626577521925003, 3.8626577521925003, 3.8626577521925003, 3.8626577521925003, 3.8626577521925003, 3.8626577521925003, 3.8626577521925003, 3.8626577521925003, 3.8626577521925003, 3.8626577521925003, 3.8626577521925003, 3.8626577521925003, 3.8626577521925003, 3.8626577521925003, 3.8626577521925003, 3.8626577521925003, 3.8626577521925003, 3.8626577521925003, 3.8626577521925003, 3.8626577521925003, 3.8626577521925003, 3.8626577521925003]
Done!
opt_val: 3.86265775219
