('generated stochastic delays:', [array([ 2, 11,  5, ...,  2,  3,  1])])
('test function', 'Hartmann3')
('opt_fidel_cost:', 1.0)
Running Experiment1: 
('total budget:', 600)
Auto Init: 
C: 0.006103201357804554
nu: 0.006103201357804554
Budget Remaining: 591.99594903
Number of MFHOO Instances: 1
Budget per MFHOO Instance:590.99594903
number of HOO: 1
Running SOO number: 1 rho: 0.95 nu: 0.006103201357804554
delay_type: HOO
policy: UCB1
[0.11328125 0.5546875  0.8515625 ]
final iterations:74
final HOO number of nodes:149
final HOO height:20
final duration:592
final optimal value:3.862658 
time durations: [8.00610899925232, 16.014293909072876, 24.02182388305664, 32.023988008499146, 40.03165006637573, 48.03954601287842, 56.04437589645386, 64.05124497413635, 72.05936193466187, 80.0688750743866, 88.07416105270386, 96.07924199104309, 104.08956599235535, 112.09447193145752, 120.10241508483887, 128.11032104492188, 136.11714911460876, 144.12008094787598, 152.1265630722046, 160.13168787956238, 168.13344407081604, 176.14036297798157, 184.14931893348694, 192.15935111045837, 200.1697609424591, 208.17710089683533, 216.1841459274292, 224.19568490982056, 232.20057010650635, 240.20704293251038, 248.21196603775024, 256.2198359966278, 264.22968006134033, 272.2359879016876, 280.240562915802, 288.2455139160156, 296.24848198890686, 304.2546079158783, 312.25753688812256, 320.26973509788513, 328.2824230194092, 336.2911469936371, 344.29933500289917, 352.3081018924713, 360.31734800338745, 368.32729506492615, 376.33942890167236, 384.34557604789734, 392.3531129360199, 400.36351704597473, 408.36778807640076, 416.37553000450134, 424.38567090034485, 432.3943738937378, 440.3999309539795, 448.40402007102966, 456.41175508499146, 464.42105197906494, 472.4260981082916, 480.43093705177307, 488.43969202041626, 496.44310092926025, 504.4534800052643, 512.4623830318451, 520.4729719161987, 528.4819910526276, 536.4918808937073, 544.4973049163818, 552.5075550079346, 560.5167400836945, 568.5281660556793, 576.536346912384, 584.5400779247284, 592.5484089851379]
noisy values: [2.90446484187254, 2.9996983925770007, 2.9996983925770007, 2.9996983925770007, 2.9996983925770007, 3.034533104159845, 3.034533104159845, 3.6567092730426425, 3.6567092730426425, 3.81149795699974, 3.81149795699974, 3.81149795699974, 3.81149795699974, 3.81149795699974, 3.81149795699974, 3.81149795699974, 3.8356259039697123, 3.8356259039697123, 3.8356259039697123, 3.8356259039697123, 3.8359907700837317, 3.8531181156702727, 3.8531181156702727, 3.85516092454342, 3.85516092454342, 3.85516092454342, 3.85516092454342, 3.85516092454342, 3.85516092454342, 3.85516092454342, 3.85516092454342, 3.85516092454342, 3.85516092454342, 3.8581577630445754, 3.8581577630445754, 3.8581577630445754, 3.8581577630445754, 3.8581577630445754, 3.8581577630445754, 3.8581577630445754, 3.8581577630445754, 3.8626567081046437, 3.8626567081046437, 3.8626567081046437, 3.8626567081046437, 3.8626567081046437, 3.8626567081046437, 3.8626567081046437, 3.8626567081046437, 3.8626567081046437, 3.8626575892329895, 3.8626575892329895, 3.8626575892329895, 3.8626575892329895, 3.8626575892329895, 3.8626575892329895, 3.8626575892329895, 3.8626575892329895, 3.8626575892329895, 3.8626575892329895, 3.8626575892329895, 3.8626575892329895, 3.8626575892329895, 3.8626575892329895, 3.8626575892329895, 3.8626575892329895, 3.8626575892329895, 3.8626575892329895, 3.8626575892329895, 3.8626575892329895, 3.8626575892329895, 3.8626575892329895, 3.8626575892329895, 3.8626575892329895]
data points:
values: [2.904484009098526, 2.999716768817375, 2.999716768817375, 2.999716768817375, 2.999716768817375, 3.0345376190400914, 3.0345376190400914, 3.656709344911328, 3.656709344911328, 3.8114980631664195, 3.8114980631664195, 3.8114980631664195, 3.8114980631664195, 3.8114980631664195, 3.8114980631664195, 3.8114980631664195, 3.835626266522449, 3.835626266522449, 3.835626266522449, 3.835626266522449, 3.835626266522449, 3.8531184097208295, 3.8531184097208295, 3.8531184097208295, 3.855161086076884, 3.855161086076884, 3.855161086076884, 3.855161086076884, 3.855161086076884, 3.855161086076884, 3.855161086076884, 3.855161086076884, 3.855161086076884, 3.858157900917103, 3.858157900917103, 3.858157900917103, 3.858157900917103, 3.858157900917103, 3.858157900917103, 3.858157900917103, 3.858157900917103, 3.8626568806638417, 3.8626568806638417, 3.8626568806638417, 3.8626568806638417, 3.8626568806638417, 3.8626568806638417, 3.8626568806638417, 3.8626568806638417, 3.8626568806638417, 3.8626568806638417, 3.8626577521925003, 3.8626577521925003, 3.8626577521925003, 3.8626577521925003, 3.8626577521925003, 3.8626577521925003, 3.8626577521925003, 3.8626577521925003, 3.8626577521925003, 3.8626577521925003, 3.8626577521925003, 3.8626577521925003, 3.8626577521925003, 3.8626577521925003, 3.8626577521925003, 3.8626577521925003, 3.8626577521925003, 3.8626577521925003, 3.8626577521925003, 3.8626577521925003, 3.8626577521925003, 3.8626577521925003, 3.8626577521925003]
Done!
opt_val: 3.86265775219
