('generated stochastic delays:', [array([ 2, 11,  5, ...,  2,  3,  1])])
('opt_fidel_cost:', 1.0)
Running Experiment1: 
('total budget:', 600)
Auto Init: 
C: 0.006103201357804554
nu: 0.006103201357804554
Budget Remaining: 591.989015102
Number of MFHOO Instances: 1
Budget per MFHOO Instance:590.989015102
Running SOO number: 1 rho: 0.95 nu: 0.006103201357804554
delay_type: HOO
policy: UCBV
[0.109375 0.546875 0.859375]
final iterations:74
final HOO number of nodes:149
final HOO height:16
final duration:592
final optimal value:3.855161 
time durations: [8.007391929626465, 16.015854120254517, 24.0205340385437, 32.02771496772766, 40.034472942352295, 48.04482102394104, 56.04889988899231, 64.05523610115051, 72.06341600418091, 80.0706639289856, 88.080069065094, 96.0848069190979, 104.0934329032898, 112.10030388832092, 120.11047697067261, 128.11663699150085, 136.1240429878235, 144.1312370300293, 152.14261198043823, 160.15003609657288, 168.15519309043884, 176.16555500030518, 184.172847032547, 192.18297505378723, 200.19097805023193, 208.19683599472046, 216.2079439163208, 224.2199730873108, 232.22790098190308, 240.2346339225769, 248.24427199363708, 256.25, 264.2557759284973, 272.26529908180237, 280.27744698524475, 288.28698992729187, 296.29938411712646, 304.3103621006012, 312.32231307029724, 320.3348801136017, 328.34325909614563, 336.35562801361084, 344.36608505249023, 352.37584590911865, 360.38673210144043, 368.398962020874, 376.4084711074829, 384.4196500778198, 392.4315400123596, 400.4409739971161, 408.44900703430176, 416.4595799446106, 424.46831011772156, 432.4818720817566, 440.4983549118042, 448.5076858997345, 456.5205569267273, 464.52898812294006, 472.5512719154358, 480.5575408935547, 488.57331800460815, 496.58693504333496, 504.59861612319946, 512.6098020076752, 520.6292440891266, 528.6498560905457, 536.6565980911255, 544.672534942627, 552.6942028999329, 560.7105600833893, 568.7213671207428, 576.7305281162262, 584.739718914032, 592.7516169548035]
noisy values: [2.90446484187254, 2.9996983925770007, 2.9996983925770007, 2.9996983925770007, 2.9996983925770007, 3.034533104159845, 3.6567092730426425, 3.6567092730426425, 3.81149795699974, 3.81149795699974, 3.81149795699974, 3.81149795699974, 3.81149795699974, 3.81149795699974, 3.81149795699974, 3.81149795699974, 3.81149795699974, 3.81149795699974, 3.81149795699974, 3.81149795699974, 3.81149795699974, 3.81149795699974, 3.8356259039697123, 3.8356259039697123, 3.8356259039697123, 3.8356259039697123, 3.8356259039697123, 3.8356259039697123, 3.8356259039697123, 3.8356259039697123, 3.8356259039697123, 3.8356259039697123, 3.8356259039697123, 3.8356259039697123, 3.8356259039697123, 3.8356259039697123, 3.8356259039697123, 3.8356259039697123, 3.8356259039697123, 3.8356259039697123, 3.8356259039697123, 3.8359907700837317, 3.8359907700837317, 3.8359907700837317, 3.8359907700837317, 3.8359907700837317, 3.8359907700837317, 3.8359907700837317, 3.8359907700837317, 3.8359907700837317, 3.8359907700837317, 3.8359907700837317, 3.8359907700837317, 3.8359907700837317, 3.8359907700837317, 3.8359907700837317, 3.8359907700837317, 3.8531181156702727, 3.8531181156702727, 3.8531181156702727, 3.85516092454342, 3.85516092454342, 3.85516092454342, 3.85516092454342, 3.85516092454342, 3.85516092454342, 3.85516092454342, 3.85516092454342, 3.85516092454342, 3.85516092454342, 3.85516092454342, 3.85516092454342, 3.85516092454342, 3.85516092454342]
data points:
values: [2.904484009098526, 2.999716768817375, 2.999716768817375, 2.999716768817375, 2.999716768817375, 3.0345376190400914, 3.656709344911328, 3.656709344911328, 3.8114980631664195, 3.8114980631664195, 3.8114980631664195, 3.8114980631664195, 3.8114980631664195, 3.8114980631664195, 3.8114980631664195, 3.8114980631664195, 3.8114980631664195, 3.8114980631664195, 3.8114980631664195, 3.8114980631664195, 3.8114980631664195, 3.8114980631664195, 3.835626266522449, 3.835626266522449, 3.835626266522449, 3.835626266522449, 3.835626266522449, 3.835626266522449, 3.835626266522449, 3.835626266522449, 3.835626266522449, 3.835626266522449, 3.835626266522449, 3.835626266522449, 3.835626266522449, 3.835626266522449, 3.835626266522449, 3.835626266522449, 3.835626266522449, 3.835626266522449, 3.835626266522449, 3.835626266522449, 3.8359911232502046, 3.8359911232502046, 3.8359911232502046, 3.8359911232502046, 3.8359911232502046, 3.8359911232502046, 3.8359911232502046, 3.8359911232502046, 3.8359911232502046, 3.8359911232502046, 3.8359911232502046, 3.8359911232502046, 3.8359911232502046, 3.8359911232502046, 3.8359911232502046, 3.8531184097208295, 3.8531184097208295, 3.8531184097208295, 3.8531184097208295, 3.855161086076884, 3.855161086076884, 3.855161086076884, 3.855161086076884, 3.855161086076884, 3.855161086076884, 3.855161086076884, 3.855161086076884, 3.855161086076884, 3.855161086076884, 3.855161086076884, 3.855161086076884, 3.855161086076884]
Done!
