('generated stochastic delays:', [array([ 2, 11,  5, ...,  2,  3,  1])])
('opt_fidel_cost:', 1.0)
Running Experiment1: 
('total budget:', 600)
Auto Init: 
C: 0.006103201357804554
nu: 0.006103201357804554
Budget Remaining: 591.984931946
Number of MFHOO Instances: 1
Budget per MFHOO Instance:590.984931946
Running SOO number: 1 rho: 0.95 nu: 0.006103201357804554
delay_type: HOO
policy: UCBV
[0.109375 0.546875 0.859375]
final iterations:74
final HOO number of nodes:149
final HOO height:16
final duration:593
final optimal value:3.855161 
time durations: [8.020209074020386, 16.03334403038025, 24.05190110206604, 32.06476187705994, 40.07907295227051, 48.100236892700195, 56.12105989456177, 64.13488006591797, 72.1427710056305, 80.15473794937134, 88.16835904121399, 96.17938089370728, 104.19388699531555, 112.21145296096802, 120.22184109687805, 128.23201894760132, 136.2396149635315, 144.25657105445862, 152.27282691001892, 160.28124594688416, 168.29721188545227, 176.31431889533997, 184.33290195465088, 192.34932804107666, 200.36409997940063, 208.3760678768158, 216.38820004463196, 224.4002320766449, 232.41310501098633, 240.4322919845581, 248.4462730884552, 256.45978307724, 264.482017993927, 272.49142694473267, 280.5089008808136, 288.5214989185333, 296.53117299079895, 304.5422010421753, 312.55459809303284, 320.5713770389557, 328.5801260471344, 336.5942840576172, 344.59910893440247, 352.61923694610596, 360.63741397857666, 368.6520230770111, 376.6701419353485, 384.6827509403229, 392.70220494270325, 400.72007298469543, 408.7351689338684, 416.75252389907837, 424.76934003829956, 432.7865688800812, 440.800822019577, 448.8191020488739, 456.8402009010315, 464.85844898223877, 472.8765380382538, 480.88583302497864, 488.90059304237366, 496.9200990200043, 504.94144105911255, 512.9629170894623, 520.9803609848022, 528.9998180866241, 537.0177478790283, 545.0390510559082, 553.0598509311676, 561.0746650695801, 569.0844569206238, 577.1040461063385, 585.1278939247131, 593.1446380615234]
noisy values: [2.90446484187254, 2.9996983925770007, 2.9996983925770007, 2.9996983925770007, 2.9996983925770007, 3.034533104159845, 3.6567092730426425, 3.6567092730426425, 3.81149795699974, 3.81149795699974, 3.81149795699974, 3.81149795699974, 3.81149795699974, 3.81149795699974, 3.81149795699974, 3.81149795699974, 3.81149795699974, 3.81149795699974, 3.81149795699974, 3.81149795699974, 3.81149795699974, 3.81149795699974, 3.8356259039697123, 3.8356259039697123, 3.8356259039697123, 3.8356259039697123, 3.8356259039697123, 3.8356259039697123, 3.8356259039697123, 3.8356259039697123, 3.8356259039697123, 3.8356259039697123, 3.8356259039697123, 3.8356259039697123, 3.8356259039697123, 3.8356259039697123, 3.8356259039697123, 3.8356259039697123, 3.8356259039697123, 3.8356259039697123, 3.8356259039697123, 3.8359907700837317, 3.8359907700837317, 3.8359907700837317, 3.8359907700837317, 3.8359907700837317, 3.8359907700837317, 3.8359907700837317, 3.8359907700837317, 3.8359907700837317, 3.8359907700837317, 3.8359907700837317, 3.8359907700837317, 3.8359907700837317, 3.8359907700837317, 3.8359907700837317, 3.8359907700837317, 3.8531181156702727, 3.8531181156702727, 3.8531181156702727, 3.85516092454342, 3.85516092454342, 3.85516092454342, 3.85516092454342, 3.85516092454342, 3.85516092454342, 3.85516092454342, 3.85516092454342, 3.85516092454342, 3.85516092454342, 3.85516092454342, 3.85516092454342, 3.85516092454342, 3.85516092454342]
data points:
values: [2.904484009098526, 2.999716768817375, 2.999716768817375, 2.999716768817375, 2.999716768817375, 3.0345376190400914, 3.656709344911328, 3.656709344911328, 3.8114980631664195, 3.8114980631664195, 3.8114980631664195, 3.8114980631664195, 3.8114980631664195, 3.8114980631664195, 3.8114980631664195, 3.8114980631664195, 3.8114980631664195, 3.8114980631664195, 3.8114980631664195, 3.8114980631664195, 3.8114980631664195, 3.8114980631664195, 3.835626266522449, 3.835626266522449, 3.835626266522449, 3.835626266522449, 3.835626266522449, 3.835626266522449, 3.835626266522449, 3.835626266522449, 3.835626266522449, 3.835626266522449, 3.835626266522449, 3.835626266522449, 3.835626266522449, 3.835626266522449, 3.835626266522449, 3.835626266522449, 3.835626266522449, 3.835626266522449, 3.835626266522449, 3.835626266522449, 3.8359911232502046, 3.8359911232502046, 3.8359911232502046, 3.8359911232502046, 3.8359911232502046, 3.8359911232502046, 3.8359911232502046, 3.8359911232502046, 3.8359911232502046, 3.8359911232502046, 3.8359911232502046, 3.8359911232502046, 3.8359911232502046, 3.8359911232502046, 3.8359911232502046, 3.8531184097208295, 3.8531184097208295, 3.8531184097208295, 3.8531184097208295, 3.855161086076884, 3.855161086076884, 3.855161086076884, 3.855161086076884, 3.855161086076884, 3.855161086076884, 3.855161086076884, 3.855161086076884, 3.855161086076884, 3.855161086076884, 3.855161086076884, 3.855161086076884, 3.855161086076884]
Done!
