('generated stochastic delays:', [array([ 2, 11,  5, ...,  2,  3,  1])])
('opt_fidel_cost:', 1.1)
Running Experiment1: 
('total budget:', 600)
Auto Init: 
C: 20.469600578508693
nu: 20.469600578508693
Budget Remaining: 591.991773844
Number of MFHOO Instances: 1
Budget per MFHOO Instance:590.891773844
Running SOO number: 1 rho: 0.95 nu: 20.469600578508693
delay_type: DHOO
policy: UCBV
[0.984375 0.359375 0.609375 0.984375 0.734375 0.015625 0.015625 0.984375]
final iterations:73483589
final HOO number of nodes:569
final HOO height:46
final duration:590
final optimal value:289.254072 
time durations: [0.0009200572967529297, 4.0047430992126465, 8.005794048309326, 12.011502027511597, 16.02008605003357, 16.020769119262695, 20.02931499481201, 24.034679889678955, 24.03530502319336, 28.052433013916016, 28.05291199684143, 32.059611082077026, 32.06063389778137, 36.06624507904053, 40.07312512397766, 40.07389712333679, 40.074623107910156, 44.094223976135254, 44.09488105773926, 44.096062898635864, 44.09738898277283, 44.10033202171326, 44.10137701034546, 48.11591291427612, 52.1286940574646, 52.12953996658325, 56.134629011154175, 60.13981294631958, 60.140942096710205, 64.16686606407166, 64.16809511184692, 68.17449498176575, 72.17871189117432, 72.17961597442627, 76.18515610694885, 76.18619704246521, 76.18721508979797, 80.19229507446289, 80.19315910339355, 84.20124197006226, 84.20249009132385, 88.21137595176697, 92.21533608436584, 96.22476100921631, 100.23560094833374, 100.23705005645752, 100.23845601081848, 104.24102401733398, 104.24239492416382, 108.25535202026367, 112.25785994529724, 112.25953793525696, 116.2654640674591, 120.27171897888184, 120.27298212051392, 120.27438402175903, 124.27797389030457, 124.27979612350464, 128.28924012184143, 128.2905080318451, 132.3016140460968, 132.30313205718994, 136.32209610939026, 136.32352900505066, 136.3246750831604, 140.33997011184692, 140.3414590358734, 144.36001110076904, 144.36216711997986, 144.3634660243988, 148.38562202453613, 152.39492893218994, 152.3975269794464, 156.4143259525299, 160.42012000083923, 164.4238109588623, 164.42560505867004, 168.4343650341034, 168.43613290786743, 172.4446849822998, 172.44688296318054, 176.45738005638123, 176.4594430923462, 180.47153306007385, 184.48088908195496, 188.4863269329071, 188.4877109527588, 192.49211502075195, 192.49361395835876, 192.49581789970398, 196.51003408432007, 196.5123689174652, 200.51776099205017, 204.52731609344482, 204.529235124588, 208.53566098213196, 208.53798007965088, 212.54585099220276, 212.54839396476746, 216.55465698242188, 220.5612280368805, 220.56343793869019, 224.57323789596558, 228.57988905906677, 228.58248591423035, 232.58808493614197, 232.5901939868927, 236.59584403038025, 240.60249209403992, 240.60504007339478, 244.61440896987915, 248.62352991104126, 248.62583112716675, 252.635272026062, 252.63758397102356, 256.6472079753876, 260.6597731113434, 260.6619699001312, 264.67312502861023, 268.68221497535706, 268.68562412261963, 268.6889090538025, 272.6964819431305, 272.6992359161377, 276.7068250179291, 280.71133399009705, 280.7143099308014, 284.7249000072479, 284.7274429798126, 288.73756098747253, 288.74182891845703, 292.75610089302063, 292.75936698913574, 296.76469707489014, 296.7673909664154, 300.7792830467224, 300.7823419570923, 300.78577995300293, 304.79814410209656, 304.80223512649536, 308.81047201156616, 308.81381702423096, 312.8231039047241, 312.8266849517822, 312.83022689819336, 316.8394191265106, 316.842561006546, 316.8455009460449, 320.8576099872589, 320.86031889915466, 324.8694350719452, 324.87176299095154, 328.8838438987732, 328.8876359462738, 332.89627289772034, 332.90158200263977, 332.9060389995575, 336.91411805152893, 340.92309498786926, 340.9261620044708, 344.9312539100647, 344.9345450401306, 348.9483599662781, 348.95150089263916, 352.964555978775, 356.97322702407837, 356.97735595703125, 360.9884400367737, 360.99239897727966, 365.01105999946594, 365.013799905777, 365.0175030231476, 369.0307340621948, 369.03423404693604, 369.03767108917236, 373.0478150844574, 373.0515880584717, 377.059632062912, 377.06379199028015, 381.0779130458832, 381.08257699012756, 385.09706807136536, 385.1022090911865, 385.10878705978394, 389.11440801620483, 389.1199929714203, 393.12853598594666, 397.13845705986023, 397.14246010780334, 401.1541359424591, 401.15829396247864, 405.16690492630005, 405.17132592201233, 409.1804449558258, 409.18402004241943, 409.187637090683, 413.19648909568787, 413.20053601264954, 413.2046480178833, 417.2186539173126, 421.22878408432007, 421.23266792297363, 425.24938893318176, 425.2542440891266, 429.26766991615295, 429.2716989517212, 433.28304290771484, 437.2942280769348, 437.29896807670593, 441.30846095085144, 445.3192000389099, 445.3231520652771, 449.3315939903259, 449.3355801105499, 453.34958004951477, 453.3548710346222, 457.3649899959564, 457.369754076004, 457.3742060661316, 461.38497400283813, 461.39203691482544, 465.401859998703, 465.4070439338684, 469.4222459793091, 469.42642092704773, 473.44417905807495, 473.4511020183563, 477.46440410614014, 477.4686539173126, 481.49142599105835, 481.49784207344055, 485.50455498695374, 485.5093410015106, 489.52140712738037, 489.52593207359314, 493.6509449481964, 493.6566460132599, 497.67404103279114, 501.68084597587585, 501.6865050792694, 505.7030289173126, 505.7073850631714, 509.7159991264343, 513.7398309707642, 513.7451779842377, 513.7506260871887, 517.774374961853, 517.7793619632721, 521.790806055069, 521.7962429523468, 525.8120799064636, 525.8175721168518, 529.8302869796753, 529.8367040157318, 533.8659970760345, 537.8746070861816, 537.8797500133514, 541.8907918930054, 541.897145986557, 541.9032680988312, 545.9210638999939, 545.9247579574585, 549.9415190219879, 549.9465599060059, 553.9602470397949, 553.9658401012421, 557.9801619052887, 561.9903080463409, 561.9969460964203, 566.0115311145782, 566.01700091362, 570.036966085434, 570.0421330928802, 570.0480310916901, 574.0744009017944, 574.0798120498657, 578.1007831096649, 578.1070339679718, 578.1133000850677, 582.1330370903015, 582.1381258964539, 586.1513290405273, 586.1607270240784, 586.1677780151367, 590.1863079071045, 590.192843914032]
noisy values: [56.41319345295263, 56.41319345295263, 85.59978474516566, 86.6053536421627, 87.52437713644271, 87.52437713644271, 97.5421775023946, 97.5421775023946, 97.5421775023946, 98.49100837518483, 98.49100837518483, 98.55184014646395, 98.55184014646395, 98.55184014646395, 108.4997463484763, 108.4997463484763, 108.4997463484763, 121.44062207054513, 121.44062207054513, 121.44062207054513, 121.44062207054513, 121.44062207054513, 121.44062207054513, 121.44062207054513, 121.44062207054513, 121.44062207054513, 121.44062207054513, 121.44062207054513, 121.44062207054513, 121.44062207054513, 121.44062207054513, 121.44062207054513, 121.44062207054513, 121.44062207054513, 121.44062207054513, 121.44062207054513, 121.44062207054513, 121.44062207054513, 121.44062207054513, 121.44062207054513, 121.44062207054513, 121.44062207054513, 135.5100320582884, 164.91651829798218, 166.16005596030084, 166.16005596030084, 166.16005596030084, 168.28946813599896, 168.28946813599896, 176.5295924409915, 176.5295924409915, 176.5295924409915, 176.5295924409915, 177.45066775007874, 177.45066775007874, 177.45066775007874, 185.47281264735474, 185.47281264735474, 185.70849517740368, 185.70849517740368, 197.4960684154059, 197.4960684154059, 197.4960684154059, 197.4960684154059, 197.4960684154059, 197.4960684154059, 197.4960684154059, 197.4960684154059, 197.4960684154059, 197.4960684154059, 197.4960684154059, 197.4960684154059, 197.4960684154059, 197.4960684154059, 197.4960684154059, 203.09460391040733, 203.09460391040733, 222.758842731333, 222.758842731333, 222.758842731333, 222.758842731333, 222.758842731333, 222.758842731333, 222.758842731333, 222.758842731333, 223.39698601353786, 223.39698601353786, 224.27947794339354, 224.27947794339354, 224.27947794339354, 224.27947794339354, 224.27947794339354, 224.27947794339354, 229.4799220249335, 229.4799220249335, 230.3876321568695, 230.3876321568695, 230.3876321568695, 230.3876321568695, 230.3876321568695, 230.3876321568695, 230.3876321568695, 230.3876321568695, 230.3876321568695, 230.3876321568695, 234.00088892016876, 234.00088892016876, 235.51603268847433, 235.71336318045041, 235.71336318045041, 243.53919131400534, 243.53919131400534, 243.53919131400534, 246.86020390654878, 246.86020390654878, 246.86020390654878, 246.86020390654878, 246.86020390654878, 248.71744046778903, 248.71744046778903, 248.71744046778903, 248.71744046778903, 248.71744046778903, 248.71744046778903, 248.71744046778903, 248.71744046778903, 248.71744046778903, 248.71744046778903, 248.71744046778903, 248.71744046778903, 248.71744046778903, 248.71769018582162, 248.71769018582162, 248.71769018582162, 248.71769018582162, 248.71769018582162, 248.71769018582162, 248.71769018582162, 248.71769018582162, 248.71769018582162, 252.66621431669796, 252.66621431669796, 252.66621431669796, 252.66621431669796, 252.66621431669796, 258.53523417046495, 258.53523417046495, 258.53523417046495, 259.2617465824032, 259.2617465824032, 259.92359493913244, 259.92359493913244, 259.92359493913244, 259.92359493913244, 259.92359493913244, 259.92359493913244, 259.92359493913244, 259.92359493913244, 262.96780241154653, 262.96780241154653, 262.96780241154653, 262.96780241154653, 263.0258843869005, 263.0258843869005, 263.68327179130455, 263.68327179130455, 263.68327179130455, 263.68327179130455, 263.68327179130455, 263.68340977150297, 263.68340977150297, 263.68340977150297, 267.2908514702643, 267.2908514702643, 267.2908514702643, 267.2908514702643, 267.2908514702643, 267.2908514702643, 267.2908514702643, 271.7026302715478, 271.7026302715478, 271.7026302715478, 271.7026302715478, 271.7026302715478, 271.7026302715478, 271.7026302715478, 271.7026302715478, 271.82080357237373, 271.82080357237373, 271.82080357237373, 273.86883738988024, 273.86883738988024, 273.86883738988024, 273.86883738988024, 273.86883738988024, 273.86883738988024, 273.86883738988024, 273.86883738988024, 273.86883738988024, 273.86883738988024, 273.86883738988024, 273.86883738988024, 273.86883738988024, 273.86883738988024, 273.86883738988024, 273.86883738988024, 273.86883738988024, 273.86883738988024, 273.86883738988024, 273.86883738988024, 273.86883738988024, 273.86883738988024, 274.80107498215284, 274.80107498215284, 274.80107498215284, 274.80107498215284, 274.80107498215284, 274.80107498215284, 274.80107498215284, 274.80107498215284, 274.8065060969207, 274.8065060969207, 274.8065060969207, 274.8065060969207, 274.8065060969207, 274.8065060969207, 281.0532276169232, 281.0532276169232, 281.0532276169232, 281.0532276169232, 281.0532276169232, 281.0532276169232, 281.0532276169232, 281.0532276169232, 281.0532276169232, 281.0532276169232, 281.0532276169232, 281.4888936249947, 281.88874697077233, 281.88874697077233, 283.58355865960505, 283.58355865960505, 283.58355865960505, 283.58355865960505, 283.58355865960505, 283.58355865960505, 283.58355865960505, 283.58355865960505, 283.58355865960505, 283.58355865960505, 283.58363180949647, 283.58363180949647, 283.58363180949647, 283.58363180949647, 283.58363180949647, 283.9475467641894, 283.9475467641894, 285.61020246065283, 285.61020246065283, 285.61020246065283, 285.6102763558268, 285.6102763558268, 285.6102763558268, 285.6102763558268, 285.6102763558268, 285.6102763558268, 285.6393157251244, 285.6393157251244, 285.6393157251244, 285.6393157251244, 285.6393157251244, 285.6393157251244, 285.6393157251244, 285.6393157251244, 285.6393157251244, 285.6393157251244, 288.0933145487008, 288.0933145487008, 288.0933145487008, 288.0933145487008, 288.0933145487008, 288.1262139152765, 288.1262139152765, 288.1262139152765, 289.25407248890804, 289.25407248890804]
data points:
values: [70.87291263681897, 70.87291263681897, 104.94235514585168, 104.94235514585168, 104.98893606238946, 104.9888016384907, 104.9888016384907, 115.84971215281733, 115.84971215281733, 115.84971215281733, 115.88910894101426, 115.88910894101426, 115.96056446961472, 115.96056446961472, 115.96056446961472, 126.54810696258028, 126.54810696258028, 126.54810696258028, 140.47332070699898, 140.47332070699898, 140.47332070699898, 140.47332070699898, 140.47332070699898, 140.47332070699898, 140.47332070699898, 140.47332070699898, 140.47332070699898, 140.47332070699898, 140.47332070699898, 140.47332070699898, 140.47332070699898, 140.47332070699898, 140.47332070699898, 140.47332070699898, 140.47332070699898, 140.47332070699898, 140.47332070699898, 140.47332070699898, 140.47332070699898, 140.47332070699898, 140.47332070699898, 140.47332070699898, 155.52891428947217, 187.89183641203908, 187.89183641203908, 187.99903709955328, 187.99903709955328, 187.99903709955328, 187.99913853092542, 187.99913853092542, 196.05624446796506, 196.05624446796506, 196.05624446796506, 196.05624446796506, 195.99524641967966, 195.99524641967966, 195.99524641967966, 203.79088560042473, 203.79088560042473, 204.0498455876117, 215.93529653503583, 215.93529653503583, 215.93529653503583, 215.93529653503583, 215.93529653503583, 215.93529653503583, 215.93529653503583, 215.93529653503583, 215.93529653503583, 215.93529653503583, 215.93529653503583, 215.93529653503583, 215.93529653503583, 215.93529653503583, 215.93529653503583, 215.93529653503583, 221.0248014001275, 241.35971463822688, 241.35971463822688, 241.35971463822688, 241.35971463822688, 241.35971463822688, 241.35971463822688, 241.35971463822688, 241.35971463822688, 241.35971463822688, 241.044747295157, 241.044747295157, 241.04484473488057, 241.04484473488057, 241.04484473488057, 241.04484473488057, 241.04484473488057, 241.04484473488057, 245.71568530920817, 245.71568530920817, 245.8180319027051, 245.8180319027051, 245.8180319027051, 245.8180319027051, 245.8180319027051, 245.8180319027051, 245.8180319027051, 245.8180319027051, 245.8180319027051, 245.8180319027051, 248.05347606674943, 248.05347606674943, 250.45116518528062, 250.66103553369786, 258.16457665400145, 258.16457665400145, 258.16457665400145, 258.16457665400145, 260.9016287036455, 260.9016287036455, 260.9016287036455, 260.9016287036455, 260.9016287036455, 262.1190529475998, 262.1190529475998, 262.1190529475998, 262.1190529475998, 262.1190529475998, 262.1190529475998, 262.1190529475998, 262.1190529475998, 262.1190529475998, 262.1190529475998, 262.1190529475998, 262.1190529475998, 262.1190529475998, 262.1192911194903, 262.1192911194903, 262.1192911194903, 262.1192911194903, 262.1192911194903, 262.1192911194903, 262.1192911194903, 262.1192911194903, 262.1192911194903, 266.2805894022155, 266.2805894022155, 266.2805894022155, 266.2805894022155, 272.4658576692156, 272.4658576692156, 272.4658576692156, 272.4658576692156, 272.49736616497734, 272.49736616497734, 272.49743071827373, 272.49743071827373, 272.49743071827373, 272.49743071827373, 272.49743071827373, 272.49743071827373, 272.49743071827373, 272.49743071827373, 275.0237045541587, 275.0237045541587, 275.0237045541587, 275.0237045541587, 275.0844316428143, 275.0844316428143, 275.14126947057247, 275.14126947057247, 275.14126947057247, 275.14126947057247, 275.14126947057247, 275.1414022094813, 275.1414022094813, 275.1414022094813, 277.7289389073762, 277.7289389073762, 277.7289389073762, 277.7289389073762, 277.7289389073762, 277.7289389073762, 281.76286083398765, 281.76286083398765, 281.76286083398765, 281.76286083398765, 281.76286083398765, 281.76286083398765, 281.76286083398765, 281.76286083398765, 281.76286083398765, 281.88540981937876, 281.88540981937876, 281.88540981937876, 283.4844533975873, 283.4844533975873, 283.4844533975873, 283.4844533975873, 283.4844533975873, 283.4844533975873, 283.4844533975873, 283.4844533975873, 283.4844533975873, 283.4844533975873, 283.4844533975873, 283.4844533975873, 283.4844533975873, 283.4844533975873, 283.4844533975873, 283.4844533975873, 283.4844533975873, 283.4844533975873, 283.4844533975873, 283.4844533975873, 283.4844533975873, 283.4844533975873, 283.950937862939, 283.950937862939, 283.950937862939, 283.950937862939, 283.950937862939, 283.950937862939, 283.950937862939, 283.4845954215555, 283.4845954215555, 283.4845954215555, 283.4845954215555, 283.4845954215555, 283.4845954215555, 289.47152659477007, 289.47152659477007, 289.47152659477007, 289.47152659477007, 289.47152659477007, 289.47152659477007, 289.47152659477007, 289.47152659477007, 289.47152659477007, 289.47152659477007, 289.47152659477007, 289.47152659477007, 289.4866958804312, 289.4866600061946, 289.4866600061946, 290.8352003478384, 290.8352003478384, 290.8352003478384, 290.8352003478384, 290.8352003478384, 290.8352003478384, 290.8352003478384, 290.8352003478384, 290.8352003478384, 290.8352003478384, 290.8352718082989, 290.8352718082989, 290.8352718082989, 290.8352718082989, 290.8352718082989, 290.8366420047815, 290.8366420047815, 292.1851890310788, 292.1851890310788, 292.1851890310788, 292.1852613825318, 292.1852613825318, 292.1852613825318, 292.1852613825318, 292.1852613825318, 292.1852613825318, 292.21496785377394, 292.21496785377394, 292.21496785377394, 292.21496785377394, 292.21496785377394, 292.21496785377394, 292.21496785377394, 292.21496785377394, 292.21496785377394, 294.38660995168465, 294.38660995168465, 294.38660995168465, 294.38660995168465, 294.38660995168465, 294.38660995168465, 294.42022938807855, 294.42022938807855, 294.42022938807855, 295.25024424213973]
real values1: [70.87291263681897, 70.87291263681897, 104.94235514585168, 104.98893606238946, 104.9888016384907, 104.9888016384907, 115.84971215281733, 115.84971215281733, 115.84971215281733, 115.88910894101426, 115.88910894101426, 115.96056446961472, 115.96056446961472, 115.96056446961472, 126.54810696258028, 126.54810696258028, 126.54810696258028, 140.47332070699898, 140.47332070699898, 140.47332070699898, 140.47332070699898, 140.47332070699898, 140.47332070699898, 140.47332070699898, 140.47332070699898, 140.47332070699898, 140.47332070699898, 140.47332070699898, 140.47332070699898, 140.47332070699898, 140.47332070699898, 140.47332070699898, 140.47332070699898, 140.47332070699898, 140.47332070699898, 140.47332070699898, 140.47332070699898, 140.47332070699898, 140.47332070699898, 140.47332070699898, 140.47332070699898, 140.47332070699898, 155.52891428947217, 187.89183641203908, 187.99903709955328, 187.99903709955328, 187.99903709955328, 187.99913853092542, 187.99913853092542, 196.05624446796506, 196.05624446796506, 196.05624446796506, 196.05624446796506, 195.99524641967966, 195.99524641967966, 195.99524641967966, 203.79088560042473, 203.79088560042473, 204.0498455876117, 204.0498455876117, 215.93529653503583, 215.93529653503583, 215.93529653503583, 215.93529653503583, 215.93529653503583, 215.93529653503583, 215.93529653503583, 215.93529653503583, 215.93529653503583, 215.93529653503583, 215.93529653503583, 215.93529653503583, 215.93529653503583, 215.93529653503583, 215.93529653503583, 221.0248014001275, 221.0248014001275, 241.35971463822688, 241.35971463822688, 241.35971463822688, 241.35971463822688, 241.35971463822688, 241.35971463822688, 241.35971463822688, 241.35971463822688, 241.044747295157, 241.044747295157, 241.04484473488057, 241.04484473488057, 241.04484473488057, 241.04484473488057, 241.04484473488057, 241.04484473488057, 245.71568530920817, 245.71568530920817, 245.8180319027051, 245.8180319027051, 245.8180319027051, 245.8180319027051, 245.8180319027051, 245.8180319027051, 245.8180319027051, 245.8180319027051, 245.8180319027051, 245.8180319027051, 248.05347606674943, 248.05347606674943, 250.45116518528062, 250.66103553369786, 250.66103553369786, 258.16457665400145, 258.16457665400145, 258.16457665400145, 260.9016287036455, 260.9016287036455, 260.9016287036455, 260.9016287036455, 260.9016287036455, 262.1190529475998, 262.1190529475998, 262.1190529475998, 262.1190529475998, 262.1190529475998, 262.1190529475998, 262.1190529475998, 262.1190529475998, 262.1190529475998, 262.1190529475998, 262.1190529475998, 262.1190529475998, 262.1190529475998, 262.1192911194903, 262.1192911194903, 262.1192911194903, 262.1192911194903, 262.1192911194903, 262.1192911194903, 262.1192911194903, 262.1192911194903, 262.1192911194903, 266.2805894022155, 266.2805894022155, 266.2805894022155, 266.2805894022155, 266.2805894022155, 272.4658576692156, 272.4658576692156, 272.4658576692156, 272.49736616497734, 272.49736616497734, 272.49743071827373, 272.49743071827373, 272.49743071827373, 272.49743071827373, 272.49743071827373, 272.49743071827373, 272.49743071827373, 272.49743071827373, 275.0237045541587, 275.0237045541587, 275.0237045541587, 275.0237045541587, 275.0844316428143, 275.0844316428143, 275.14126947057247, 275.14126947057247, 275.14126947057247, 275.14126947057247, 275.14126947057247, 275.1414022094813, 275.1414022094813, 275.1414022094813, 277.7289389073762, 277.7289389073762, 277.7289389073762, 277.7289389073762, 277.7289389073762, 277.7289389073762, 277.7289389073762, 281.76286083398765, 281.76286083398765, 281.76286083398765, 281.76286083398765, 281.76286083398765, 281.76286083398765, 281.76286083398765, 281.76286083398765, 281.88540981937876, 281.88540981937876, 281.88540981937876, 283.4844533975873, 283.4844533975873, 283.4844533975873, 283.4844533975873, 283.4844533975873, 283.4844533975873, 283.4844533975873, 283.4844533975873, 283.4844533975873, 283.4844533975873, 283.4844533975873, 283.4844533975873, 283.4844533975873, 283.4844533975873, 283.4844533975873, 283.4844533975873, 283.4844533975873, 283.4844533975873, 283.4844533975873, 283.4844533975873, 283.4844533975873, 283.4844533975873, 283.950937862939, 283.950937862939, 283.950937862939, 283.950937862939, 283.950937862939, 283.950937862939, 283.950937862939, 283.4845954215555, 283.4845954215555, 283.4845954215555, 283.4845954215555, 283.4845954215555, 283.4845954215555, 283.4845954215555, 289.47152659477007, 289.47152659477007, 289.47152659477007, 289.47152659477007, 289.47152659477007, 289.47152659477007, 289.47152659477007, 289.47152659477007, 289.47152659477007, 289.47152659477007, 289.47152659477007, 289.4866958804312, 289.4866600061946, 289.4866600061946, 290.8352003478384, 290.8352003478384, 290.8352003478384, 290.8352003478384, 290.8352003478384, 290.8352003478384, 290.8352003478384, 290.8352003478384, 290.8352003478384, 290.8352003478384, 290.8352718082989, 290.8352718082989, 290.8352718082989, 290.8352718082989, 290.8352718082989, 290.8366420047815, 290.8366420047815, 292.1851890310788, 292.1851890310788, 292.1851890310788, 292.1852613825318, 292.1852613825318, 292.1852613825318, 292.1852613825318, 292.1852613825318, 292.1852613825318, 292.21496785377394, 292.21496785377394, 292.21496785377394, 292.21496785377394, 292.21496785377394, 292.21496785377394, 292.21496785377394, 292.21496785377394, 292.21496785377394, 292.21496785377394, 294.38660995168465, 294.38660995168465, 294.38660995168465, 294.38660995168465, 294.38660995168465, 294.42022938807855, 294.42022938807855, 294.42022938807855, 295.25024424213973, 295.25024424213973]
real values2: [70.87291263681897, 70.87291263681897, 104.94235514585168, 104.98893606238946, 104.9888016384907, 104.9888016384907, 115.84971215281733, 115.84971215281733, 115.84971215281733, 115.88910894101426, 115.88910894101426, 115.96056446961472, 115.96056446961472, 115.96056446961472, 126.54810696258028, 126.54810696258028, 126.54810696258028, 140.47332070699898, 140.47332070699898, 140.47332070699898, 140.47332070699898, 140.47332070699898, 140.47332070699898, 140.47332070699898, 140.47332070699898, 140.47332070699898, 140.47332070699898, 140.47332070699898, 140.47332070699898, 140.47332070699898, 140.47332070699898, 140.47332070699898, 140.47332070699898, 140.47332070699898, 140.47332070699898, 140.47332070699898, 140.47332070699898, 140.47332070699898, 140.47332070699898, 140.47332070699898, 140.47332070699898, 140.47332070699898, 155.52891428947217, 187.89183641203908, 187.99903709955328, 187.99903709955328, 187.99903709955328, 187.99913853092542, 187.99913853092542, 196.05624446796506, 196.05624446796506, 196.05624446796506, 196.05624446796506, 195.99524641967966, 195.99524641967966, 195.99524641967966, 203.79088560042473, 203.79088560042473, 204.0498455876117, 204.0498455876117, 215.93529653503583, 215.93529653503583, 215.93529653503583, 215.93529653503583, 215.93529653503583, 215.93529653503583, 215.93529653503583, 215.93529653503583, 215.93529653503583, 215.93529653503583, 215.93529653503583, 215.93529653503583, 215.93529653503583, 215.93529653503583, 215.93529653503583, 221.0248014001275, 221.0248014001275, 241.35971463822688, 241.35971463822688, 241.35971463822688, 241.35971463822688, 241.35971463822688, 241.35971463822688, 241.35971463822688, 241.35971463822688, 241.044747295157, 241.044747295157, 241.04484473488057, 241.04484473488057, 241.04484473488057, 241.04484473488057, 241.04484473488057, 241.04484473488057, 245.71568530920817, 245.71568530920817, 245.8180319027051, 245.8180319027051, 245.8180319027051, 245.8180319027051, 245.8180319027051, 245.8180319027051, 245.8180319027051, 245.8180319027051, 245.8180319027051, 245.8180319027051, 248.05347606674943, 248.05347606674943, 250.45116518528062, 250.66103553369786, 250.66103553369786, 258.16457665400145, 258.16457665400145, 258.16457665400145, 260.9016287036455, 260.9016287036455, 260.9016287036455, 260.9016287036455, 260.9016287036455, 262.1190529475998, 262.1190529475998, 262.1190529475998, 262.1190529475998, 262.1190529475998, 262.1190529475998, 262.1190529475998, 262.1190529475998, 262.1190529475998, 262.1190529475998, 262.1190529475998, 262.1190529475998, 262.1190529475998, 262.1192911194903, 262.1192911194903, 262.1192911194903, 262.1192911194903, 262.1192911194903, 262.1192911194903, 262.1192911194903, 262.1192911194903, 262.1192911194903, 266.2805894022155, 266.2805894022155, 266.2805894022155, 266.2805894022155, 266.2805894022155, 272.4658576692156, 272.4658576692156, 272.4658576692156, 272.49736616497734, 272.49736616497734, 272.49743071827373, 272.49743071827373, 272.49743071827373, 272.49743071827373, 272.49743071827373, 272.49743071827373, 272.49743071827373, 272.49743071827373, 275.0237045541587, 275.0237045541587, 275.0237045541587, 275.0237045541587, 275.0844316428143, 275.0844316428143, 275.14126947057247, 275.14126947057247, 275.14126947057247, 275.14126947057247, 275.14126947057247, 275.1414022094813, 275.1414022094813, 275.1414022094813, 277.7289389073762, 277.7289389073762, 277.7289389073762, 277.7289389073762, 277.7289389073762, 277.7289389073762, 277.7289389073762, 281.76286083398765, 281.76286083398765, 281.76286083398765, 281.76286083398765, 281.76286083398765, 281.76286083398765, 281.76286083398765, 281.76286083398765, 281.88540981937876, 281.88540981937876, 281.88540981937876, 283.4844533975873, 283.4844533975873, 283.4844533975873, 283.4844533975873, 283.4844533975873, 283.4844533975873, 283.4844533975873, 283.4844533975873, 283.4844533975873, 283.4844533975873, 283.4844533975873, 283.4844533975873, 283.4844533975873, 283.4844533975873, 283.4844533975873, 283.4844533975873, 283.4844533975873, 283.4844533975873, 283.4844533975873, 283.4844533975873, 283.4844533975873, 283.4844533975873, 283.950937862939, 283.950937862939, 283.950937862939, 283.950937862939, 283.950937862939, 283.950937862939, 283.950937862939, 283.4845954215555, 283.4845954215555, 283.4845954215555, 283.4845954215555, 283.4845954215555, 283.4845954215555, 283.4845954215555, 289.47152659477007, 289.47152659477007, 289.47152659477007, 289.47152659477007, 289.47152659477007, 289.47152659477007, 289.47152659477007, 289.47152659477007, 289.47152659477007, 289.47152659477007, 289.47152659477007, 289.4866958804312, 289.4866600061946, 289.4866600061946, 290.8352003478384, 290.8352003478384, 290.8352003478384, 290.8352003478384, 290.8352003478384, 290.8352003478384, 290.8352003478384, 290.8352003478384, 290.8352003478384, 290.8352003478384, 290.8352718082989, 290.8352718082989, 290.8352718082989, 290.8352718082989, 290.8352718082989, 290.8366420047815, 290.8366420047815, 292.1851890310788, 292.1851890310788, 292.1851890310788, 292.1852613825318, 292.1852613825318, 292.1852613825318, 292.1852613825318, 292.1852613825318, 292.1852613825318, 292.21496785377394, 292.21496785377394, 292.21496785377394, 292.21496785377394, 292.21496785377394, 292.21496785377394, 292.21496785377394, 292.21496785377394, 292.21496785377394, 292.21496785377394, 294.38660995168465, 294.38660995168465, 294.38660995168465, 294.38660995168465, 294.38660995168465, 294.42022938807855, 294.42022938807855, 294.42022938807855, 295.25024424213973, 295.25024424213973]
Done!
