('generated stochastic delays:', [array([ 2, 11,  5, ...,  2,  3,  1])])
('opt_fidel_cost:', 1.1)
Running Experiment1: 
('total budget:', 600)
Auto Init: 
C: 20.469600578508693
nu: 20.469600578508693
Budget Remaining: 591.989158869
Number of MFHOO Instances: 1
Budget per MFHOO Instance:590.889158869
Running SOO number: 1 rho: 0.95 nu: 20.469600578508693
delay_type: DHOO
policy: UCBV
[0.99609375 0.3359375  0.2265625  0.9921875  0.4453125  0.0234375
 0.0078125  0.4921875 ]
final iterations:51062571
final HOO number of nodes:732
final HOO height:57
final duration:590
final optimal value:270.436937 
time durations: [0.0013551712036132812, 4.0067970752716064, 4.008021116256714, 4.009217023849487, 8.018754005432129, 8.019296169281006, 12.02430009841919, 16.029242038726807, 16.029842138290405, 20.039347171783447, 20.0402090549469, 24.054440021514893, 24.055454969406128, 24.056074142456055, 24.05684208869934, 28.06064009666443, 28.061115980148315, 28.066851139068604, 28.06743597984314, 32.1095609664917, 32.11031103134155, 36.11428999900818, 36.11500096321106, 36.1157431602478, 40.11926507949829, 40.119935035705566, 44.12587118148804, 48.12914299964905, 48.13013505935669, 52.14798402786255, 56.15000915527344, 56.15117406845093, 56.15226697921753, 60.16023111343384, 60.16159200668335, 64.16533398628235, 68.17325615882874, 68.17456698417664, 72.17689204216003, 76.18203616142273, 80.18937516212463, 84.19719696044922, 88.20246005058289, 92.21095514297485, 92.21270513534546, 96.21867609024048, 96.21999096870422, 96.2260639667511, 96.22713804244995, 100.23530697822571, 104.24794697761536, 104.24914407730103, 108.2609031200409, 108.26234912872314, 108.26350617408752, 112.27331399917603, 112.27493095397949, 112.27669095993042, 116.28895306587219, 116.29023218154907, 116.29154396057129, 120.30340814590454, 124.31287002563477, 128.32372498512268, 128.3250720500946, 132.33733296394348, 132.33879899978638, 136.3452970981598, 136.3466510772705, 140.3506259918213, 140.35193705558777, 144.3663079738617, 148.37413597106934, 148.3758909702301, 152.39376401901245, 156.3999719619751, 156.40155410766602, 160.40849113464355, 164.41671299934387, 164.41856002807617, 168.42561197280884, 168.42720198631287, 168.42873811721802, 172.43799495697021, 172.44022512435913, 176.463121175766, 180.4758050441742, 180.47850799560547, 184.4872441291809, 184.4893341064453, 184.4911880493164, 188.49256014823914, 188.49468398094177, 188.49693298339844, 192.50572514533997, 192.50746297836304, 196.51363110542297, 196.51559495925903, 200.52896118164062, 204.53643202781677, 204.5392460823059, 208.5453701019287, 212.55506706237793, 212.55709099769592, 212.5590500831604, 216.56978797912598, 220.57994103431702, 220.58200407028198, 224.588937997818, 224.59233903884888, 228.601802110672, 228.60405611991882, 232.6201491355896, 232.62232398986816, 236.63650703430176, 236.63890600204468, 236.64134097099304, 240.6513421535492, 240.65516996383667, 240.65740203857422, 240.65993809700012, 244.6695201396942, 244.67252206802368, 244.67541217803955, 244.67751216888428, 248.68489813804626, 248.70127511024475, 252.69010710716248, 252.6924421787262, 252.6946840286255, 256.71315908432007, 256.71602296829224, 256.7184991836548, 256.720911026001, 260.7218370437622, 260.7330210208893, 260.7354881763458, 260.73829913139343, 264.7472610473633, 264.7499439716339, 264.7633709907532, 268.76990008354187, 268.7729871273041, 268.7757170200348, 272.78386306762695, 272.78751611709595, 272.791620016098, 276.80451011657715, 276.80983805656433, 276.8182451725006, 276.82281708717346, 280.8211090564728, 280.8351950645447, 280.8401701450348, 280.8441641330719, 284.8491179943085, 284.85321712493896, 288.85367703437805, 288.86252617836, 288.8654160499573, 288.8682141304016, 292.8694989681244, 292.8733820915222, 292.8968231678009, 296.8988320827484, 296.9017000198364, 296.90504717826843, 300.9349970817566, 300.9378981590271, 300.9408931732178, 300.94387006759644, 304.9570701122284, 304.9611279964447, 304.9665710926056, 308.96815395355225, 308.9710919857025, 308.9744291305542, 308.98636507987976, 308.9902400970459, 312.98686599731445, 312.9903221130371, 313.00667095184326, 313.0097231864929, 313.01305413246155, 317.02308201789856, 317.02667713165283, 317.0512361526489, 317.05413603782654, 321.03940415382385, 321.04205799102783, 325.04389905929565, 325.04818201065063, 325.0523519515991, 329.0622260570526, 329.0666480064392, 329.07001996040344, 329.07343196868896, 333.0813081264496, 333.08533000946045, 333.1002290248871, 333.10366201400757, 337.0956201553345, 337.09880018234253, 337.1177361011505, 341.1050400733948, 341.1087119579315, 341.1121621131897, 345.12158608436584, 345.1316890716553, 345.13925313949585, 349.15604615211487, 349.1606910228729, 349.1647310256958, 349.1690709590912, 353.18465304374695, 353.18934202194214, 353.19318103790283, 357.1963839530945, 357.2040710449219, 357.21050095558167, 357.2160301208496, 357.2217869758606, 357.2281470298767, 361.236848115921, 361.2421090602875, 361.24615812301636, 361.25003600120544, 365.27381801605225, 365.2795159816742, 365.2854151725769, 369.29227113723755, 369.296993970871, 369.3015661239624, 369.3055579662323, 373.3086049556732, 373.3149781227112, 373.3198170661926, 373.32357716560364, 373.32755303382874, 377.33999705314636, 377.3487641811371, 377.354248046875, 377.3602759838104, 381.3759431838989, 381.3843400478363, 381.3922281265259, 381.39821004867554, 385.4099671840668, 385.41419100761414, 385.4183461666107, 389.4230420589447, 389.4322609901428, 389.43861508369446, 389.4456169605255, 393.445011138916, 393.4489371776581, 393.45410418510437, 393.4594361782074, 397.46962118148804, 397.4745030403137, 397.47914814949036, 397.48358511924744, 397.48885107040405, 401.4951100349426, 401.50152707099915, 401.5055961608887, 401.51104402542114, 405.5159201622009, 405.52267813682556, 405.527508020401, 405.5321841239929, 409.5630040168762, 409.5754361152649, 409.58023500442505, 409.58540201187134, 413.5924491882324, 413.59776401519775, 417.59898495674133, 417.6037690639496, 417.61001205444336, 421.6102020740509, 421.61736011505127, 421.62616205215454, 421.6340069770813, 425.6369860172272, 425.65275406837463, 425.6607840061188, 425.6712021827698, 429.6723210811615, 429.67853116989136, 433.69359397888184, 433.697713136673, 437.7070891857147, 437.71221113204956, 441.7280321121216, 445.7425320148468, 445.74904012680054, 449.7714021205902, 449.7767481803894, 453.7886049747467, 453.79439306259155, 457.8183240890503, 461.8409631252289, 461.84626603126526, 465.85898208618164, 469.871768951416, 469.8758680820465, 473.8907661437988, 473.8959729671478, 477.90933418273926, 477.91458797454834, 481.9318470954895, 481.93729400634766, 481.94278597831726, 485.97036814689636, 485.9758880138397, 489.9871129989624, 493.99952602386475, 494.0057761669159, 498.0200731754303, 498.02555298805237, 498.0309100151062, 502.0520830154419, 502.0586700439453, 506.0722279548645, 506.0781660079956, 510.0955419540405, 514.1105661392212, 514.1181681156158, 518.1434111595154, 518.151575088501, 522.1620740890503, 526.1796250343323, 526.186014175415, 530.1968071460724, 530.2024450302124, 534.2154240608215, 534.2211849689484, 538.2381031513214, 538.2449510097504, 542.2733609676361, 542.2793300151825, 546.3075821399689, 546.3135709762573, 550.3301560878754, 550.3362891674042, 550.3418190479279, 554.3710870742798, 554.3779740333557, 558.3904111385345, 558.3955249786377, 562.4208400249481, 562.426558971405, 566.4586410522461, 566.4655990600586, 570.496148109436, 570.5018920898438, 574.5203261375427, 574.5277581214905, 578.5337390899658, 578.5405139923096, 578.5463659763336, 578.5523071289062, 582.5722711086273, 582.5782511234283, 586.6092801094055, 590.6291041374207, 590.6357581615448]
noisy values: [56.41319345295263, 56.41319345295263, 59.962338364486115, 59.962338364486115, 85.59978474516566, 85.59978474516566, 94.53204731537316, 94.53204731537316, 94.53204731537316, 98.45755423491572, 98.45755423491572, 99.19976809003546, 99.19976809003546, 99.19976809003546, 99.19976809003546, 110.25946150835144, 110.25946150835144, 110.25946150835144, 110.25946150835144, 124.15516071356936, 124.15516071356936, 124.15516071356936, 124.15516071356936, 124.15516071356936, 151.85974258572793, 151.85974258572793, 153.70041249755025, 154.50370153722025, 154.50370153722025, 161.9209605043848, 161.9209605043848, 161.9209605043848, 161.9209605043848, 162.65238309744393, 162.65238309744393, 162.65238309744393, 162.65238309744393, 162.65238309744393, 170.79434662447224, 181.4377464109112, 186.85107350568254, 204.72835302278085, 205.45508427326763, 206.10635688592947, 206.10668854821273, 206.10668854821273, 206.10668854821273, 210.80533452639577, 210.80533452639577, 211.3267335026341, 211.50898853712278, 211.50898853712278, 216.18357666832566, 216.18357666832566, 216.18357666832566, 216.18357666832566, 216.18357666832566, 216.18357666832566, 216.18357666832566, 216.18357666832566, 216.18357666832566, 223.21973087695667, 226.59146783645014, 226.59146783645014, 226.59146783645014, 236.96455754670754, 236.96455754670754, 236.96455754670754, 236.96455754670754, 236.96455754670754, 236.96455754670754, 237.50815805204502, 237.99741367486868, 237.99741367486868, 240.72600328641715, 240.72600328641715, 240.72600328641715, 240.72600328641715, 241.2316316202244, 241.2316316202244, 243.8037562924275, 243.8037562924275, 243.8037562924275, 243.8037562924275, 243.8037562924275, 243.8037562924275, 243.8037562924275, 243.8037562924275, 243.87253112629682, 243.87253112629682, 243.87253112629682, 243.87253112629682, 243.87253112629682, 247.98611168112612, 247.98611168112612, 247.98611168112612, 247.98611168112612, 247.98611168112612, 247.98611168112612, 247.98611168112612, 247.98611168112612, 249.7966092319277, 249.7966092319277, 249.7966092319277, 249.7966092319277, 250.6884225397314, 250.6884225397314, 250.6884225397314, 250.6884225397314, 250.6884225397314, 255.58602626457224, 255.58602626457224, 255.58602626457224, 255.58602626457224, 255.96313351232791, 255.96313351232791, 255.96313351232791, 255.96313351232791, 256.308138550911, 256.308138550911, 256.308138550911, 257.8312605327347, 257.8312605327347, 257.8312605327347, 257.8312605327347, 257.8312605327347, 257.8312605327347, 257.8312605327347, 257.8312605327347, 257.8312605327347, 257.8312605327347, 257.8312605327347, 257.8312605327347, 257.8312605327347, 257.8312605327347, 257.8313568180535, 257.8313568180535, 257.8313568180535, 258.11047098670053, 258.11047098670053, 258.1771729013722, 259.60574833826405, 259.60574833826405, 259.60574833826405, 259.60574833826405, 259.60574833826405, 259.60574833826405, 259.60574833826405, 259.60574833826405, 259.60574833826405, 259.60574833826405, 259.60574833826405, 259.60574833826405, 259.60574833826405, 259.60574833826405, 259.60574833826405, 259.60574833826405, 259.60574833826405, 259.60574833826405, 259.60574833826405, 259.60574833826405, 259.60574833826405, 259.60574833826405, 259.672836670804, 259.672836670804, 259.672836670804, 259.672836670804, 261.9439547060659, 261.9439547060659, 261.9439547060659, 261.9439547060659, 261.9439547060659, 261.9439547060659, 261.9439547060659, 262.95998928759917, 262.95998928759917, 262.95998928759917, 262.95998928759917, 262.95998928759917, 262.95998928759917, 262.95998928759917, 262.95998928759917, 262.95998928759917, 262.95998928759917, 262.95998928759917, 262.95998928759917, 262.95998928759917, 262.95998928759917, 262.95998928759917, 262.95998928759917, 262.95998928759917, 262.95998928759917, 262.95998928759917, 262.95998928759917, 262.95998928759917, 262.95998928759917, 262.95998928759917, 262.95998928759917, 262.95998928759917, 263.02867635428873, 263.02867635428873, 263.02867635428873, 263.02867635428873, 264.3843080245087, 264.3843080245087, 264.3843080245087, 264.3843080245087, 264.3843080245087, 264.3843080245087, 264.3843080245087, 264.3843080245087, 264.3843080245087, 264.3843080245087, 264.3843080245087, 264.3843080245087, 264.3843080245087, 264.3843080245087, 264.3843080245087, 264.3843080245087, 264.3843080245087, 264.3843080245087, 264.3843080245087, 264.3843080245087, 264.3843080245087, 265.9589803197512, 265.9589803197512, 265.9589803197512, 265.9589803197512, 265.9589803197512, 265.9589803197512, 265.9589803197512, 266.2150471450918, 266.2150471450918, 266.2150471450918, 266.4509006846518, 266.4509495747367, 266.4509495747367, 266.4509495747367, 266.4509495747367, 266.4509495747367, 266.4509495747367, 266.4509495747367, 266.4509495747367, 266.4509495747367, 266.4509495747367, 266.4509495747367, 266.4509495747367, 266.4509495747367, 266.4509495747367, 266.4509495747367, 266.4509495747367, 266.4509495747367, 266.4509495747367, 266.4509495747367, 266.4509495747367, 266.4509495747367, 266.4509495747367, 266.4509495747367, 267.2904376918439, 267.2904376918439, 267.2904376918439, 267.2904376918439, 267.2904376918439, 267.2904376918439, 267.2904376918439, 267.2904376918439, 267.2904376918439, 267.2904376918439, 267.2904376918439, 267.2904376918439, 267.2904376918439, 267.2904376918439, 267.2904376918439, 267.2904376918439, 267.2904376918439, 267.2904376918439, 267.2904376918439, 267.47021342962705, 267.47021342962705, 267.50622878335633, 268.28917522832614, 268.28917522832614, 268.28917522832614, 268.28917522832614, 268.28917522832614, 268.28917522832614, 268.2892244237498, 268.2892244237498, 268.304797902867, 268.304797902867, 268.304797902867, 268.304797902867, 268.304797902867, 268.304797902867, 268.304797902867, 268.304797902867, 268.304797902867, 268.304797902867, 268.304797902867, 268.304797902867, 268.304797902867, 268.3254435024284, 269.54830800397997, 269.54830800397997, 270.14914384507836, 270.14914384507836, 270.14914384507836, 270.14914384507836, 270.14914384507836, 270.14914384507836, 270.14914384507836, 270.14914384507836, 270.14914384507836, 270.14914384507836, 270.14914384507836, 270.14914384507836, 270.14914384507836, 270.14914384507836, 270.14914384507836, 270.43693697751365, 270.43693697751365, 270.43693697751365, 270.43693697751365, 270.43693697751365, 270.43693697751365, 270.43693697751365, 270.43693697751365, 270.43693697751365, 270.43693697751365, 270.43693697751365, 270.43693697751365, 270.43693697751365, 270.43693697751365, 270.43693697751365, 270.43693697751365, 270.43693697751365, 270.43693697751365, 270.43693697751365, 270.43693697751365, 270.43693697751365, 270.43693697751365, 270.43693697751365, 270.43693697751365, 270.43693697751365, 270.43693697751365, 270.43693697751365, 270.43693697751365, 270.43693697751365, 270.43693697751365, 270.43693697751365, 270.43693697751365, 270.43693697751365, 270.43693697751365, 270.43693697751365, 270.43693697751365, 270.43693697751365, 270.43693697751365, 270.43693697751365, 270.43693697751365, 270.43693697751365, 270.43693697751365, 270.43693697751365, 270.43693697751365, 270.43693697751365, 270.43693697751365, 270.43693697751365, 270.43693697751365, 270.43693697751365]
data points:
values: [70.87291263681897, 70.87291263681897, 70.87291263681897, 74.39645309951365, 104.94235514585168, 104.94235514585168, 104.94235514585168, 115.89303989857751, 115.89303989857751, 115.89303989857751, 115.84971215281733, 115.84971215281733, 115.7011263657877, 115.7011263657877, 115.7011263657877, 115.7011263657877, 126.54810696258028, 126.54810696258028, 126.54810696258028, 140.47332070699898, 140.47332070699898, 140.47332070699898, 140.47332070699898, 140.47332070699898, 169.6453235442572, 169.6453235442572, 169.6453235442572, 169.7630134108543, 169.76315991800286, 169.76315991800286, 177.0387239144887, 177.0387239144887, 177.0387239144887, 177.0387239144887, 177.01219256852818, 177.01219256852818, 177.01219256852818, 177.01219256852818, 184.28666623572798, 195.00066145126073, 195.00066145126073, 218.4402719620142, 218.4402719620142, 218.4840095146678, 218.48415947256836, 218.48415947256836, 218.48415947256836, 218.48415947256836, 222.79602586303176, 222.79602586303176, 222.71369072961554, 222.90572204662698, 222.90572204662698, 227.22002634430362, 227.22002634430362, 227.22002634430362, 227.22002634430362, 227.22002634430362, 227.22002634430362, 227.22002634430362, 227.22002634430362, 234.0180487904102, 234.0180487904102, 236.97970049375797, 236.97970049375797, 247.26157108719164, 247.26157108719164, 247.26157108719164, 247.26157108719164, 247.26157108719164, 247.26157108719164, 247.26157108719164, 247.29150236782792, 247.2915877328432, 247.2915877328432, 249.639292679674, 249.639292679674, 249.639292679674, 249.639292679674, 249.701374028603, 249.701374028603, 251.92155342957037, 251.92155342957037, 251.92155342957037, 251.92155342957037, 251.92155342957037, 251.92155342957037, 251.92155342957037, 251.92155342957037, 251.99262285061005, 251.99262285061005, 251.99262285061005, 251.99262285061005, 255.8172844905691, 255.8172844905691, 255.8172844905691, 255.8172844905691, 255.8172844905691, 255.8172844905691, 255.8172844905691, 255.8172844905691, 255.8172844905691, 257.278715043385, 257.278715043385, 257.278715043385, 257.278715043385, 257.8111370764083, 257.8111370764083, 257.8111370764083, 257.8111370764083, 262.8478946753689, 262.8478946753689, 262.8478946753689, 262.8478946753689, 262.8478946753689, 262.86228534949936, 262.86228534949936, 262.86228534949936, 262.86228534949936, 262.8623317004328, 262.8623317004328, 262.8623317004328, 264.086751497645, 264.086751497645, 264.086751497645, 264.086751497645, 264.086751497645, 264.086751497645, 264.086751497645, 264.086751497645, 264.086751497645, 264.086751497645, 264.086751497645, 264.086751497645, 264.086751497645, 264.086751497645, 264.0868456679814, 264.0868456679814, 264.0868456679814, 264.05241047905423, 264.05241047905423, 264.12064798193416, 265.2767647780297, 265.2767647780297, 265.2767647780297, 265.2767647780297, 265.2767647780297, 265.2767647780297, 265.2767647780297, 265.2767647780297, 265.2767647780297, 265.2767647780297, 265.2767647780297, 265.2767647780297, 265.2767647780297, 265.2767647780297, 265.2767647780297, 265.2767647780297, 265.2767647780297, 265.2767647780297, 265.2767647780297, 265.2767647780297, 265.2767647780297, 265.2767647780297, 265.34531868355054, 265.34531868355054, 265.34531868355054, 267.3740143878685, 267.3740143878685, 267.3740143878685, 267.3740143878685, 267.3740143878685, 267.3740143878685, 267.3740143878685, 267.3740143878685, 268.1331936037439, 268.1331936037439, 268.1331936037439, 268.1331936037439, 268.1331936037439, 268.1331936037439, 268.1331936037439, 268.1331936037439, 268.1331936037439, 268.1331936037439, 268.1331936037439, 268.1331936037439, 268.1331936037439, 268.1331936037439, 268.1331936037439, 268.1331936037439, 268.1331936037439, 268.1331936037439, 268.1331936037439, 268.1331936037439, 268.1331936037439, 268.1331936037439, 268.1331936037439, 268.1331936037439, 268.1331936037439, 268.20323199259036, 268.20323199259036, 268.20323199259036, 268.20323199259036, 269.3206167153649, 269.3206167153649, 269.3206167153649, 269.3206167153649, 269.3206167153649, 269.3206167153649, 269.3206167153649, 269.3206167153649, 269.3206167153649, 269.3206167153649, 269.3206167153649, 269.3206167153649, 269.3206167153649, 269.3206167153649, 269.3206167153649, 269.3206167153649, 269.3206167153649, 269.3206167153649, 269.3206167153649, 269.3206167153649, 269.3206167153649, 270.9246906071209, 270.9246906071209, 270.9246906071209, 270.9246906071209, 270.9246906071209, 270.9246906071209, 270.9246906071209, 270.93260949875156, 270.93260949875156, 270.93260949875156, 270.9325853001598, 270.932633435292, 270.932633435292, 270.932633435292, 270.932633435292, 270.932633435292, 270.932633435292, 270.932633435292, 270.932633435292, 270.932633435292, 270.932633435292, 270.932633435292, 270.932633435292, 270.932633435292, 270.932633435292, 270.932633435292, 270.932633435292, 270.932633435292, 270.932633435292, 270.932633435292, 270.932633435292, 270.932633435292, 270.932633435292, 270.932633435292, 271.5578625893735, 271.5578625893735, 271.5578625893735, 271.5578625893735, 271.5578625893735, 271.5578625893735, 271.5578625893735, 271.5578625893735, 271.5578625893735, 271.5578625893735, 271.5578625893735, 271.5578625893735, 271.5578625893735, 271.5578625893735, 271.5578625893735, 271.5578625893735, 271.5578625893735, 271.5578625893735, 271.5578625893735, 271.52375988316516, 271.52375988316516, 271.56032107212474, 272.1489105198877, 272.1489105198877, 272.1489105198877, 272.1489105198877, 272.1489105198877, 272.1489105198877, 272.1489590625539, 272.1489590625539, 272.1647560905901, 272.1647560905901, 272.1647560905901, 272.1647560905901, 272.1647560905901, 272.1647560905901, 272.1647560905901, 272.1647560905901, 272.1647560905901, 272.1647560905901, 272.1647560905901, 272.1647560905901, 272.1647560905901, 271.9900516671553, 273.229617710545, 273.229617710545, 273.6517919239883, 273.6517919239883, 273.6517919239883, 273.6517919239883, 273.6517919239883, 273.6517919239883, 273.6517919239883, 273.6517919239883, 273.6517919239883, 273.6517919239883, 273.6517919239883, 273.6517919239883, 273.6517919239883, 273.6517919239883, 273.6517919239883, 273.7658399554267, 273.7658399554267, 273.7658399554267, 273.7658399554267, 273.7658399554267, 273.7658399554267, 273.7658399554267, 273.7658399554267, 273.7658399554267, 273.7658399554267, 273.7658399554267, 273.7658399554267, 273.7658399554267, 273.7658399554267, 273.7658399554267, 273.7658399554267, 273.7658399554267, 273.7658399554267, 273.7658399554267, 273.7658399554267, 273.7658399554267, 273.7658399554267, 273.7658399554267, 273.7658399554267, 273.7658399554267, 273.7658399554267, 273.7658399554267, 273.7658399554267, 273.7658399554267, 273.7658399554267, 273.7658399554267, 273.7658399554267, 273.7658399554267, 273.7658399554267, 273.7658399554267, 273.7658399554267, 273.7658399554267, 273.7658399554267, 273.7658399554267, 273.7658399554267, 273.7658399554267, 273.7658399554267, 273.7658399554267, 273.7658399554267, 273.7658399554267, 273.7658399554267, 273.7658399554267, 273.7658399554267]
real values1: [70.87291263681897, 70.87291263681897, 74.39645309951365, 74.39645309951365, 104.94235514585168, 104.94235514585168, 115.89303989857751, 115.89303989857751, 115.89303989857751, 115.84971215281733, 115.84971215281733, 115.7011263657877, 115.7011263657877, 115.7011263657877, 115.7011263657877, 126.54810696258028, 126.54810696258028, 126.54810696258028, 126.54810696258028, 140.47332070699898, 140.47332070699898, 140.47332070699898, 140.47332070699898, 140.47332070699898, 169.6453235442572, 169.6453235442572, 169.7630134108543, 169.76315991800286, 169.76315991800286, 177.0387239144887, 177.0387239144887, 177.0387239144887, 177.0387239144887, 177.01219256852818, 177.01219256852818, 177.01219256852818, 177.01219256852818, 177.01219256852818, 184.28666623572798, 195.00066145126073, 200.0708686374089, 218.4402719620142, 218.4840095146678, 218.48384471729568, 218.48415947256836, 218.48415947256836, 218.48415947256836, 222.79602586303176, 222.79602586303176, 222.71369072961554, 222.90572204662698, 222.90572204662698, 227.22002634430362, 227.22002634430362, 227.22002634430362, 227.22002634430362, 227.22002634430362, 227.22002634430362, 227.22002634430362, 227.22002634430362, 227.22002634430362, 234.0180487904102, 236.97970049375797, 236.97970049375797, 236.97970049375797, 247.26157108719164, 247.26157108719164, 247.26157108719164, 247.26157108719164, 247.26157108719164, 247.26157108719164, 247.29150236782792, 247.2915877328432, 247.2915877328432, 249.639292679674, 249.639292679674, 249.639292679674, 249.639292679674, 249.701374028603, 249.701374028603, 251.92155342957037, 251.92155342957037, 251.92155342957037, 251.92155342957037, 251.92155342957037, 251.92155342957037, 251.92155342957037, 251.92155342957037, 251.99262285061005, 251.99262285061005, 251.99262285061005, 251.99262285061005, 251.99262285061005, 255.8172844905691, 255.8172844905691, 255.8172844905691, 255.8172844905691, 255.8172844905691, 255.8172844905691, 255.8172844905691, 255.8172844905691, 257.278715043385, 257.278715043385, 257.278715043385, 257.278715043385, 257.8111370764083, 257.8111370764083, 257.8111370764083, 257.8111370764083, 257.8111370764083, 262.8478946753689, 262.8478946753689, 262.8478946753689, 262.8478946753689, 262.86228534949936, 262.86228534949936, 262.86228534949936, 262.86228534949936, 262.8623317004328, 262.8623317004328, 262.8623317004328, 264.086751497645, 264.086751497645, 264.086751497645, 264.086751497645, 264.086751497645, 264.086751497645, 264.086751497645, 264.086751497645, 264.086751497645, 264.086751497645, 264.086751497645, 264.086751497645, 264.086751497645, 264.086751497645, 264.0868456679814, 264.0868456679814, 264.0868456679814, 264.05241047905423, 264.05241047905423, 264.12064798193416, 265.2767647780297, 265.2767647780297, 265.2767647780297, 265.2767647780297, 265.2767647780297, 265.2767647780297, 265.2767647780297, 265.2767647780297, 265.2767647780297, 265.2767647780297, 265.2767647780297, 265.2767647780297, 265.2767647780297, 265.2767647780297, 265.2767647780297, 265.2767647780297, 265.2767647780297, 265.2767647780297, 265.2767647780297, 265.2767647780297, 265.2767647780297, 265.2767647780297, 265.34531868355054, 265.34531868355054, 265.34531868355054, 265.34531868355054, 267.3740143878685, 267.3740143878685, 267.3740143878685, 267.3740143878685, 267.3740143878685, 267.3740143878685, 267.3740143878685, 268.1331936037439, 268.1331936037439, 268.1331936037439, 268.1331936037439, 268.1331936037439, 268.1331936037439, 268.1331936037439, 268.1331936037439, 268.1331936037439, 268.1331936037439, 268.1331936037439, 268.1331936037439, 268.1331936037439, 268.1331936037439, 268.1331936037439, 268.1331936037439, 268.1331936037439, 268.1331936037439, 268.1331936037439, 268.1331936037439, 268.1331936037439, 268.1331936037439, 268.1331936037439, 268.1331936037439, 268.1331936037439, 268.20323199259036, 268.20323199259036, 268.20323199259036, 268.20323199259036, 269.3206167153649, 269.3206167153649, 269.3206167153649, 269.3206167153649, 269.3206167153649, 269.3206167153649, 269.3206167153649, 269.3206167153649, 269.3206167153649, 269.3206167153649, 269.3206167153649, 269.3206167153649, 269.3206167153649, 269.3206167153649, 269.3206167153649, 269.3206167153649, 269.3206167153649, 269.3206167153649, 269.3206167153649, 269.3206167153649, 269.3206167153649, 270.9246906071209, 270.9246906071209, 270.9246906071209, 270.9246906071209, 270.9246906071209, 270.9246906071209, 270.9246906071209, 270.93260949875156, 270.93260949875156, 270.93260949875156, 270.9325853001598, 270.932633435292, 270.932633435292, 270.932633435292, 270.932633435292, 270.932633435292, 270.932633435292, 270.932633435292, 270.932633435292, 270.932633435292, 270.932633435292, 270.932633435292, 270.932633435292, 270.932633435292, 270.932633435292, 270.932633435292, 270.932633435292, 270.932633435292, 270.932633435292, 270.932633435292, 270.932633435292, 270.932633435292, 270.932633435292, 270.932633435292, 271.5578625893735, 271.5578625893735, 271.5578625893735, 271.5578625893735, 271.5578625893735, 271.5578625893735, 271.5578625893735, 271.5578625893735, 271.5578625893735, 271.5578625893735, 271.5578625893735, 271.5578625893735, 271.5578625893735, 271.5578625893735, 271.5578625893735, 271.5578625893735, 271.5578625893735, 271.5578625893735, 271.5578625893735, 271.52375988316516, 271.52375988316516, 271.56032107212474, 272.1489105198877, 272.1489105198877, 272.1489105198877, 272.1489105198877, 272.1489105198877, 272.1489105198877, 272.1489590625539, 272.1489590625539, 272.1647560905901, 272.1647560905901, 272.1647560905901, 272.1647560905901, 272.1647560905901, 272.1647560905901, 272.1647560905901, 272.1647560905901, 272.1647560905901, 272.1647560905901, 272.1647560905901, 272.1647560905901, 272.1647560905901, 271.9900516671553, 273.229617710545, 273.229617710545, 273.6517919239883, 273.6517919239883, 273.6517919239883, 273.6517919239883, 273.6517919239883, 273.6517919239883, 273.6517919239883, 273.6517919239883, 273.6517919239883, 273.6517919239883, 273.6517919239883, 273.6517919239883, 273.6517919239883, 273.6517919239883, 273.6517919239883, 273.7658399554267, 273.7658399554267, 273.7658399554267, 273.7658399554267, 273.7658399554267, 273.7658399554267, 273.7658399554267, 273.7658399554267, 273.7658399554267, 273.7658399554267, 273.7658399554267, 273.7658399554267, 273.7658399554267, 273.7658399554267, 273.7658399554267, 273.7658399554267, 273.7658399554267, 273.7658399554267, 273.7658399554267, 273.7658399554267, 273.7658399554267, 273.7658399554267, 273.7658399554267, 273.7658399554267, 273.7658399554267, 273.7658399554267, 273.7658399554267, 273.7658399554267, 273.7658399554267, 273.7658399554267, 273.7658399554267, 273.7658399554267, 273.7658399554267, 273.7658399554267, 273.7658399554267, 273.7658399554267, 273.7658399554267, 273.7658399554267, 273.7658399554267, 273.7658399554267, 273.7658399554267, 273.7658399554267, 273.7658399554267, 273.7658399554267, 273.7658399554267, 273.7658399554267, 273.7658399554267, 273.7658399554267, 273.7658399554267]
real values2: [70.87291263681897, 70.87291263681897, 74.39645309951365, 74.39645309951365, 104.94235514585168, 104.94235514585168, 115.89303989857751, 115.89303989857751, 115.89303989857751, 115.84971215281733, 115.84971215281733, 115.7011263657877, 115.7011263657877, 115.7011263657877, 115.7011263657877, 126.54810696258028, 126.54810696258028, 126.54810696258028, 126.54810696258028, 140.47332070699898, 140.47332070699898, 140.47332070699898, 140.47332070699898, 140.47332070699898, 169.6453235442572, 169.6453235442572, 169.7630134108543, 169.76315991800286, 169.76315991800286, 177.0387239144887, 177.0387239144887, 177.0387239144887, 177.0387239144887, 177.01219256852818, 177.01219256852818, 177.01219256852818, 177.01219256852818, 177.01219256852818, 184.28666623572798, 195.00066145126073, 200.0708686374089, 218.4402719620142, 218.4840095146678, 218.48415947256836, 218.48415947256836, 218.48415947256836, 218.48415947256836, 222.79602586303176, 222.79602586303176, 222.71369072961554, 222.90572204662698, 222.90572204662698, 227.22002634430362, 227.22002634430362, 227.22002634430362, 227.22002634430362, 227.22002634430362, 227.22002634430362, 227.22002634430362, 227.22002634430362, 227.22002634430362, 234.0180487904102, 236.97970049375797, 236.97970049375797, 236.97970049375797, 247.26157108719164, 247.26157108719164, 247.26157108719164, 247.26157108719164, 247.26157108719164, 247.26157108719164, 247.29150236782792, 247.2915877328432, 247.2915877328432, 249.639292679674, 249.639292679674, 249.639292679674, 249.639292679674, 249.701374028603, 249.701374028603, 251.92155342957037, 251.92155342957037, 251.92155342957037, 251.92155342957037, 251.92155342957037, 251.92155342957037, 251.92155342957037, 251.92155342957037, 251.99262285061005, 251.99262285061005, 251.99262285061005, 251.99262285061005, 251.99262285061005, 255.8172844905691, 255.8172844905691, 255.8172844905691, 255.8172844905691, 255.8172844905691, 255.8172844905691, 255.8172844905691, 255.8172844905691, 257.278715043385, 257.278715043385, 257.278715043385, 257.278715043385, 257.8111370764083, 257.8111370764083, 257.8111370764083, 257.8111370764083, 257.8111370764083, 262.8478946753689, 262.8478946753689, 262.8478946753689, 262.8478946753689, 262.86228534949936, 262.86228534949936, 262.86228534949936, 262.86228534949936, 262.8623317004328, 262.8623317004328, 262.8623317004328, 264.086751497645, 264.086751497645, 264.086751497645, 264.086751497645, 264.086751497645, 264.086751497645, 264.086751497645, 264.086751497645, 264.086751497645, 264.086751497645, 264.086751497645, 264.086751497645, 264.086751497645, 264.086751497645, 264.0868456679814, 264.0868456679814, 264.0868456679814, 264.05241047905423, 264.05241047905423, 264.12064798193416, 265.2767647780297, 265.2767647780297, 265.2767647780297, 265.2767647780297, 265.2767647780297, 265.2767647780297, 265.2767647780297, 265.2767647780297, 265.2767647780297, 265.2767647780297, 265.2767647780297, 265.2767647780297, 265.2767647780297, 265.2767647780297, 265.2767647780297, 265.2767647780297, 265.2767647780297, 265.2767647780297, 265.2767647780297, 265.2767647780297, 265.2767647780297, 265.2767647780297, 265.34531868355054, 265.34531868355054, 265.34531868355054, 265.34531868355054, 267.3740143878685, 267.3740143878685, 267.3740143878685, 267.3740143878685, 267.3740143878685, 267.3740143878685, 267.3740143878685, 268.1331936037439, 268.1331936037439, 268.1331936037439, 268.1331936037439, 268.1331936037439, 268.1331936037439, 268.1331936037439, 268.1331936037439, 268.1331936037439, 268.1331936037439, 268.1331936037439, 268.1331936037439, 268.1331936037439, 268.1331936037439, 268.1331936037439, 268.1331936037439, 268.1331936037439, 268.1331936037439, 268.1331936037439, 268.1331936037439, 268.1331936037439, 268.1331936037439, 268.1331936037439, 268.1331936037439, 268.1331936037439, 268.20323199259036, 268.20323199259036, 268.20323199259036, 268.20323199259036, 269.3206167153649, 269.3206167153649, 269.3206167153649, 269.3206167153649, 269.3206167153649, 269.3206167153649, 269.3206167153649, 269.3206167153649, 269.3206167153649, 269.3206167153649, 269.3206167153649, 269.3206167153649, 269.3206167153649, 269.3206167153649, 269.3206167153649, 269.3206167153649, 269.3206167153649, 269.3206167153649, 269.3206167153649, 269.3206167153649, 269.3206167153649, 270.9246906071209, 270.9246906071209, 270.9246906071209, 270.9246906071209, 270.9246906071209, 270.9246906071209, 270.9246906071209, 270.93260949875156, 270.93260949875156, 270.93260949875156, 270.9325853001598, 270.932633435292, 270.932633435292, 270.932633435292, 270.932633435292, 270.932633435292, 270.932633435292, 270.932633435292, 270.932633435292, 270.932633435292, 270.932633435292, 270.932633435292, 270.932633435292, 270.932633435292, 270.932633435292, 270.932633435292, 270.932633435292, 270.932633435292, 270.932633435292, 270.932633435292, 270.932633435292, 270.932633435292, 270.932633435292, 270.932633435292, 271.5578625893735, 271.5578625893735, 271.5578625893735, 271.5578625893735, 271.5578625893735, 271.5578625893735, 271.5578625893735, 271.5578625893735, 271.5578625893735, 271.5578625893735, 271.5578625893735, 271.5578625893735, 271.5578625893735, 271.5578625893735, 271.5578625893735, 271.5578625893735, 271.5578625893735, 271.5578625893735, 271.5578625893735, 271.52375988316516, 271.52375988316516, 271.56032107212474, 272.1489105198877, 272.1489105198877, 272.1489105198877, 272.1489105198877, 272.1489105198877, 272.1489105198877, 272.1489590625539, 272.1489590625539, 272.1647560905901, 272.1647560905901, 272.1647560905901, 272.1647560905901, 272.1647560905901, 272.1647560905901, 272.1647560905901, 272.1647560905901, 272.1647560905901, 272.1647560905901, 272.1647560905901, 272.1647560905901, 272.1647560905901, 271.9900516671553, 273.229617710545, 273.229617710545, 273.6517919239883, 273.6517919239883, 273.6517919239883, 273.6517919239883, 273.6517919239883, 273.6517919239883, 273.6517919239883, 273.6517919239883, 273.6517919239883, 273.6517919239883, 273.6517919239883, 273.6517919239883, 273.6517919239883, 273.6517919239883, 273.6517919239883, 273.7658399554267, 273.7658399554267, 273.7658399554267, 273.7658399554267, 273.7658399554267, 273.7658399554267, 273.7658399554267, 273.7658399554267, 273.7658399554267, 273.7658399554267, 273.7658399554267, 273.7658399554267, 273.7658399554267, 273.7658399554267, 273.7658399554267, 273.7658399554267, 273.7658399554267, 273.7658399554267, 273.7658399554267, 273.7658399554267, 273.7658399554267, 273.7658399554267, 273.7658399554267, 273.7658399554267, 273.7658399554267, 273.7658399554267, 273.7658399554267, 273.7658399554267, 273.7658399554267, 273.7658399554267, 273.7658399554267, 273.7658399554267, 273.7658399554267, 273.7658399554267, 273.7658399554267, 273.7658399554267, 273.7658399554267, 273.7658399554267, 273.7658399554267, 273.7658399554267, 273.7658399554267, 273.7658399554267, 273.7658399554267, 273.7658399554267, 273.7658399554267, 273.7658399554267, 273.7658399554267, 273.7658399554267, 273.7658399554267]
Done!
