('generated stochastic delays:', [array([ 2, 11,  5, ...,  2,  3,  1])])
('opt_fidel_cost:', 1.1)
Running Experiment1: 
('total budget:', 600)
Auto Init: 
C: 20.469600578508693
nu: 20.469600578508693
Budget Remaining: 591.986129999
Number of MFHOO Instances: 1
Budget per MFHOO Instance:590.886129999
Running SOO number: 1 rho: 0.95 nu: 20.469600578508693
delay_type: DHOO
policy: UCBV
[0.96875 0.28125 0.53125 0.96875 0.71875 0.0625  0.0625  0.9375 ]
final iterations:15848688
final HOO number of nodes:265
final HOO height:41
final duration:5952
final optimal value:270.325634 
time durations: [0.0013949871063232422, 4.010730981826782, 4.011816024780273, 4.013077020645142, 8.024357080459595, 8.025428056716919, 8.026932001113892, 8.05470609664917, 12.035433053970337, 12.067071914672852, 12.067866086959839, 12.077234029769897, 16.04104709625244, 16.083065032958984, 16.097806930541992, 16.098705053329468, 20.044790029525757, 20.120341062545776, 20.12116503715515, 24.141037940979004, 24.142434120178223, 24.143898963928223, 28.161518096923828, 28.16247296333313, 32.17544889450073, 32.177249908447266, 32.17882800102234, 36.18283796310425, 36.195266008377075, 40.200697898864746, 40.21332812309265, 40.21568012237549, 40.217365026474, 44.213587045669556, 44.23443293571472, 44.235541105270386, 44.237234115600586, 48.254252910614014, 48.25632691383362, 52.27242708206177, 56.27796912193298, 56.279947996139526, 60.294970989227295, 60.297415018081665, 64.31118202209473, 68.32361793518066, 68.32555294036865, 68.32812094688416, 72.35791802406311, 76.36675310134888, 76.36909699440002, 80.37937903404236, 80.38162112236023, 84.39511299133301, 88.39992594718933, 92.4132890701294, 92.41708898544312, 96.44951891899109, 96.45172905921936, 100.47921800613403, 104.49934911727905, 104.50168704986572, 104.50409293174744, 108.53915190696716, 108.5419089794159, 108.54430508613586, 112.55453395843506, 112.55737805366516, 112.57265496253967, 116.57910394668579, 116.5819160938263, 116.58476400375366, 120.60887503623962, 120.61196303367615, 124.64307403564453, 124.64647793769836, 128.68244791030884, 128.68507599830627, 132.72133803367615, 132.725084066391, 136.74447512626648, 140.76935601234436, 140.7727119922638, 144.7916660308838, 144.79464292526245, 148.82095408439636, 148.82422590255737, 152.85921502113342, 152.86345601081848, 156.88424110412598, 156.88845801353455, 160.9184489250183, 160.92184901237488, 160.92571592330933, 164.95294308662415, 164.95680809020996, 168.9710988998413, 172.99534702301025, 173.00031208992004, 177.02183890342712, 181.04942989349365, 181.05297303199768, 185.0843210220337, 185.0889220237732, 189.11137509346008, 189.1145420074463, 193.12428998947144, 193.12840604782104, 193.13262701034546, 197.1624870300293, 197.16692805290222, 201.18960094451904, 201.1939399242401, 205.21397805213928, 205.21916508674622, 209.2432849407196, 209.24737000465393, 213.2743170261383, 217.29658699035645, 217.30111002922058, 217.30562090873718, 221.32198309898376, 225.35538506507874, 225.36109399795532, 229.37694096565247, 229.38342690467834, 233.3980679512024, 233.40287399291992, 237.4270339012146, 237.43178391456604, 241.46462512016296, 241.47062993049622]
noisy values: [56.41319345295263, 59.962338364486115, 59.962338364486115, 59.962338364486115, 94.53204731537316, 94.53204731537316, 94.53204731537316, 95.60009694453339, 96.66212407998492, 97.62651047852438, 97.62651047852438, 97.62651047852438, 98.5428168452685, 99.41317470209057, 99.41317470209057, 99.41317470209057, 110.60967135566514, 111.47642773170037, 111.47642773170037, 113.20132717589838, 113.20132717589838, 113.20132717589838, 125.40059095431084, 125.40059095431084, 140.03868482892472, 140.03868482892472, 140.03868482892472, 170.1139732223834, 171.0028663818662, 171.9453791645765, 172.74806206132536, 172.74806206132536, 172.74806206132536, 173.51071965672332, 174.23514060043345, 174.23514060043345, 174.23514060043345, 182.936124035644, 182.936124035644, 183.1018645585988, 183.45900708031002, 183.45900708031002, 191.63802877583817, 191.63802877583817, 191.88154532820937, 203.70203021495547, 203.70203021495547, 203.70203021495547, 203.70203021495547, 203.70203021495547, 203.70203021495547, 218.16657917898266, 218.16657917898266, 228.67709306661632, 229.3368618944188, 229.9221472513379, 229.9223578673529, 235.02718530001417, 235.02718530001417, 235.02718530001417, 235.02718530001417, 235.02718530001417, 235.02718530001417, 235.58140954232496, 235.58140954232496, 235.58140954232496, 235.58140954232496, 235.58140954232496, 235.58140954232496, 235.6615454490732, 235.6615454490732, 235.6615454490732, 240.5428931428901, 240.5428931428901, 240.5428931428901, 240.5428931428901, 240.5428931428901, 240.5428931428901, 240.5428931428901, 240.5428931428901, 240.5428931428901, 240.95036520710192, 240.95036520710192, 240.95036520710192, 240.95036520710192, 241.1582354248393, 241.1582354248393, 241.1582354248393, 241.1582354248393, 241.1582354248393, 241.1582354248393, 248.24756271453694, 248.24756271453694, 248.24756271453694, 248.24756271453694, 248.24756271453694, 248.24756271453694, 248.24756271453694, 248.24756271453694, 252.99790042065075, 252.99790042065075, 252.99790042065075, 263.2239974195489, 263.2239974195489, 263.2239974195489, 263.2239974195489, 263.2239974195489, 263.2239974195489, 263.2239974195489, 263.71658571312804, 263.71658571312804, 263.71658571312804, 263.71658571312804, 263.71658571312804, 263.71658571312804, 264.15569116271797, 264.15569116271797, 267.0844086789591, 267.0844086789591, 267.0844086789591, 267.0844086789591, 267.48181381207365, 267.48181381207365, 267.48181381207365, 267.48181381207365, 267.4819523350087, 267.4819523350087, 267.4819523350087, 267.4819523350087, 267.4819523350087, 267.4819523350087, 267.5397997084835]
data points:
values: [70.87291263681897, 70.87291263681897, 74.39645309951365, 74.39645309951365, 115.89303989857751, 115.89303989857751, 115.89303989857751, 115.89303989857751, 115.89303989857751, 115.94985205077386, 115.94985205077386, 115.94985205077386, 115.94985205077386, 115.94997398170983, 115.94997398170983, 115.94997398170983, 115.94997398170983, 127.94479887636948, 127.94479887636948, 127.94479887636948, 128.0797035514305, 128.0797035514305, 140.08717575937712, 140.08717575937712, 155.52891428947217, 155.52891428947217, 155.52891428947217, 187.89183641203908, 187.89183641203908, 187.89183641203908, 187.99903709955328, 187.99903709955328, 187.99903709955328, 187.99903709955328, 187.99913853092542, 187.99913853092542, 187.99913853092542, 195.8788006786654, 196.0560184261831, 196.0560184261831, 196.05624446796506, 195.7462603783689, 203.7906272432334, 203.7906272432334, 203.7906272432334, 215.93500646806245, 215.93500646806245, 215.93500646806245, 215.93500646806245, 215.93500646806245, 215.93500646806245, 229.92197748219215, 229.92197748219215, 240.99884036520052, 240.99884036520052, 241.044747295157, 241.044642947439, 245.8021030056121, 245.8021030056121, 245.8021030056121, 245.8021030056121, 245.8021030056121, 245.8021030056121, 245.8021030056121, 245.8182436361714, 245.8182436361714, 245.8182436361714, 245.8182436361714, 245.8182436361714, 245.8182436361714, 245.90185471984728, 245.90185471984728, 250.45116518528062, 250.45116518528062, 250.45116518528062, 250.45116518528062, 250.45116518528062, 250.45116518528062, 250.45116518528062, 250.45116518528062, 250.45116518528062, 250.45116518528062, 250.35981220935975, 250.35981220935975, 250.35981220935975, 250.35981220935975, 250.57580026211227, 250.57580026211227, 250.57580026211227, 250.57580026211227, 250.57580026211227, 257.9419588765134, 257.9419588765134, 257.9419588765134, 257.9419588765134, 257.9419588765134, 257.9419588765134, 257.9419588765134, 257.9419588765134, 261.88071962871993, 261.88071962871993, 261.88071962871993, 272.4658576692156, 272.4658576692156, 272.4658576692156, 272.4658576692156, 272.4658576692156, 272.4658576692156, 272.4658576692156, 272.4658576692156, 272.49736616497734, 272.49736616497734, 272.49736616497734, 272.49736616497734, 272.49736616497734, 272.49736616497734, 272.49743071827373, 275.08429895886945, 275.08429895886945, 275.08429895886945, 275.08429895886945, 275.08429895886945, 275.08163966911917, 275.08163966911917, 275.08163966911917, 275.08177465599385, 275.08177465599385, 275.08177465599385, 275.08177465599385, 275.08177465599385, 275.08177465599385, 275.08177465599385]
real values1: [70.87291263681897, 74.39645309951365, 74.39645309951365, 74.39645309951365, 115.89303989857751, 115.89303989857751, 115.89303989857751, 115.89303989857751, 115.94985205077386, 115.94985205077386, 115.94985205077386, 115.94985205077386, 115.94997398170983, 115.94997398170983, 115.94997398170983, 115.94997398170983, 127.94479887636948, 127.94479887636948, 127.94479887636948, 128.0797035514305, 128.0797035514305, 128.0797035514305, 140.08717575937712, 140.08717575937712, 155.52891428947217, 155.52891428947217, 155.52891428947217, 187.89183641203908, 187.89183641203908, 187.99903709955328, 187.99903709955328, 187.99903709955328, 187.99903709955328, 187.99913853092542, 187.99913853092542, 187.99913853092542, 187.99913853092542, 196.0560184261831, 196.0560184261831, 196.05624446796506, 195.7462603783689, 195.7462603783689, 203.7906272432334, 203.7906272432334, 204.04958657340725, 215.93500646806245, 215.93500646806245, 215.93500646806245, 215.93500646806245, 215.93500646806245, 215.93500646806245, 229.92197748219215, 229.92197748219215, 240.99884036520052, 241.044747295157, 241.044642947439, 241.04484473488057, 245.8021030056121, 245.8021030056121, 245.8021030056121, 245.8021030056121, 245.8021030056121, 245.8021030056121, 245.8182436361714, 245.8182436361714, 245.8182436361714, 245.8182436361714, 245.8182436361714, 245.8182436361714, 245.90185471984728, 245.90185471984728, 245.90185471984728, 250.45116518528062, 250.45116518528062, 250.45116518528062, 250.45116518528062, 250.45116518528062, 250.45116518528062, 250.45116518528062, 250.45116518528062, 250.45116518528062, 250.35981220935975, 250.35981220935975, 250.35981220935975, 250.35981220935975, 250.57580026211227, 250.57580026211227, 250.57580026211227, 250.57580026211227, 250.57580026211227, 250.57580026211227, 257.9419588765134, 257.9419588765134, 257.9419588765134, 257.9419588765134, 257.9419588765134, 257.9419588765134, 257.9419588765134, 257.9419588765134, 261.88071962871993, 261.88071962871993, 261.88071962871993, 272.4658576692156, 272.4658576692156, 272.4658576692156, 272.4658576692156, 272.4658576692156, 272.4658576692156, 272.4658576692156, 272.49736616497734, 272.49736616497734, 272.49736616497734, 272.49736616497734, 272.49736616497734, 272.49736616497734, 272.49743071827373, 272.49743071827373, 275.08429895886945, 275.08429895886945, 275.08429895886945, 275.08429895886945, 275.08163966911917, 275.08163966911917, 275.08163966911917, 275.08177465599385, 275.08177465599385, 275.08177465599385, 275.08177465599385, 275.08177465599385, 275.08177465599385, 275.08177465599385, 275.14126947057247]
real values2: [70.87291263681897, 74.39645309951365, 74.39645309951365, 74.39645309951365, 115.89303989857751, 115.89303989857751, 115.89303989857751, 115.89303989857751, 115.94985205077386, 115.94985205077386, 115.94985205077386, 115.94985205077386, 115.94997398170983, 115.94997398170983, 115.94997398170983, 115.94997398170983, 127.94479887636948, 127.94479887636948, 127.94479887636948, 128.0797035514305, 128.0797035514305, 128.0797035514305, 140.08717575937712, 140.08717575937712, 155.52891428947217, 155.52891428947217, 155.52891428947217, 187.89183641203908, 187.89183641203908, 187.99903709955328, 187.99903709955328, 187.99903709955328, 187.99903709955328, 187.99913853092542, 187.99913853092542, 187.99913853092542, 187.99913853092542, 196.0560184261831, 196.0560184261831, 196.05624446796506, 195.7462603783689, 195.7462603783689, 203.7906272432334, 203.7906272432334, 204.04958657340725, 215.93500646806245, 215.93500646806245, 215.93500646806245, 215.93500646806245, 215.93500646806245, 215.93500646806245, 229.92197748219215, 229.92197748219215, 240.99884036520052, 241.044747295157, 241.044642947439, 241.04484473488057, 245.8021030056121, 245.8021030056121, 245.8021030056121, 245.8021030056121, 245.8021030056121, 245.8021030056121, 245.8182436361714, 245.8182436361714, 245.8182436361714, 245.8182436361714, 245.8182436361714, 245.8182436361714, 245.90185471984728, 245.90185471984728, 245.90185471984728, 250.45116518528062, 250.45116518528062, 250.45116518528062, 250.45116518528062, 250.45116518528062, 250.45116518528062, 250.45116518528062, 250.45116518528062, 250.45116518528062, 250.35981220935975, 250.35981220935975, 250.35981220935975, 250.35981220935975, 250.57580026211227, 250.57580026211227, 250.57580026211227, 250.57580026211227, 250.57580026211227, 250.57580026211227, 257.9419588765134, 257.9419588765134, 257.9419588765134, 257.9419588765134, 257.9419588765134, 257.9419588765134, 257.9419588765134, 257.9419588765134, 261.88071962871993, 261.88071962871993, 261.88071962871993, 272.4658576692156, 272.4658576692156, 272.4658576692156, 272.4658576692156, 272.4658576692156, 272.4658576692156, 272.4658576692156, 272.49736616497734, 272.49736616497734, 272.49736616497734, 272.49736616497734, 272.49736616497734, 272.49736616497734, 272.49743071827373, 272.49743071827373, 275.08429895886945, 275.08429895886945, 275.08429895886945, 275.08429895886945, 275.08163966911917, 275.08163966911917, 275.08163966911917, 275.08177465599385, 275.08177465599385, 275.08177465599385, 275.08177465599385, 275.08177465599385, 275.08177465599385, 275.08177465599385, 275.14126947057247]
Done!
