('generated stochastic delays:', [array([ 2, 11,  5, ...,  2,  3,  1])])
('opt_fidel_cost:', 1.1)
Running Experiment1: 
('total budget:', 600)
Auto Init: 
C: 20.469600578508693
nu: 20.469600578508693
Budget Remaining: 591.990483999
Number of MFHOO Instances: 1
Budget per MFHOO Instance:590.890483999
Running SOO number: 1 rho: 0.95 nu: 20.469600578508693
delay_type: DHOO
policy: UCBV
[0.984375 0.015625 0.359375 0.984375 0.734375 0.03125  0.03125  0.96875 ]
final iterations:61553913
final HOO number of nodes:576
final HOO height:42
final duration:590
final optimal value:284.550618 
time durations: [0.0010139942169189453, 4.004289865493774, 8.009943962097168, 12.01445484161377, 16.016941785812378, 16.017799854278564, 20.026065826416016, 20.026968002319336, 24.0339298248291, 28.038349866867065, 32.044235944747925, 32.04495882987976, 36.051302909851074, 40.058926820755005, 40.059818983078, 44.066001892089844, 44.06709384918213, 48.07462477684021, 48.076271772384644, 52.07935976982117, 52.080068826675415, 52.08096694946289, 56.088085889816284, 56.08871388435364, 56.089786767959595, 60.093425989151, 60.09429478645325, 60.095149993896484, 64.10556292533875, 64.10664677619934, 68.11606287956238, 72.12079787254333, 72.12168383598328, 76.12737679481506, 80.12856578826904, 80.1295759677887, 84.13777780532837, 88.14293694496155, 88.14380884170532, 92.15377497673035, 92.15525078773499, 96.16226387023926, 96.1639358997345, 100.17386293411255, 100.17550587654114, 104.1812047958374, 108.18648982048035, 108.18819689750671, 112.19403982162476, 112.19547486305237, 116.20869278907776, 120.2135648727417, 120.21494388580322, 124.22126388549805, 124.2229859828949, 128.240464925766, 128.2422149181366, 132.2508819103241, 132.25264978408813, 136.25662994384766, 136.25836777687073, 140.26414895057678, 144.26794695854187, 144.2689299583435, 148.28150391578674, 148.28285884857178, 152.29819893836975, 152.301207780838, 156.30886387825012, 160.3158528804779, 160.31796598434448, 164.32472777366638, 164.32679986953735, 168.33390593528748, 168.3358609676361, 172.34363389015198, 176.34895181655884, 176.35151386260986, 176.35368394851685, 180.37497687339783, 180.37681698799133, 184.39559388160706, 184.397136926651, 188.4167778491974, 188.41913199424744, 192.42412281036377, 192.42659497261047, 196.43424487113953, 196.43697595596313, 200.4448549747467, 200.44673776626587, 200.44884085655212, 204.45938897132874, 204.4614977836609, 208.47152876853943, 208.4740858078003, 212.48850297927856, 212.49034190177917, 216.49880981445312, 216.50090384483337, 220.51023387908936, 220.51293897628784, 224.5259039402008, 224.52976393699646, 228.5419318675995, 228.54396200180054, 232.55154180526733, 232.55469799041748, 232.55748391151428, 236.56607294082642, 236.56913876533508, 240.57646799087524, 240.5794107913971, 244.5844497680664, 244.58688879013062, 248.59529280662537, 248.59824585914612, 252.6023998260498, 252.60467386245728, 256.6147208213806, 256.6171360015869, 260.63953590393066, 260.64266896247864, 264.6698319911957, 264.6732358932495, 268.68656277656555, 268.6896719932556, 272.698273897171, 272.70103096961975, 276.71661281585693, 276.7186088562012, 280.73073387145996, 280.7330148220062, 280.73551177978516, 284.7502689361572, 284.7533779144287, 288.76203298568726, 288.7644488811493, 288.7669367790222, 292.7738618850708, 292.7768259048462, 296.78391885757446, 296.78782296180725, 300.80002880096436, 300.8034598827362, 304.8141088485718, 308.8200888633728, 308.823609828949, 312.8322768211365, 312.83507800102234, 316.8454439640045, 316.8489098548889, 320.8628468513489, 320.8659288883209, 324.87191677093506, 324.87590289115906, 324.87923288345337, 328.8943119049072, 328.8977129459381, 328.9009268283844, 332.9170079231262, 332.9203269481659, 336.9378218650818, 340.94651794433594, 340.95010781288147, 340.9535207748413, 344.9641327857971, 344.96774888038635, 348.978147983551, 348.9811999797821, 348.9841117858887, 352.995080947876, 352.99996280670166, 353.00354290008545, 357.02448081970215, 357.02748584747314, 357.0307779312134, 361.03952980041504, 361.043447971344, 365.0487849712372, 365.05314087867737, 369.0582537651062, 369.0620708465576, 373.06746792793274, 373.0710208415985, 377.0834119319916, 377.0873599052429, 381.1064667701721, 381.1102488040924, 385.1189007759094, 385.1229898929596, 389.13482880592346, 393.14932084083557, 393.1536009311676, 397.1725449562073, 397.1767439842224, 401.18794798851013, 401.19185185432434, 405.21586084365845, 405.21949791908264, 409.235741853714, 409.24013590812683, 413.2509548664093, 413.2561159133911, 417.26934790611267, 417.27380180358887, 421.28210377693176, 421.28899478912354, 421.29317593574524, 425.30176997184753, 429.3091068267822, 429.31273579597473, 433.31827998161316, 433.32350492477417, 437.3336329460144, 437.3389129638672, 441.35506892204285, 441.35924077033997, 445.36901092529297, 445.37376379966736, 449.3816909790039, 453.3891398906708, 453.39253783226013, 453.3977777957916, 457.4168977737427, 457.4292058944702, 461.4398548603058, 465.4503879547119, 465.4590699672699, 469.4747748374939, 469.48035192489624, 473.4904398918152, 477.4998769760132, 477.505108833313, 481.5209457874298, 481.5269777774811, 485.536495923996, 489.5440788269043, 489.54865980148315, 493.5626709461212, 493.56784081459045, 497.5811879634857, 497.5893359184265, 501.6007778644562, 501.60663390159607, 505.6375398635864, 509.6442699432373, 509.6496698856354, 513.6650919914246, 513.6713988780975, 517.6965699195862, 517.7024388313293, 521.7252938747406, 521.7320399284363, 521.738734960556, 525.7523889541626, 525.7595639228821, 529.7734379768372, 529.7786829471588, 533.7957417964935, 533.8000619411469, 537.8268158435822, 537.8313038349152, 541.8424899578094, 541.8475878238678, 545.8606989383698, 545.8662288188934, 549.8837938308716, 549.8893039226532, 553.8999018669128, 553.9063768386841, 553.9124917984009, 557.9322187900543, 557.9376418590546, 561.9491829872131, 561.9575088024139, 565.9721279144287, 565.9777917861938, 569.9983549118042, 570.0041799545288, 574.0124099254608, 574.0184710025787, 578.0339357852936, 578.0401089191437, 582.05388879776, 582.0601868629456, 586.0661959648132, 586.0741729736328, 590.079253911972, 590.0851747989655]
noisy values: [56.41319345295263, 59.962338364486115, 85.59978474516566, 86.54438723363134, 87.46304735236639, 87.46304735236639, 97.47382442778257, 97.47382442778257, 97.5421775023946, 97.5421775023946, 97.5421775023946, 97.5421775023946, 107.72559663853852, 107.72559663853852, 107.72559663853852, 107.72559663853852, 107.72559663853852, 108.5825395148214, 108.85119185048819, 108.85119185048819, 108.85119185048819, 108.85119185048819, 120.10753303186345, 120.10753303186345, 120.10753303186345, 135.50955384889335, 135.50955384889335, 135.50955384889335, 166.06459939056623, 166.06459939056623, 167.25136374360616, 168.2884836002685, 168.2884836002685, 176.5285703527091, 176.5285703527091, 176.5285703527091, 176.52901916034617, 177.39639564977585, 177.39639564977585, 185.65170124422536, 185.65170124422536, 185.86562518787724, 185.86562518787724, 185.86562518787724, 185.86562518787724, 185.86562518787724, 185.86562518787724, 185.86562518787724, 185.86562518787724, 185.86562518787724, 185.86608900937097, 197.6734402009832, 197.6734402009832, 197.6734402009832, 197.6734402009832, 197.6734402009832, 197.6734402009832, 203.92387832352244, 203.92387832352244, 203.92387832352244, 203.92387832352244, 203.92387832352244, 224.49287337824586, 224.49287337824586, 225.49269146164045, 225.49269146164045, 226.29049291242242, 226.29049291242242, 226.29049291242242, 231.26680494064573, 231.26680494064573, 232.08999113537675, 232.08999113537675, 232.08999113537675, 232.08999113537675, 232.08999113537675, 232.08999113537675, 232.08999113537675, 232.08999113537675, 232.0902701337658, 232.0902701337658, 232.34497101146496, 232.34497101146496, 237.5531282919861, 237.5531282919861, 237.5531282919861, 237.5531282919861, 245.3716686049745, 245.3716686049745, 245.3716686049745, 245.3716686049745, 245.3716686049745, 248.67523615358468, 248.67523615358468, 248.67523615358468, 248.67523615358468, 248.67523615358468, 248.67523615358468, 248.8634538844963, 248.8634538844963, 248.8634538844963, 248.8634538844963, 248.8634538844963, 248.8634538844963, 248.8634538844963, 248.8634538844963, 248.8634538844963, 248.8634538844963, 248.8634538844963, 248.8634538844963, 248.8634538844963, 248.8634538844963, 248.8634538844963, 248.8634538844963, 248.8634538844963, 260.1442611816696, 260.1442611816696, 260.1442611816696, 260.1442611816696, 260.1442611816696, 260.1442611816696, 260.1442611816696, 260.1442611816696, 260.3486788376421, 260.3486788376421, 260.3486788376421, 260.3486788376421, 261.1699761538033, 261.1699761538033, 261.7687229613685, 261.7687229613685, 261.7687229613685, 261.7687229613685, 261.7687229613685, 261.7687229613685, 261.7687229613685, 261.7687229613685, 261.7687229613685, 261.7687229613685, 261.7687229613685, 261.7687229613685, 264.51806462014315, 264.51806462014315, 264.8280072859286, 264.8280072859286, 264.8280072859286, 264.8280072859286, 264.8280072859286, 265.11262412751466, 265.11262412751466, 268.12836647324235, 268.12836647324235, 268.4374592513095, 268.4374592513095, 268.4374592513095, 268.4374592513095, 268.4374592513095, 268.4374592513095, 268.4374592513095, 268.4374592513095, 268.4374592513095, 268.4374592513095, 268.4374592513095, 268.4374592513095, 268.4374592513095, 268.4374592513095, 272.7098142671395, 272.7098142671395, 272.7098142671395, 272.7098142671395, 272.7098142671395, 274.63341044265104, 274.63341044265104, 274.63341044265104, 274.63341044265104, 274.63341044265104, 274.63341044265104, 274.63341044265104, 274.74065385534556, 274.74065385534556, 274.74065385534556, 274.74065385534556, 274.74065385534556, 274.74065385534556, 274.74065385534556, 277.8440155372985, 277.8440155372985, 277.8440155372985, 277.8440155372985, 277.8440155372985, 277.8440155372985, 277.8440155372985, 277.8440155372985, 277.8440155372985, 277.8440155372985, 277.8440155372985, 277.8440155372985, 277.8440155372985, 277.8440155372985, 277.8440155372985, 277.8440155372985, 277.8440155372985, 277.8440155372985, 277.8440155372985, 277.8440155372985, 277.8440155372985, 277.8440155372985, 277.8440155372985, 277.8440155372985, 277.8440155372985, 277.8440155372985, 277.8440155372985, 277.8440155372985, 277.8440155372985, 277.8440155372985, 277.8440155372985, 277.8440155372985, 277.8440155372985, 277.8440155372985, 277.8440155372985, 277.8440155372985, 277.8440155372985, 277.8440155372985, 277.8440155372985, 277.8440155372985, 277.8440155372985, 277.8440155372985, 277.8440155372985, 277.8440155372985, 277.8440155372985, 277.8440155372985, 277.8440155372985, 277.8440155372985, 277.8440155372985, 281.2554374546675, 281.2554374546675, 281.90963900889375, 281.90963900889375, 281.90963900889375, 281.90963900889375, 281.90963900889375, 281.90963900889375, 281.90963900889375, 281.90963900889375, 281.90963900889375, 281.90963900889375, 281.90963900889375, 281.90963900889375, 281.90963900889375, 281.90963900889375, 281.90963900889375, 281.90963900889375, 281.90963900889375, 281.90963900889375, 281.90963900889375, 281.90963900889375, 281.90963900889375, 281.90963900889375, 281.90963900889375, 281.90963900889375, 281.90963900889375, 281.90963900889375, 281.90963900889375, 282.0989367927081, 282.0990194867819, 282.0990194867819, 282.0990194867819, 282.0990194867819, 282.0990194867819, 282.0990194867819, 282.0990194867819, 282.0990194867819, 282.4261822449534, 282.4261822449534, 284.1449212945583, 284.1449212945583, 284.55061813187825, 284.55061813187825, 284.55061813187825, 284.55061813187825, 284.55061813187825, 284.55061813187825, 284.55061813187825, 284.55061813187825, 284.55061813187825, 284.55061813187825, 284.55061813187825, 284.55061813187825, 284.55061813187825, 284.55061813187825]
data points:
values: [70.87291263681897, 70.87291263681897, 104.94235514585168, 104.94235514585168, 104.91505875640752, 104.9151680585975, 104.9151680585975, 115.76846130603862, 115.76846130603862, 115.84971215281733, 115.84971215281733, 115.84971215281733, 115.84971215281733, 127.9444834139051, 127.9444834139051, 127.9444834139051, 127.9444834139051, 127.9444834139051, 128.07938742337058, 128.07938742337058, 128.07938742337058, 128.07938742337058, 128.07938742337058, 140.08682999431156, 140.08682999431156, 155.5284880962732, 155.5284880962732, 155.5284880962732, 187.89121954521187, 187.89121954521187, 187.89121954521187, 187.99845657252325, 187.99824301671651, 187.99824301671651, 196.0553105745758, 196.0553105745758, 196.0553105745758, 196.05572065537834, 195.9353749775349, 195.9353749775349, 203.98751367524181, 203.98751367524181, 204.22264846624844, 204.22264846624844, 204.22264846624844, 204.22264846624844, 204.22264846624844, 204.22264846624844, 204.22264846624844, 204.22264846624844, 204.22264846624844, 216.12930469708937, 216.12930469708937, 216.12930469708937, 216.12930469708937, 216.12930469708937, 216.12930469708937, 216.12930469708937, 220.95197285875054, 220.95197285875054, 220.95197285875054, 220.95197285875054, 241.27423579205828, 241.27423579205828, 241.27423579205828, 241.44633161976432, 241.44633161976432, 241.44644435288174, 241.44644435288174, 241.44644435288174, 245.93254451126526, 245.93254451126526, 246.0278426608865, 246.0278426608865, 246.0278426608865, 246.0278426608865, 246.0278426608865, 246.0278426608865, 246.0278426608865, 246.0278426608865, 246.028107436748, 246.028107436748, 246.29806790341146, 246.29806790341146, 251.0651272821872, 251.0651272821872, 251.0651272821872, 258.59298509798856, 258.59298509798856, 258.59298509798856, 258.59298509798856, 258.59298509798856, 258.59298509798856, 261.37039320364147, 261.37039320364147, 261.37039320364147, 261.37039320364147, 261.37039320364147, 261.37039320364147, 261.56819356350223, 261.56819356350223, 261.56819356350223, 261.56819356350223, 261.56819356350223, 261.56819356350223, 261.56819356350223, 261.56819356350223, 261.56819356350223, 261.56819356350223, 261.56819356350223, 261.56819356350223, 261.56819356350223, 261.56819356350223, 261.56819356350223, 261.56819356350223, 272.7287562390095, 272.7287562390095, 272.7287562390095, 272.7287562390095, 272.7287562390095, 272.7287562390095, 272.7287562390095, 272.7287562390095, 272.7287562390095, 272.94309001382356, 272.94309001382356, 272.94309001382356, 272.94309001382356, 273.14342757469655, 273.14342757469655, 273.14349899126904, 273.14349899126904, 273.14349899126904, 273.14349899126904, 273.14349899126904, 273.14349899126904, 273.14349899126904, 273.14349899126904, 273.14349899126904, 273.14349899126904, 273.14349899126904, 273.14349899126904, 275.41395519475884, 275.41395519475884, 275.7366334753633, 275.7366334753633, 275.7366334753633, 275.7366334753633, 275.7366334753633, 275.4656636246938, 275.4656636246938, 278.05624980298245, 278.05624980298245, 278.37675874800624, 278.37675874800624, 278.37675874800624, 278.37675874800624, 278.37675874800624, 278.37675874800624, 278.37675874800624, 278.37675874800624, 278.37675874800624, 278.37675874800624, 278.37675874800624, 278.37675874800624, 278.37675874800624, 282.28474656191156, 282.28474656191156, 282.28474656191156, 282.28474656191156, 282.28474656191156, 282.28474656191156, 283.77770580957616, 283.77770580957616, 283.77770580957616, 283.77770580957616, 283.77770580957616, 283.77770580957616, 283.77770580957616, 283.88850898043563, 283.88850898043563, 283.88850898043563, 283.88850898043563, 283.88850898043563, 283.88850898043563, 286.61804775802136, 286.61804775802136, 286.61804775802136, 286.61804775802136, 286.61804775802136, 286.61804775802136, 286.61804775802136, 286.61804775802136, 286.61804775802136, 286.61804775802136, 286.61804775802136, 286.61804775802136, 286.61804775802136, 286.61804775802136, 286.61804775802136, 286.61804775802136, 286.61804775802136, 286.61804775802136, 286.61804775802136, 286.61804775802136, 286.61804775802136, 286.61804775802136, 286.61804775802136, 286.61804775802136, 286.61804775802136, 286.61804775802136, 286.61804775802136, 286.61804775802136, 286.61804775802136, 286.61804775802136, 286.61804775802136, 286.61804775802136, 286.61804775802136, 286.61804775802136, 286.61804775802136, 286.61804775802136, 286.61804775802136, 286.61804775802136, 286.61804775802136, 286.61804775802136, 286.61804775802136, 286.61804775802136, 286.61804775802136, 286.61804775802136, 286.61804775802136, 286.61804775802136, 286.61804775802136, 286.61804775802136, 286.61804775802136, 290.13717440942196, 290.13717440942196, 290.13717440942196, 290.35356692504394, 290.35356692504394, 290.35356692504394, 290.35356692504394, 290.35356692504394, 290.35356692504394, 290.35356692504394, 290.35356692504394, 290.35356692504394, 290.35356692504394, 290.35356692504394, 290.35356692504394, 290.35356692504394, 290.35356692504394, 290.35356692504394, 290.35356692504394, 290.35356692504394, 290.35356692504394, 290.35356692504394, 290.35356692504394, 290.35356692504394, 290.35356692504394, 290.35356692504394, 290.35356692504394, 290.35356692504394, 290.35356692504394, 290.35356692504394, 290.1140680196744, 290.11414860282383, 290.11414860282383, 290.11414860282383, 290.11414860282383, 290.11414860282383, 290.11414860282383, 290.11414860282383, 290.11414860282383, 290.45058413709205, 290.45058413709205, 291.80361480853816, 291.80361480853816, 291.8269590433168, 291.8269590433168, 291.8269590433168, 291.8269590433168, 291.8269590433168, 291.8269590433168, 291.8269590433168, 291.8269590433168, 291.8269590433168, 291.8269590433168, 291.8269590433168, 291.8269590433168, 291.8269590433168]
real values1: [70.87291263681897, 74.39645309951365, 104.94235514585168, 104.91505875640752, 104.9151680585975, 104.9151680585975, 115.76846130603862, 115.76846130603862, 115.84971215281733, 115.84971215281733, 115.84971215281733, 115.84971215281733, 127.9444834139051, 127.9444834139051, 127.9444834139051, 127.9444834139051, 127.9444834139051, 128.07938742337058, 128.07938742337058, 128.07938742337058, 128.07938742337058, 128.07938742337058, 140.08682999431156, 140.08682999431156, 140.08682999431156, 155.5284880962732, 155.5284880962732, 155.5284880962732, 187.89121954521187, 187.89121954521187, 187.99845657252325, 187.99824301671651, 187.99824301671651, 196.0553105745758, 196.0553105745758, 196.0553105745758, 196.05572065537834, 195.9353749775349, 195.9353749775349, 203.98751367524181, 203.98751367524181, 204.22264846624844, 204.22264846624844, 204.22264846624844, 204.22264846624844, 204.22264846624844, 204.22264846624844, 204.22264846624844, 204.22264846624844, 204.22264846624844, 204.22307586110767, 216.12930469708937, 216.12930469708937, 216.12930469708937, 216.12930469708937, 216.12930469708937, 216.12930469708937, 220.95197285875054, 220.95197285875054, 220.95197285875054, 220.95197285875054, 220.95197285875054, 241.27423579205828, 241.27423579205828, 241.44633161976432, 241.44633161976432, 241.44644435288174, 241.44644435288174, 241.44644435288174, 245.93254451126526, 245.93254451126526, 246.0278426608865, 246.0278426608865, 246.0278426608865, 246.0278426608865, 246.0278426608865, 246.0278426608865, 246.0278426608865, 246.0278426608865, 246.028107436748, 246.028107436748, 246.29806790341146, 246.29806790341146, 251.0651272821872, 251.0651272821872, 251.0651272821872, 251.0651272821872, 258.59298509798856, 258.59298509798856, 258.59298509798856, 258.59298509798856, 258.59298509798856, 261.37039320364147, 261.37039320364147, 261.37039320364147, 261.37039320364147, 261.37039320364147, 261.37039320364147, 261.56819356350223, 261.56819356350223, 261.56819356350223, 261.56819356350223, 261.56819356350223, 261.56819356350223, 261.56819356350223, 261.56819356350223, 261.56819356350223, 261.56819356350223, 261.56819356350223, 261.56819356350223, 261.56819356350223, 261.56819356350223, 261.56819356350223, 261.56819356350223, 261.56819356350223, 272.7287562390095, 272.7287562390095, 272.7287562390095, 272.7287562390095, 272.7287562390095, 272.7287562390095, 272.7287562390095, 272.7287562390095, 272.94309001382356, 272.94309001382356, 272.94309001382356, 272.94309001382356, 273.14342757469655, 273.14342757469655, 273.14349899126904, 273.14349899126904, 273.14349899126904, 273.14349899126904, 273.14349899126904, 273.14349899126904, 273.14349899126904, 273.14349899126904, 273.14349899126904, 273.14349899126904, 273.14349899126904, 273.14349899126904, 275.41395519475884, 275.41395519475884, 275.7366334753633, 275.7366334753633, 275.7366334753633, 275.7366334753633, 275.7366334753633, 275.4656636246938, 275.4656636246938, 278.05624980298245, 278.05624980298245, 278.37675874800624, 278.37675874800624, 278.37675874800624, 278.37675874800624, 278.37675874800624, 278.37675874800624, 278.37675874800624, 278.37675874800624, 278.37675874800624, 278.37675874800624, 278.37675874800624, 278.37675874800624, 278.37675874800624, 278.37675874800624, 282.28474656191156, 282.28474656191156, 282.28474656191156, 282.28474656191156, 282.28474656191156, 283.77770580957616, 283.77770580957616, 283.77770580957616, 283.77770580957616, 283.77770580957616, 283.77770580957616, 283.77770580957616, 283.88850898043563, 283.88850898043563, 283.88850898043563, 283.88850898043563, 283.88850898043563, 283.88850898043563, 283.88850898043563, 286.61804775802136, 286.61804775802136, 286.61804775802136, 286.61804775802136, 286.61804775802136, 286.61804775802136, 286.61804775802136, 286.61804775802136, 286.61804775802136, 286.61804775802136, 286.61804775802136, 286.61804775802136, 286.61804775802136, 286.61804775802136, 286.61804775802136, 286.61804775802136, 286.61804775802136, 286.61804775802136, 286.61804775802136, 286.61804775802136, 286.61804775802136, 286.61804775802136, 286.61804775802136, 286.61804775802136, 286.61804775802136, 286.61804775802136, 286.61804775802136, 286.61804775802136, 286.61804775802136, 286.61804775802136, 286.61804775802136, 286.61804775802136, 286.61804775802136, 286.61804775802136, 286.61804775802136, 286.61804775802136, 286.61804775802136, 286.61804775802136, 286.61804775802136, 286.61804775802136, 286.61804775802136, 286.61804775802136, 286.61804775802136, 286.61804775802136, 286.61804775802136, 286.61804775802136, 286.61804775802136, 286.61804775802136, 286.61804775802136, 290.13717440942196, 290.13717440942196, 290.35356692504394, 290.35356692504394, 290.35356692504394, 290.35356692504394, 290.35356692504394, 290.35356692504394, 290.35356692504394, 290.35356692504394, 290.35356692504394, 290.35356692504394, 290.35356692504394, 290.35356692504394, 290.35356692504394, 290.35356692504394, 290.35356692504394, 290.35356692504394, 290.35356692504394, 290.35356692504394, 290.35356692504394, 290.35356692504394, 290.35356692504394, 290.35356692504394, 290.35356692504394, 290.35356692504394, 290.35356692504394, 290.35356692504394, 290.35356692504394, 290.1140680196744, 290.11414860282383, 290.11414860282383, 290.11414860282383, 290.11414860282383, 290.11414860282383, 290.11414860282383, 290.11414860282383, 290.11414860282383, 290.45058413709205, 290.45058413709205, 291.80361480853816, 291.80361480853816, 291.8269590433168, 291.8269590433168, 291.8269590433168, 291.8269590433168, 291.8269590433168, 291.8269590433168, 291.8269590433168, 291.8269590433168, 291.8269590433168, 291.8269590433168, 291.8269590433168, 291.8269590433168, 291.8269590433168, 291.8269590433168]
real values2: [70.87291263681897, 74.39645309951365, 104.94235514585168, 104.91505875640752, 104.9151680585975, 104.9151680585975, 115.76846130603862, 115.76846130603862, 115.84971215281733, 115.84971215281733, 115.84971215281733, 115.84971215281733, 127.9444834139051, 127.9444834139051, 127.9444834139051, 127.9444834139051, 127.9444834139051, 128.07938742337058, 128.07938742337058, 128.07938742337058, 128.07938742337058, 128.07938742337058, 140.08682999431156, 140.08682999431156, 140.08682999431156, 155.5284880962732, 155.5284880962732, 155.5284880962732, 187.89121954521187, 187.89121954521187, 187.99845657252325, 187.99824301671651, 187.99824301671651, 196.0553105745758, 196.0553105745758, 196.0553105745758, 196.05572065537834, 195.9353749775349, 195.9353749775349, 203.98751367524181, 203.98751367524181, 204.22264846624844, 204.22264846624844, 204.22264846624844, 204.22264846624844, 204.22264846624844, 204.22264846624844, 204.22264846624844, 204.22264846624844, 204.22264846624844, 204.22307586110767, 216.12930469708937, 216.12930469708937, 216.12930469708937, 216.12930469708937, 216.12930469708937, 216.12930469708937, 220.95197285875054, 220.95197285875054, 220.95197285875054, 220.95197285875054, 220.95197285875054, 241.27423579205828, 241.27423579205828, 241.44633161976432, 241.44633161976432, 241.44644435288174, 241.44644435288174, 241.44644435288174, 245.93254451126526, 245.93254451126526, 246.0278426608865, 246.0278426608865, 246.0278426608865, 246.0278426608865, 246.0278426608865, 246.0278426608865, 246.0278426608865, 246.0278426608865, 246.028107436748, 246.028107436748, 246.29806790341146, 246.29806790341146, 251.0651272821872, 251.0651272821872, 251.0651272821872, 251.0651272821872, 258.59298509798856, 258.59298509798856, 258.59298509798856, 258.59298509798856, 258.59298509798856, 261.37039320364147, 261.37039320364147, 261.37039320364147, 261.37039320364147, 261.37039320364147, 261.37039320364147, 261.56819356350223, 261.56819356350223, 261.56819356350223, 261.56819356350223, 261.56819356350223, 261.56819356350223, 261.56819356350223, 261.56819356350223, 261.56819356350223, 261.56819356350223, 261.56819356350223, 261.56819356350223, 261.56819356350223, 261.56819356350223, 261.56819356350223, 261.56819356350223, 261.56819356350223, 272.7287562390095, 272.7287562390095, 272.7287562390095, 272.7287562390095, 272.7287562390095, 272.7287562390095, 272.7287562390095, 272.7287562390095, 272.94309001382356, 272.94309001382356, 272.94309001382356, 272.94309001382356, 273.14342757469655, 273.14342757469655, 273.14349899126904, 273.14349899126904, 273.14349899126904, 273.14349899126904, 273.14349899126904, 273.14349899126904, 273.14349899126904, 273.14349899126904, 273.14349899126904, 273.14349899126904, 273.14349899126904, 273.14349899126904, 275.41395519475884, 275.41395519475884, 275.7366334753633, 275.7366334753633, 275.7366334753633, 275.7366334753633, 275.7366334753633, 275.4656636246938, 275.4656636246938, 278.05624980298245, 278.05624980298245, 278.37675874800624, 278.37675874800624, 278.37675874800624, 278.37675874800624, 278.37675874800624, 278.37675874800624, 278.37675874800624, 278.37675874800624, 278.37675874800624, 278.37675874800624, 278.37675874800624, 278.37675874800624, 278.37675874800624, 278.37675874800624, 282.28474656191156, 282.28474656191156, 282.28474656191156, 282.28474656191156, 282.28474656191156, 283.77770580957616, 283.77770580957616, 283.77770580957616, 283.77770580957616, 283.77770580957616, 283.77770580957616, 283.77770580957616, 283.88850898043563, 283.88850898043563, 283.88850898043563, 283.88850898043563, 283.88850898043563, 283.88850898043563, 283.88850898043563, 286.61804775802136, 286.61804775802136, 286.61804775802136, 286.61804775802136, 286.61804775802136, 286.61804775802136, 286.61804775802136, 286.61804775802136, 286.61804775802136, 286.61804775802136, 286.61804775802136, 286.61804775802136, 286.61804775802136, 286.61804775802136, 286.61804775802136, 286.61804775802136, 286.61804775802136, 286.61804775802136, 286.61804775802136, 286.61804775802136, 286.61804775802136, 286.61804775802136, 286.61804775802136, 286.61804775802136, 286.61804775802136, 286.61804775802136, 286.61804775802136, 286.61804775802136, 286.61804775802136, 286.61804775802136, 286.61804775802136, 286.61804775802136, 286.61804775802136, 286.61804775802136, 286.61804775802136, 286.61804775802136, 286.61804775802136, 286.61804775802136, 286.61804775802136, 286.61804775802136, 286.61804775802136, 286.61804775802136, 286.61804775802136, 286.61804775802136, 286.61804775802136, 286.61804775802136, 286.61804775802136, 286.61804775802136, 286.61804775802136, 290.13717440942196, 290.13717440942196, 290.35356692504394, 290.35356692504394, 290.35356692504394, 290.35356692504394, 290.35356692504394, 290.35356692504394, 290.35356692504394, 290.35356692504394, 290.35356692504394, 290.35356692504394, 290.35356692504394, 290.35356692504394, 290.35356692504394, 290.35356692504394, 290.35356692504394, 290.35356692504394, 290.35356692504394, 290.35356692504394, 290.35356692504394, 290.35356692504394, 290.35356692504394, 290.35356692504394, 290.35356692504394, 290.35356692504394, 290.35356692504394, 290.35356692504394, 290.35356692504394, 290.1140680196744, 290.11414860282383, 290.11414860282383, 290.11414860282383, 290.11414860282383, 290.11414860282383, 290.11414860282383, 290.11414860282383, 290.11414860282383, 290.45058413709205, 290.45058413709205, 291.80361480853816, 291.80361480853816, 291.8269590433168, 291.8269590433168, 291.8269590433168, 291.8269590433168, 291.8269590433168, 291.8269590433168, 291.8269590433168, 291.8269590433168, 291.8269590433168, 291.8269590433168, 291.8269590433168, 291.8269590433168, 291.8269590433168, 291.8269590433168]
Done!
