('generated stochastic delays:', [array([ 2, 11,  5, ...,  2,  3,  1])])
('opt_fidel_cost:', 1.1)
Running Experiment1: 
('total budget:', 600)
Auto Init: 
C: 20.469600578508693
nu: 20.469600578508693
Budget Remaining: 591.99348712
Number of MFHOO Instances: 1
Budget per MFHOO Instance:590.89348712
Running SOO number: 1 rho: 0.95 nu: 20.469600578508693
delay_type: DHOO
policy: UCBV
[0.9921875 0.015625  0.453125  0.984375  0.359375  0.046875  0.015625
 0.984375 ]
final iterations:63176506
final HOO number of nodes:573
final HOO height:43
final duration:590
final optimal value:288.877646 
time durations: [0.0012958049774169922, 4.006504774093628, 4.0068359375, 8.010453939437866, 8.011026859283447, 8.019545793533325, 8.020182847976685, 12.026673793792725, 12.027400970458984, 16.033727884292603, 16.034186840057373, 20.037599802017212, 24.0523099899292, 24.053131818771362, 24.05388879776001, 28.069554805755615, 32.072343826293945, 32.07392978668213, 32.07453680038452, 36.08316397666931, 36.0839159488678, 36.084845781326294, 40.096452951431274, 40.09715485572815, 44.1086688041687, 44.109452962875366, 48.11523985862732, 48.11620283126831, 52.121463775634766, 52.122246980667114, 56.1255738735199, 56.12660598754883, 60.13445997238159, 64.13783979415894, 68.1514208316803, 68.15248799324036, 72.15927290916443, 76.16247177124023, 76.16403388977051, 80.17947578430176, 80.18063378334045, 84.18834280967712, 88.19965481758118, 88.20066380500793, 92.20725679397583, 92.20839786529541, 96.21875882148743, 96.2200288772583, 100.22268795967102, 100.22415399551392, 104.23477482795715, 104.23590183258057, 108.2490439414978, 108.25060391426086, 112.26050281524658, 116.27129888534546, 116.27299785614014, 120.27694392204285, 124.28582000732422, 124.28750681877136, 128.29271793365479, 128.2941539287567, 132.30756282806396, 132.3091058731079, 136.3173689842224, 136.31873893737793, 140.32704377174377, 140.3291609287262, 144.3341338634491, 148.3402018547058, 148.34161591529846, 152.34677481651306, 152.34790182113647, 156.36092591285706, 160.36396384239197, 160.36601996421814, 164.37452697753906, 164.37615084648132, 168.38989186286926, 172.39799880981445, 172.39976477622986, 176.40527987480164, 176.4065318107605, 180.4188928604126, 180.42091584205627, 180.4221968650818, 184.43845081329346, 184.43995881080627, 188.4515528678894, 188.45432686805725, 192.4631769657135, 192.46560382843018, 196.46815299987793, 196.4702308177948, 200.48351788520813, 200.48566699028015, 204.4987349510193, 204.50112581253052, 208.5166847705841, 208.5192198753357, 212.5298249721527, 212.53167581558228, 216.5414798259735, 216.54388093948364, 220.55417680740356, 224.56471991539001, 224.56819200515747, 228.57724595069885, 228.57960486412048, 232.58582377433777, 232.58792185783386, 236.59381079673767, 240.60087394714355, 240.60345792770386, 244.61496877670288, 244.61708688735962, 248.62979388237, 248.6319398880005, 252.64498281478882, 252.64704394340515, 252.64985179901123, 256.65507197380066, 260.6603009700775, 260.6627538204193, 264.6710858345032, 264.6740679740906, 264.6768889427185, 268.69491696357727, 268.69731092453003, 272.7121148109436, 276.7200708389282, 276.7231547832489, 280.7298729419708, 284.7402780056, 284.74290680885315, 284.7452960014343, 288.7545008659363, 292.7660529613495, 292.76855397224426, 296.7855839729309, 296.78843998908997, 300.8066658973694, 300.8112018108368, 300.8143928050995, 300.81722497940063, 304.83842182159424, 304.8409779071808, 308.8609149456024, 308.8636779785156, 312.8760259151459, 316.88572883605957, 316.8894519805908, 320.9033238887787, 320.90606594085693, 324.9160678386688, 324.9188959598541, 328.93151593208313, 328.93498277664185, 332.9484558105469, 332.9521019458771, 336.96263790130615, 336.96525979042053, 340.98086977005005, 344.9887340068817, 344.99182891845703, 349.0020658969879, 353.00746393203735, 353.0108799934387, 357.02996277809143, 357.03354597091675, 361.0451259613037, 361.048143863678, 365.05295991897583, 365.05636382102966, 369.078635931015, 369.0816719532013, 373.08791995048523, 373.09129881858826, 377.105819940567, 377.10909390449524, 381.1215867996216, 385.13902378082275, 385.14219880104065, 385.1460988521576, 389.17317295074463, 389.17672777175903, 393.19007682800293, 393.19372391700745, 397.2025089263916, 401.20711493492126, 401.2109007835388, 405.22928285598755, 409.24511098861694, 409.24907398223877, 413.26789379119873, 413.27153491973877, 417.28091979026794, 417.2858557701111, 417.29060983657837, 421.3023989200592, 421.30773186683655, 421.3134059906006, 425.32216787338257, 425.32540678977966, 425.3290858268738, 429.3547008037567, 429.35838985443115, 433.3662819862366, 433.37420082092285, 437.3861999511719, 441.3930449485779, 441.3971128463745, 445.4120419025421, 445.41719794273376, 449.4313488006592, 449.436726808548, 453.44625091552734, 453.45005798339844, 457.4699788093567, 457.473828792572, 461.4855740070343, 461.4895169734955, 461.4930589199066, 461.4970848560333, 465.51256680488586, 465.51692295074463, 469.5292069911957, 469.5330147743225, 473.54661893844604, 477.557981967926, 477.56217193603516, 481.57834482192993, 481.5830488204956, 485.59969997406006, 485.60298585891724, 489.61765789985657, 489.6218400001526, 493.6346638202667, 493.63876080513, 497.6614739894867, 497.66618394851685, 501.6923849582672, 501.697322845459, 505.7093279361725, 505.7136309146881, 509.7339777946472, 509.7386009693146, 513.7496528625488, 517.7658479213715, 517.7708079814911, 517.7750267982483, 521.7948589324951, 525.8029129505157, 525.807431936264, 529.8272249698639, 529.8314559459686, 533.8485817909241, 533.8535888195038, 533.8579869270325, 533.8623859882355, 537.8853449821472, 537.8904228210449, 541.9218068122864, 541.9271328449249, 545.93598985672, 545.9412059783936, 549.9626519680023, 553.9768679141998, 553.9850118160248, 557.9993867874146, 558.0075328350067, 562.026556968689, 562.0321137905121, 562.0365869998932, 566.051186800003, 566.0560028553009, 570.0682508945465, 570.0734548568726, 574.0873699188232, 578.0379819869995, 578.045245885849, 582.0587239265442, 582.0638659000397, 582.0683658123016, 586.0873467922211, 586.0920708179474, 590.1116449832916, 590.1223499774933]
noisy values: [56.41319345295263, 59.962338364486115, 59.962338364486115, 59.962338364486115, 59.962338364486115, 95.60009694453339, 95.60009694453339, 96.66212407998492, 96.66212407998492, 97.62665068019264, 97.62665068019264, 108.73690134650317, 108.73690134650317, 108.73690134650317, 108.73690134650317, 109.73810598044368, 109.8126016291323, 109.8126016291323, 109.8126016291323, 121.10649787998585, 121.10649787998585, 121.10649787998585, 121.10688806643265, 121.10688806643265, 121.10688806643265, 121.10688806643265, 121.10688806643265, 121.10688806643265, 121.10688806643265, 121.10688806643265, 135.13834189139047, 135.13834189139047, 164.37486792633, 165.6466711026842, 166.73545093429388, 166.73545093429388, 174.959281246895, 174.959281246895, 174.959281246895, 175.95503382618443, 175.95503382618443, 175.95503382618443, 175.95552490153784, 175.95552490153784, 183.77612011349416, 183.77612011349416, 183.77612011349416, 183.77612011349416, 183.77612011349416, 183.77612011349416, 184.02007618533858, 184.02007618533858, 184.40565711813736, 184.40565711813736, 196.1456906583781, 196.1456906583781, 196.1456906583781, 196.14620720590858, 196.14620720590858, 196.14620720590858, 196.14620720590858, 196.14620720590858, 201.75182654574155, 201.75182654574155, 221.30471684503783, 221.30471684503783, 221.30471684503783, 221.30471684503783, 222.46513657002254, 223.39407366777925, 223.39407366777925, 228.702958242544, 228.702958242544, 228.702958242544, 228.702958242544, 228.702958242544, 228.702958242544, 228.702958242544, 229.37500208209636, 229.6648536288762, 229.6648536288762, 234.70951888055612, 234.70951888055612, 234.9384043483954, 234.9384043483954, 234.9384043483954, 234.9384043483954, 234.9384043483954, 234.9384043483954, 234.9384043483954, 235.17428620640356, 235.17428620640356, 242.78167700431592, 242.78167700431592, 246.34881686776328, 246.34881686776328, 246.34881686776328, 246.34881686776328, 246.34881686776328, 246.34881686776328, 246.34881686776328, 246.34881686776328, 246.34881686776328, 246.34881686776328, 246.34881686776328, 246.34881686776328, 246.34881686776328, 246.34881686776328, 246.34881686776328, 246.34881686776328, 246.34881686776328, 246.34881686776328, 246.34909527775397, 246.34909527775397, 248.02648700466298, 248.02648700466298, 248.02648700466298, 248.02648700466298, 257.5448949551025, 257.5448949551025, 257.5448949551025, 257.5448949551025, 257.5448949551025, 257.5448949551025, 257.5448949551025, 257.5448949551025, 257.5448949551025, 257.5448949551025, 257.5448949551025, 258.51349016322047, 259.21002366512164, 259.21002366512164, 262.3388061242157, 262.3388061242157, 262.3388061242157, 262.3388061242157, 262.66637522144686, 263.04202982500453, 263.04202982500453, 266.1244126852313, 266.1244126852313, 266.12454387667503, 266.12454387667503, 266.12454387667503, 266.12454387667503, 266.12454387667503, 266.12454387667503, 266.12454387667503, 266.12454387667503, 266.12454387667503, 270.3606375024208, 270.3606375024208, 272.4521606463996, 272.4521606463996, 272.4521606463996, 272.4521606463996, 272.4521606463996, 272.4521606463996, 272.4521606463996, 272.4521606463996, 272.4521606463996, 272.4521606463996, 272.4521606463996, 272.4521606463996, 272.4521606463996, 272.4521606463996, 272.4521606463996, 272.4521606463996, 272.4521606463996, 272.70128751358186, 272.70128751358186, 272.70128751358186, 272.70128751358186, 272.70128751358186, 272.70128751358186, 272.70128751358186, 272.70128751358186, 272.70128751358186, 272.84996737614074, 272.84996737614074, 272.84996737614074, 272.84996737614074, 272.84996737614074, 272.84996737614074, 272.84996737614074, 272.84996737614074, 272.84996737614074, 272.84996737614074, 272.850103614761, 272.850103614761, 279.1576944755042, 279.1576944755042, 279.1576944755042, 279.1576944755042, 279.1576944755042, 279.1576944755042, 279.1576944755042, 279.1576944755042, 279.1576944755042, 279.1576944755042, 279.1576944755042, 279.1576944755042, 279.1576944755042, 279.1576944755042, 279.1576944755042, 279.1576944755042, 279.1576944755042, 279.1576944755042, 279.1576944755042, 279.77967555011094, 279.77967555011094, 279.77967555011094, 279.77967555011094, 279.77967555011094, 279.77967555011094, 279.77967555011094, 279.77967555011094, 279.77967555011094, 279.77967555011094, 279.77967555011094, 279.77967555011094, 279.77967555011094, 279.77967555011094, 279.77967555011094, 279.77967555011094, 279.77967555011094, 279.77967555011094, 279.77967555011094, 279.92493076774167, 280.4163715505665, 280.4163715505665, 282.19167255199926, 282.19167255199926, 282.19167255199926, 282.19167255199926, 282.19167255199926, 282.19167255199926, 282.19167255199926, 282.19167255199926, 282.2699711491628, 282.2699711491628, 282.2699711491628, 282.2699711491628, 283.9245098107322, 283.9245098107322, 284.3372430377872, 284.3372430377872, 284.3372430377872, 284.3372430377872, 284.3372430377872, 284.3372430377872, 284.3372430377872, 284.3372430377872, 284.3372430377872, 284.3372430377872, 284.3372430377872, 284.3372430377872, 284.3372430377872, 284.3372430377872, 284.3372430377872, 284.40806755241715, 284.40806755241715, 284.40806755241715, 284.40806755241715, 286.9929510155963, 286.9929510155963, 288.1907397903702, 288.1907397903702, 288.1907397903702, 288.1907397903702, 288.1907397903702, 288.1907397903702, 288.1907397903702, 288.1907397903702, 288.1907397903702, 288.1907397903702, 288.1907397903702, 288.1907397903702, 288.1907397903702, 288.1907397903702, 288.1907397903702, 288.8776456982285, 288.8776456982285, 288.8776456982285, 288.8776456982285, 288.8776456982285, 288.8776456982285, 288.8776456982285]
data points:
values: [70.87291263681897, 70.87291263681897, 74.39645309951365, 74.39645309951365, 74.39645309951365, 115.89303989857751, 115.89303989857751, 115.89303989857751, 115.94985205077386, 115.94985205077386, 115.94997398170983, 115.94997398170983, 127.94479887636948, 127.94479887636948, 127.94479887636948, 127.94479887636948, 127.99253740338382, 128.07938742337058, 128.07938742337058, 128.07938742337058, 140.08682999431156, 140.08682999431156, 140.08682999431156, 140.08717575937712, 140.08717575937712, 140.08717575937712, 140.08717575937712, 140.08717575937712, 140.08717575937712, 140.08717575937712, 155.10243539349992, 155.10243539349992, 187.27489084682318, 187.27489084682318, 187.4183227305314, 187.41850129572026, 187.41850129572026, 195.4503152260053, 195.4503152260053, 195.4503152260053, 195.4183864642499, 195.4183864642499, 195.4183864642499, 195.4188351658438, 195.4188351658438, 202.98186255125842, 202.98186255125842, 202.98186255125842, 202.98186255125842, 202.98186255125842, 202.98186255125842, 203.25135409381096, 203.25135409381096, 203.67723184708117, 215.5180551213383, 215.5180551213383, 215.5180551213383, 215.5180551213383, 215.5185311015027, 215.5185311015027, 215.5185311015027, 215.5185311015027, 215.5185311015027, 220.5884810331559, 240.84266027974442, 240.84266027974442, 240.84266027974442, 240.84266027974442, 240.84266027974442, 241.0414754234902, 241.04158777886366, 241.04158777886366, 245.798987537657, 245.798987537657, 245.798987537657, 245.798987537657, 245.798987537657, 245.798987537657, 245.798987537657, 245.60337861770168, 245.91369146750023, 245.91369146750023, 250.4293708704421, 250.4293708704421, 250.67355475864997, 250.67355475864997, 250.67355475864997, 250.67355475864997, 250.67355475864997, 250.67355475864997, 250.67355475864997, 250.0877837343532, 258.1775983926913, 258.1775983926913, 258.1775983926913, 261.14293715201114, 261.14293715201114, 261.14293715201114, 261.14293715201114, 261.14293715201114, 261.14293715201114, 261.14293715201114, 261.14293715201114, 261.14293715201114, 261.14293715201114, 261.14293715201114, 261.14293715201114, 261.14293715201114, 261.14293715201114, 261.14293715201114, 261.14293715201114, 261.14293715201114, 261.14293715201114, 261.1432013694017, 261.1432013694017, 262.1342380068101, 262.1342380068101, 262.1342380068101, 272.1940527651818, 272.1940527651818, 272.1940527651818, 272.1940527651818, 272.1940527651818, 272.1940527651818, 272.1940527651818, 272.1940527651818, 272.1940527651818, 272.1940527651818, 272.1940527651818, 272.1940527651818, 272.4428899769765, 272.4429506919787, 272.4429506919787, 275.02943440107975, 275.02943440107975, 275.02943440107975, 275.02943440107975, 274.70844380695667, 275.1012871503053, 275.1012871503053, 277.6884465905903, 277.6884465905903, 277.68857279857065, 277.68857279857065, 277.68857279857065, 277.68857279857065, 277.68857279857065, 277.68857279857065, 277.68857279857065, 277.68857279857065, 281.4971837721161, 281.4971837721161, 281.4971837721161, 283.09181336673555, 283.09181336673555, 283.09181336673555, 283.09181336673555, 283.09181336673555, 283.09181336673555, 283.09181336673555, 283.09181336673555, 283.09181336673555, 283.09181336673555, 283.09181336673555, 283.09181336673555, 283.09181336673555, 283.09181336673555, 283.09181336673555, 283.09181336673555, 283.09181336673555, 283.35062901181783, 283.35062901181783, 283.35062901181783, 283.35062901181783, 283.35062901181783, 283.35062901181783, 283.35062901181783, 283.35062901181783, 283.35062901181783, 283.5051251658282, 283.5051251658282, 283.5051251658282, 283.5051251658282, 283.5051251658282, 283.5051251658282, 283.5051251658282, 283.5051251658282, 283.5051251658282, 283.5051251658282, 283.50525671648717, 289.4939164396623, 289.4939164396623, 289.4939164396623, 289.4939164396623, 289.4939164396623, 289.4939164396623, 289.4939164396623, 289.4939164396623, 289.4939164396623, 289.4939164396623, 289.4939164396623, 289.4939164396623, 289.4939164396623, 289.4939164396623, 289.4939164396623, 289.4939164396623, 289.4939164396623, 289.4939164396623, 289.4939164396623, 289.4939164396623, 289.60276262271583, 289.60276262271583, 289.60276262271583, 289.60276262271583, 289.60276262271583, 289.60276262271583, 289.60276262271583, 289.60276262271583, 289.60276262271583, 289.60276262271583, 289.60276262271583, 289.60276262271583, 289.60276262271583, 289.60276262271583, 289.60276262271583, 289.60276262271583, 289.60276262271583, 289.60276262271583, 289.60276262271583, 289.7531178795334, 289.7531483750181, 289.7531483750181, 291.10293012210667, 291.10293012210667, 291.10293012210667, 291.10293012210667, 291.10293012210667, 291.10293012210667, 291.10293012210667, 291.10293012210667, 290.72468747089215, 290.72468747089215, 290.72468747089215, 290.72468747089215, 291.9914925762653, 291.9914925762653, 292.41592764822167, 292.41592764822167, 292.41592764822167, 292.41592764822167, 292.41592764822167, 292.41592764822167, 292.41592764822167, 292.41592764822167, 292.41592764822167, 292.41592764822167, 292.41592764822167, 292.41592764822167, 292.41592764822167, 292.41592764822167, 292.41592764822167, 292.48876449793136, 292.48876449793136, 292.48876449793136, 292.48876449793136, 294.7283957896638, 294.7283957896638, 295.5601515421338, 295.5601515421338, 295.5601515421338, 295.5601515421338, 295.5601515421338, 295.5601515421338, 295.5601515421338, 295.5601515421338, 295.5601515421338, 295.5601515421338, 295.5601515421338, 295.5601515421338, 295.5601515421338, 295.5601515421338, 295.5601515421338, 295.88631724272244, 295.88631724272244, 295.88631724272244, 295.88631724272244, 295.88631724272244, 295.88631724272244]
real values1: [70.87291263681897, 74.39645309951365, 74.39645309951365, 74.39645309951365, 74.39645309951365, 115.89303989857751, 115.89303989857751, 115.94985205077386, 115.94985205077386, 115.94997398170983, 115.94997398170983, 127.94479887636948, 127.94479887636948, 127.94479887636948, 127.94479887636948, 127.99253740338382, 128.07938742337058, 128.07938742337058, 128.07938742337058, 140.08682999431156, 140.08682999431156, 140.08682999431156, 140.08717575937712, 140.08717575937712, 140.08717575937712, 140.08717575937712, 140.08717575937712, 140.08717575937712, 140.08717575937712, 140.08717575937712, 155.10243539349992, 155.10243539349992, 187.27489084682318, 187.4183227305314, 187.41850129572026, 187.41850129572026, 195.4503152260053, 195.4503152260053, 195.4503152260053, 195.4183864642499, 195.4183864642499, 195.4183864642499, 195.4188351658438, 195.4188351658438, 202.98186255125842, 202.98186255125842, 202.98186255125842, 202.98186255125842, 202.98186255125842, 202.98186255125842, 203.25135409381096, 203.25135409381096, 203.67723184708117, 203.67723184708117, 215.5180551213383, 215.5180551213383, 215.5180551213383, 215.5185311015027, 215.5185311015027, 215.5185311015027, 215.5185311015027, 215.5185311015027, 220.5884810331559, 220.5884810331559, 240.84266027974442, 240.84266027974442, 240.84266027974442, 240.84266027974442, 241.0414754234902, 241.04158777886366, 241.04158777886366, 245.798987537657, 245.798987537657, 245.798987537657, 245.798987537657, 245.798987537657, 245.798987537657, 245.798987537657, 245.60337861770168, 245.91369146750023, 245.91369146750023, 250.4293708704421, 250.4293708704421, 250.67355475864997, 250.67355475864997, 250.67355475864997, 250.67355475864997, 250.67355475864997, 250.67355475864997, 250.67355475864997, 250.0877837343532, 250.0877837343532, 258.1775983926913, 258.1775983926913, 261.14293715201114, 261.14293715201114, 261.14293715201114, 261.14293715201114, 261.14293715201114, 261.14293715201114, 261.14293715201114, 261.14293715201114, 261.14293715201114, 261.14293715201114, 261.14293715201114, 261.14293715201114, 261.14293715201114, 261.14293715201114, 261.14293715201114, 261.14293715201114, 261.14293715201114, 261.14293715201114, 261.1432013694017, 261.1432013694017, 262.1342380068101, 262.1342380068101, 262.1342380068101, 262.1342380068101, 272.1940527651818, 272.1940527651818, 272.1940527651818, 272.1940527651818, 272.1940527651818, 272.1940527651818, 272.1940527651818, 272.1940527651818, 272.1940527651818, 272.1940527651818, 272.1940527651818, 272.4428899769765, 272.4429506919787, 272.4429506919787, 275.02943440107975, 275.02943440107975, 275.02943440107975, 275.02943440107975, 274.70844380695667, 275.1012871503053, 275.1012871503053, 277.6884465905903, 277.6884465905903, 277.68857279857065, 277.68857279857065, 277.68857279857065, 277.68857279857065, 277.68857279857065, 277.68857279857065, 277.68857279857065, 277.68857279857065, 277.68857279857065, 281.4971837721161, 281.4971837721161, 283.09181336673555, 283.09181336673555, 283.09181336673555, 283.09181336673555, 283.09181336673555, 283.09181336673555, 283.09181336673555, 283.09181336673555, 283.09181336673555, 283.09181336673555, 283.09181336673555, 283.09181336673555, 283.09181336673555, 283.09181336673555, 283.09181336673555, 283.09181336673555, 283.09181336673555, 283.35062901181783, 283.35062901181783, 283.35062901181783, 283.35062901181783, 283.35062901181783, 283.35062901181783, 283.35062901181783, 283.35062901181783, 283.35062901181783, 283.5051251658282, 283.5051251658282, 283.5051251658282, 283.5051251658282, 283.5051251658282, 283.5051251658282, 283.5051251658282, 283.5051251658282, 283.5051251658282, 283.5051251658282, 283.50525671648717, 289.4939164396623, 289.4939164396623, 289.4939164396623, 289.4939164396623, 289.4939164396623, 289.4939164396623, 289.4939164396623, 289.4939164396623, 289.4939164396623, 289.4939164396623, 289.4939164396623, 289.4939164396623, 289.4939164396623, 289.4939164396623, 289.4939164396623, 289.4939164396623, 289.4939164396623, 289.4939164396623, 289.4939164396623, 289.4939164396623, 289.60276262271583, 289.60276262271583, 289.60276262271583, 289.60276262271583, 289.60276262271583, 289.60276262271583, 289.60276262271583, 289.60276262271583, 289.60276262271583, 289.60276262271583, 289.60276262271583, 289.60276262271583, 289.60276262271583, 289.60276262271583, 289.60276262271583, 289.60276262271583, 289.60276262271583, 289.60276262271583, 289.60276262271583, 289.7531178795334, 289.7531483750181, 289.7531483750181, 291.10293012210667, 291.10293012210667, 291.10293012210667, 291.10293012210667, 291.10293012210667, 291.10293012210667, 291.10293012210667, 291.10293012210667, 290.72468747089215, 290.72468747089215, 290.72468747089215, 290.72468747089215, 291.9914925762653, 291.9914925762653, 292.41592764822167, 292.41592764822167, 292.41592764822167, 292.41592764822167, 292.41592764822167, 292.41592764822167, 292.41592764822167, 292.41592764822167, 292.41592764822167, 292.41592764822167, 292.41592764822167, 292.41592764822167, 292.41592764822167, 292.41592764822167, 292.41592764822167, 292.48876449793136, 292.48876449793136, 292.48876449793136, 292.48876449793136, 294.7283957896638, 294.7283957896638, 295.5601515421338, 295.5601515421338, 295.5601515421338, 295.5601515421338, 295.5601515421338, 295.5601515421338, 295.5601515421338, 295.5601515421338, 295.5601515421338, 295.5601515421338, 295.5601515421338, 295.5601515421338, 295.5601515421338, 295.5601515421338, 295.5601515421338, 295.88631724272244, 295.88631724272244, 295.88631724272244, 295.88631724272244, 295.88631724272244, 295.88631724272244, 295.88631724272244]
real values2: [70.87291263681897, 74.39645309951365, 74.39645309951365, 74.39645309951365, 74.39645309951365, 115.89303989857751, 115.89303989857751, 115.94985205077386, 115.94985205077386, 115.94997398170983, 115.94997398170983, 127.94479887636948, 127.94479887636948, 127.94479887636948, 127.94479887636948, 127.99253740338382, 128.07938742337058, 128.07938742337058, 128.07938742337058, 140.08682999431156, 140.08682999431156, 140.08682999431156, 140.08717575937712, 140.08717575937712, 140.08717575937712, 140.08717575937712, 140.08717575937712, 140.08717575937712, 140.08717575937712, 140.08717575937712, 155.10243539349992, 155.10243539349992, 187.27489084682318, 187.4183227305314, 187.41850129572026, 187.41850129572026, 195.4503152260053, 195.4503152260053, 195.4503152260053, 195.4183864642499, 195.4183864642499, 195.4183864642499, 195.4188351658438, 195.4188351658438, 202.98186255125842, 202.98186255125842, 202.98186255125842, 202.98186255125842, 202.98186255125842, 202.98186255125842, 203.25135409381096, 203.25135409381096, 203.67723184708117, 203.67723184708117, 215.5180551213383, 215.5180551213383, 215.5180551213383, 215.5185311015027, 215.5185311015027, 215.5185311015027, 215.5185311015027, 215.5185311015027, 220.5884810331559, 220.5884810331559, 240.84266027974442, 240.84266027974442, 240.84266027974442, 240.84266027974442, 241.0414754234902, 241.04158777886366, 241.04158777886366, 245.798987537657, 245.798987537657, 245.798987537657, 245.798987537657, 245.798987537657, 245.798987537657, 245.798987537657, 245.60337861770168, 245.91369146750023, 245.91369146750023, 250.4293708704421, 250.4293708704421, 250.67355475864997, 250.67355475864997, 250.67355475864997, 250.67355475864997, 250.67355475864997, 250.67355475864997, 250.67355475864997, 250.0877837343532, 250.0877837343532, 258.1775983926913, 258.1775983926913, 261.14293715201114, 261.14293715201114, 261.14293715201114, 261.14293715201114, 261.14293715201114, 261.14293715201114, 261.14293715201114, 261.14293715201114, 261.14293715201114, 261.14293715201114, 261.14293715201114, 261.14293715201114, 261.14293715201114, 261.14293715201114, 261.14293715201114, 261.14293715201114, 261.14293715201114, 261.14293715201114, 261.1432013694017, 261.1432013694017, 262.1342380068101, 262.1342380068101, 262.1342380068101, 262.1342380068101, 272.1940527651818, 272.1940527651818, 272.1940527651818, 272.1940527651818, 272.1940527651818, 272.1940527651818, 272.1940527651818, 272.1940527651818, 272.1940527651818, 272.1940527651818, 272.1940527651818, 272.4428899769765, 272.4429506919787, 272.4429506919787, 275.02943440107975, 275.02943440107975, 275.02943440107975, 275.02943440107975, 274.70844380695667, 275.1012871503053, 275.1012871503053, 277.6884465905903, 277.6884465905903, 277.68857279857065, 277.68857279857065, 277.68857279857065, 277.68857279857065, 277.68857279857065, 277.68857279857065, 277.68857279857065, 277.68857279857065, 277.68857279857065, 281.4971837721161, 281.4971837721161, 283.09181336673555, 283.09181336673555, 283.09181336673555, 283.09181336673555, 283.09181336673555, 283.09181336673555, 283.09181336673555, 283.09181336673555, 283.09181336673555, 283.09181336673555, 283.09181336673555, 283.09181336673555, 283.09181336673555, 283.09181336673555, 283.09181336673555, 283.09181336673555, 283.09181336673555, 283.35062901181783, 283.35062901181783, 283.35062901181783, 283.35062901181783, 283.35062901181783, 283.35062901181783, 283.35062901181783, 283.35062901181783, 283.35062901181783, 283.5051251658282, 283.5051251658282, 283.5051251658282, 283.5051251658282, 283.5051251658282, 283.5051251658282, 283.5051251658282, 283.5051251658282, 283.5051251658282, 283.5051251658282, 283.50525671648717, 289.4939164396623, 289.4939164396623, 289.4939164396623, 289.4939164396623, 289.4939164396623, 289.4939164396623, 289.4939164396623, 289.4939164396623, 289.4939164396623, 289.4939164396623, 289.4939164396623, 289.4939164396623, 289.4939164396623, 289.4939164396623, 289.4939164396623, 289.4939164396623, 289.4939164396623, 289.4939164396623, 289.4939164396623, 289.4939164396623, 289.60276262271583, 289.60276262271583, 289.60276262271583, 289.60276262271583, 289.60276262271583, 289.60276262271583, 289.60276262271583, 289.60276262271583, 289.60276262271583, 289.60276262271583, 289.60276262271583, 289.60276262271583, 289.60276262271583, 289.60276262271583, 289.60276262271583, 289.60276262271583, 289.60276262271583, 289.60276262271583, 289.60276262271583, 289.7531178795334, 289.7531483750181, 289.7531483750181, 291.10293012210667, 291.10293012210667, 291.10293012210667, 291.10293012210667, 291.10293012210667, 291.10293012210667, 291.10293012210667, 291.10293012210667, 290.72468747089215, 290.72468747089215, 290.72468747089215, 290.72468747089215, 291.9914925762653, 291.9914925762653, 292.41592764822167, 292.41592764822167, 292.41592764822167, 292.41592764822167, 292.41592764822167, 292.41592764822167, 292.41592764822167, 292.41592764822167, 292.41592764822167, 292.41592764822167, 292.41592764822167, 292.41592764822167, 292.41592764822167, 292.41592764822167, 292.41592764822167, 292.48876449793136, 292.48876449793136, 292.48876449793136, 292.48876449793136, 294.7283957896638, 294.7283957896638, 295.5601515421338, 295.5601515421338, 295.5601515421338, 295.5601515421338, 295.5601515421338, 295.5601515421338, 295.5601515421338, 295.5601515421338, 295.5601515421338, 295.5601515421338, 295.5601515421338, 295.5601515421338, 295.5601515421338, 295.5601515421338, 295.5601515421338, 295.88631724272244, 295.88631724272244, 295.88631724272244, 295.88631724272244, 295.88631724272244, 295.88631724272244, 295.88631724272244]
Done!
