('generated stochastic delays:', [array([ 2, 11,  5, ...,  2,  3,  1])])
('opt_fidel_cost:', 1.1)
Running Experiment1: 
('total budget:', 600)
Auto Init: 
C: 20.469600578508693
nu: 20.469600578508693
Budget Remaining: 591.99295187
Number of MFHOO Instances: 1
Budget per MFHOO Instance:590.89295187
Running SOO number: 1 rho: 0.95 nu: 20.469600578508693
delay_type: DHOO
policy: UCBV
[0.9375 0.625  0.375  0.875  0.875  0.125  0.125  0.875 ]
final iterations:120612934
final HOO number of nodes:579
final HOO height:20
final duration:590
final optimal value:221.674966 
time durations: [0.0011348724365234375, 4.007503986358643, 8.009162902832031, 8.009506940841675, 12.015254974365234, 12.016021013259888, 12.016307830810547, 12.017343997955322, 16.023595809936523, 20.029577016830444, 20.0308039188385, 24.034886837005615, 24.035655975341797, 28.057588815689087, 28.05878496170044, 32.063875913619995, 32.064735889434814, 36.074007987976074, 40.08843493461609, 40.08960199356079, 44.103413820266724, 44.104360818862915, 48.11124897003174, 48.11207580566406, 52.140146017074585, 52.14130878448486, 56.16242599487305, 56.16323685646057, 60.17494583129883, 60.175697803497314, 64.1825098991394, 64.18354201316833, 68.20326280593872, 72.21055793762207, 72.2119529247284, 76.2166519165039, 76.2180278301239, 80.22553396224976, 80.22658491134644, 84.23774290084839, 84.23878693580627, 88.2538537979126, 88.25541591644287, 92.26289296150208, 92.2640118598938, 96.27514481544495, 96.27627801895142, 100.2951250076294, 100.29647183418274, 104.30461287498474, 104.30604791641235, 108.31270480155945, 112.31413698196411, 112.31547689437866, 116.32174491882324, 116.32290291786194, 120.33493995666504, 120.33628296852112, 124.3401129245758, 124.34166479110718, 128.35139679908752, 132.35610580444336, 132.35859298706055, 136.3674328327179, 136.36930584907532, 140.382071018219, 140.38350987434387, 144.3894968032837, 144.39078497886658, 148.3944058418274, 152.40184998512268, 152.40377187728882, 156.40724802017212, 156.4086048603058, 156.41028380393982, 160.41521000862122, 160.4167778491974, 164.4253499507904, 168.43199181556702, 168.43414092063904, 172.44675278663635, 176.45348286628723, 176.45548796653748, 180.46344995498657, 180.4654769897461, 184.47507500648499, 184.47732591629028, 188.4918978214264, 192.49618196487427, 192.49811697006226, 196.51226687431335, 196.5144009590149, 200.52156281471252, 200.52324795722961, 204.54105496406555, 204.54304790496826, 208.55053687095642, 208.5524618625641, 212.5697648525238, 212.57189083099365, 216.58387899398804, 216.58518981933594, 220.62754797935486, 220.62983584403992, 224.6332449913025, 224.63553380966187, 228.643306016922, 228.64552998542786, 232.65277981758118, 232.6549048423767, 232.6570599079132, 236.68311381340027, 236.6857089996338, 240.703125, 244.71457600593567, 248.717759847641, 248.72042393684387, 252.72531700134277, 252.72864079475403, 256.73540592193604, 256.73761892318726, 256.7405948638916, 260.75475883483887, 260.75816893577576, 264.7694308757782, 264.772668838501, 264.77508187294006, 268.7815239429474, 268.7837998867035, 268.786602973938, 272.8018569946289, 272.8042039871216, 276.8125548362732, 276.8154809474945, 280.822762966156, 284.83261799812317, 284.83523082733154, 288.8473949432373, 292.8506209850311, 292.8527138233185, 296.85786390304565, 296.8604848384857, 300.86904883384705, 300.8722939491272, 304.8857798576355, 304.88857984542847, 304.8914029598236, 308.8955988883972, 308.8983299732208, 312.90671396255493, 312.9103379249573, 316.91983294487, 320.93734788894653, 320.94066095352173, 324.95405888557434, 324.95764684677124, 328.97149896621704, 328.9752860069275, 332.99940490722656, 333.0022699832916, 333.00599479675293, 337.0212969779968, 337.02518796920776, 341.04682993888855, 341.0507469177246, 345.0626528263092, 345.0662169456482, 349.0759768486023, 349.08132696151733, 353.0956039428711, 353.0998389720917, 357.10777497291565, 357.11083579063416, 361.1211178302765, 361.1245880126953, 365.1301019191742, 365.13360500335693, 369.14009499549866, 369.14349579811096, 373.16115283966064, 377.16677594184875, 377.16958689689636, 381.17875385284424, 381.1821188926697, 385.2015678882599, 385.2054488658905, 389.21594285964966, 389.21986079216003, 393.2232348918915, 393.22652792930603, 397.2368128299713, 397.2399117946625, 401.2652609348297, 401.2686278820038, 405.2770028114319, 409.2863438129425, 409.29026985168457, 413.30052280426025, 413.30620884895325, 413.3097369670868, 413.3132519721985, 417.32167196273804, 417.325336933136, 421.33555698394775, 421.33947682380676, 425.35538482666016, 429.3623249530792, 429.3662168979645, 433.37692379951477, 433.3809678554535, 437.3993318080902, 441.4057729244232, 441.40953278541565, 441.4138488769531, 445.41922879219055, 449.44012784957886, 449.44445300102234, 453.45042085647583, 457.4575250148773, 457.4618179798126, 461.47057580947876, 461.4749848842621, 465.49149799346924, 465.4951729774475, 469.50109696388245, 469.50593185424805, 469.51080799102783, 473.51967096328735, 473.5237798690796, 477.54721689224243, 477.55150294303894, 477.55504179000854, 481.57831382751465, 481.5831558704376, 485.5902798175812, 485.596697807312, 489.6012477874756, 489.60582184791565, 493.6128590106964, 493.6169629096985, 497.6390688419342, 497.64497780799866, 501.6596598625183, 501.66502499580383, 501.67041993141174, 505.67731380462646, 505.68219089508057, 505.6864798069, 509.7001419067383, 509.7048478126526, 513.712082862854, 513.7159988880157, 517.7321689128876, 517.7367928028107, 521.7421998977661, 521.7466008663177, 525.7547090053558, 525.7600989341736, 529.7820179462433, 529.790198802948, 533.8075568675995, 533.8123338222504, 537.8222818374634, 541.8273959159851, 541.8319869041443, 545.84077501297, 545.845263004303, 549.8609399795532, 549.8656837940216, 549.8701817989349, 553.8854229450226, 557.8935508728027, 557.8981828689575, 561.9084618091583, 561.9137380123138, 565.9216029644012, 565.9261639118195, 569.9437479972839, 569.9487709999084, 573.9563539028168, 573.9609518051147, 573.9653429985046, 577.9751188755035, 577.9806678295135, 581.9883198738098, 585.9971058368683, 586.002198934555, 586.0064399242401, 590.015252828598, 590.0199549198151, 590.0249519348145]
noisy values: [56.41319345295263, 59.962338364486115, 59.962338364486115, 59.962338364486115, 94.53204731537316, 94.53204731537316, 94.53204731537316, 94.53204731537316, 96.66212407998492, 97.62665068019264, 97.62665068019264, 97.62665068019264, 97.62665068019264, 97.62665068019264, 97.62665068019264, 97.62665068019264, 97.62665068019264, 97.62665068019264, 108.65199637463236, 108.65199637463236, 108.6523903343927, 108.6523903343927, 109.73849838945551, 109.73849838945551, 109.73849838945551, 109.73849838945551, 109.73849838945551, 109.73849838945551, 109.73849838945551, 109.73849838945551, 121.0243426345523, 121.0243426345523, 121.75465885022734, 122.05551448570216, 122.05551448570216, 136.51050056126235, 136.51050056126235, 136.51050056126235, 136.51050056126235, 136.51050056126235, 136.51050056126235, 136.5109761698476, 136.5109761698476, 136.5109761698476, 136.5109761698476, 136.5109761698476, 136.5109761698476, 136.5109761698476, 136.5109761698476, 136.5109761698476, 136.5109761698476, 136.5109761698476, 136.5109761698476, 136.5109761698476, 164.17434716400484, 164.17434716400484, 164.17434716400484, 164.17434716400484, 164.17434716400484, 164.17434716400484, 164.17434716400484, 164.17434716400484, 164.17434716400484, 164.17434716400484, 164.17434716400484, 165.52054940014426, 165.52054940014426, 165.52054940014426, 165.52054940014426, 165.52054940014426, 165.52054940014426, 165.52054940014426, 165.52054940014426, 165.52054940014426, 165.52054940014426, 165.52054940014426, 165.52054940014426, 165.52054940014426, 165.52054940014426, 165.52054940014426, 165.52054940014426, 165.52054940014426, 165.52054940014426, 166.06528420368505, 166.06528420368505, 166.06528420368505, 166.06528420368505, 166.06528420368505, 166.06528420368505, 166.06528420368505, 166.06528420368505, 166.06528420368505, 166.73525368407655, 166.73525368407655, 166.73525368407655, 166.73525368407655, 166.73525368407655, 166.73525368407655, 166.73525368407655, 166.73525368407655, 166.73525368407655, 166.73525368407655, 166.73525368407655, 166.73525368407655, 166.73525368407655, 166.73525368407655, 166.73525368407655, 166.73525368407655, 166.73525368407655, 166.73525368407655, 166.73525368407655, 166.73525368407655, 166.73525368407655, 166.73525368407655, 166.73525368407655, 166.73525368407655, 166.73525368407655, 166.73525368407655, 166.73525368407655, 166.73525368407655, 166.73525368407655, 166.73525368407655, 166.73525368407655, 166.73525368407655, 166.73525368407655, 166.73525368407655, 166.73525368407655, 166.73525368407655, 166.73525368407655, 166.73525368407655, 166.73525368407655, 166.73525368407655, 166.73525368407655, 166.73525368407655, 166.73525368407655, 166.73525368407655, 166.73525368407655, 166.73525368407655, 166.73525368407655, 166.73525368407655, 166.73525368407655, 166.73525368407655, 166.73525368407655, 166.73525368407655, 166.73525368407655, 166.73525368407655, 166.73525368407655, 166.73525368407655, 166.73525368407655, 166.73525368407655, 166.73525368407655, 166.73525368407655, 166.73525368407655, 166.73525368407655, 166.73525368407655, 166.73525368407655, 166.73525368407655, 166.73525368407655, 166.73525368407655, 166.73525368407655, 166.73525368407655, 166.73525368407655, 166.73525368407655, 166.73525368407655, 166.73525368407655, 166.73525368407655, 166.73525368407655, 166.73525368407655, 166.73525368407655, 167.02937824239234, 167.02937824239234, 175.26815862208326, 175.26815862208326, 175.26815862208326, 175.26815862208326, 175.26815862208326, 175.26815862208326, 175.26815862208326, 175.26815862208326, 175.26815862208326, 176.11788307009624, 176.11788307009624, 184.36969970670827, 184.36969970670827, 184.61999066401475, 184.61999066401475, 184.66899689780155, 184.66899689780155, 184.66899689780155, 184.66899689780155, 184.66899689780155, 184.66899689780155, 184.66899689780155, 184.66899689780155, 184.66899689780155, 184.66899689780155, 184.66899689780155, 196.1664886873298, 196.1664886873298, 196.1664886873298, 196.1664886873298, 196.1664886873298, 196.1664886873298, 196.16708216847866, 196.16708216847866, 196.16708216847866, 196.38755598630948, 196.38755598630948, 196.38755598630948, 202.0059245927155, 202.0059245927155, 202.0059245927155, 202.0059245927155, 202.0059245927155, 202.0059245927155, 202.0059245927155, 202.0059245927155, 202.0059245927155, 202.0059245927155, 202.0059245927155, 202.0059245927155, 202.0059245927155, 202.0059245927155, 202.0059245927155, 202.0059245927155, 202.0059245927155, 202.0059245927155, 203.00602547548175, 203.00602547548175, 203.00602547548175, 203.00602547548175, 203.00602547548175, 203.00602547548175, 203.00602547548175, 203.00602547548175, 203.00602547548175, 203.00602547548175, 203.00602547548175, 203.00602547548175, 203.00602547548175, 203.00602547548175, 203.00602547548175, 203.00602547548175, 203.00602547548175, 203.00602547548175, 211.16115264575186, 211.16115264575186, 211.16115264575186, 211.16115264575186, 211.16115264575186, 211.16115264575186, 211.16115264575186, 211.16115264575186, 211.16115264575186, 211.1618196906354, 211.1618196906354, 211.1618196906354, 211.1618196906354, 211.1618196906354, 211.1618196906354, 221.67496630835097, 221.67496630835097, 221.67496630835097, 221.67496630835097, 221.67496630835097, 221.67496630835097, 221.67496630835097, 221.67496630835097, 221.67496630835097, 221.67496630835097, 221.67496630835097, 221.67496630835097, 221.67496630835097, 221.67496630835097, 221.67496630835097, 221.67496630835097, 221.67496630835097, 221.67496630835097, 221.67496630835097, 221.67496630835097, 221.67496630835097, 221.67496630835097, 221.67496630835097, 221.67496630835097, 221.67496630835097, 221.67496630835097, 221.67496630835097, 221.67496630835097, 221.67496630835097, 221.67496630835097, 221.67496630835097]
data points:
values: [70.87291263681897, 70.87291263681897, 74.39645309951365, 74.39645309951365, 115.89303989857751, 115.89303989857751, 115.89303989857751, 115.89303989857751, 115.89303989857751, 115.94985205077386, 115.94997398170983, 115.94997398170983, 115.94997398170983, 115.94997398170983, 115.94997398170983, 115.94997398170983, 115.94997398170983, 115.94997398170983, 115.94997398170983, 127.84504410149047, 127.84504410149047, 127.84538896890261, 127.84538896890261, 127.99288306699492, 127.99288306699492, 127.99288306699492, 127.99288306699492, 127.99288306699492, 127.99288306699492, 127.99288306699492, 127.99288306699492, 139.99183778495103, 139.99183778495103, 139.7414288419944, 140.08682999431156, 155.5284880962732, 155.5284880962732, 155.5284880962732, 155.5284880962732, 155.5284880962732, 155.5284880962732, 155.5284880962732, 155.52891428947217, 155.52891428947217, 155.52891428947217, 155.52891428947217, 155.52891428947217, 155.52891428947217, 155.52891428947217, 155.52891428947217, 155.52891428947217, 155.52891428947217, 155.52891428947217, 155.52891428947217, 187.04649552738246, 187.04649552738246, 187.04649552738246, 187.04649552738246, 187.04649552738246, 187.04649552738246, 187.04649552738246, 187.04649552738246, 187.04649552738246, 187.04649552738246, 187.04649552738246, 187.04649552738246, 187.27550367333615, 187.27550367333615, 187.27550367333615, 187.27550367333615, 187.27550367333615, 187.27550367333615, 187.27550367333615, 187.27550367333615, 187.27550367333615, 187.27550367333615, 187.27550367333615, 187.27550367333615, 187.27550367333615, 187.27550367333615, 187.27550367333615, 187.27550367333615, 187.27550367333615, 187.27550367333615, 187.89183641203908, 187.89183641203908, 187.89183641203908, 187.89183641203908, 187.89183641203908, 187.89183641203908, 187.89183641203908, 187.89183641203908, 187.89183641203908, 187.4183227305314, 187.4183227305314, 187.4183227305314, 187.4183227305314, 187.4183227305314, 187.4183227305314, 187.4183227305314, 187.4183227305314, 187.4183227305314, 187.4183227305314, 187.4183227305314, 187.4183227305314, 187.4183227305314, 187.4183227305314, 187.4183227305314, 187.4183227305314, 187.4183227305314, 187.4183227305314, 187.4183227305314, 187.4183227305314, 187.4183227305314, 187.4183227305314, 187.4183227305314, 187.4183227305314, 187.4183227305314, 187.4183227305314, 187.4183227305314, 187.4183227305314, 187.4183227305314, 187.4183227305314, 187.4183227305314, 187.4183227305314, 187.4183227305314, 187.4183227305314, 187.4183227305314, 187.4183227305314, 187.4183227305314, 187.4183227305314, 187.4183227305314, 187.4183227305314, 187.4183227305314, 187.4183227305314, 187.4183227305314, 187.4183227305314, 187.4183227305314, 187.4183227305314, 187.4183227305314, 187.4183227305314, 187.4183227305314, 187.4183227305314, 187.4183227305314, 187.4183227305314, 187.4183227305314, 187.4183227305314, 187.4183227305314, 187.4183227305314, 187.4183227305314, 187.4183227305314, 187.4183227305314, 187.4183227305314, 187.4183227305314, 187.4183227305314, 187.4183227305314, 187.4183227305314, 187.4183227305314, 187.4183227305314, 187.4183227305314, 187.4183227305314, 187.4183227305314, 187.4183227305314, 187.4183227305314, 187.4183227305314, 187.4183227305314, 187.4183227305314, 187.4183227305314, 187.4183227305314, 187.4183227305314, 187.74896505093665, 187.74896505093665, 195.79534926740538, 195.79534926740538, 195.79534926740538, 195.79534926740538, 195.79534926740538, 195.79534926740538, 195.79534926740538, 195.79534926740538, 195.79534926740538, 195.59918971809444, 195.59918971809444, 203.6375125832216, 203.6375125832216, 203.9140636477746, 203.9140636477746, 203.96807474261607, 203.96807474261607, 203.96807474261607, 203.96807474261607, 203.96807474261607, 203.96807474261607, 203.96807474261607, 203.96807474261607, 203.96807474261607, 203.96807474261607, 215.54099318072878, 215.54099318072878, 215.54099318072878, 215.54099318072878, 215.54099318072878, 215.54099318072878, 215.54099318072878, 215.5415400529892, 215.5415400529892, 215.5415400529892, 215.7838048262252, 215.7838048262252, 215.7838048262252, 220.86639043165792, 220.86639043165792, 220.86639043165792, 220.86639043165792, 220.86639043165792, 220.86639043165792, 220.86639043165792, 220.86639043165792, 220.86639043165792, 220.86639043165792, 220.86639043165792, 220.86639043165792, 220.86639043165792, 220.86639043165792, 220.86639043165792, 220.86639043165792, 220.86639043165792, 220.86639043165792, 220.92859186207238, 220.92859186207238, 220.92859186207238, 220.92859186207238, 220.92859186207238, 220.92859186207238, 220.92859186207238, 220.92859186207238, 220.92859186207238, 220.92859186207238, 220.92859186207238, 220.92859186207238, 220.92859186207238, 220.92859186207238, 220.92859186207238, 220.92859186207238, 220.92859186207238, 229.8037252394371, 229.8037252394371, 229.8037252394371, 229.8037252394371, 229.8037252394371, 229.8037252394371, 229.8037252394371, 229.8037252394371, 229.8037252394371, 229.8037252394371, 229.80434464121618, 229.80434464121618, 229.80434464121618, 229.80434464121618, 229.80434464121618, 241.24567909684492, 241.24567909684492, 241.24567909684492, 241.24567909684492, 241.24567909684492, 241.24567909684492, 241.24567909684492, 241.24567909684492, 241.24567909684492, 241.24567909684492, 241.24567909684492, 241.24567909684492, 241.24567909684492, 241.24567909684492, 241.24567909684492, 241.24567909684492, 241.24567909684492, 241.24567909684492, 241.24567909684492, 241.24567909684492, 241.24567909684492, 241.24567909684492, 241.24567909684492, 241.24567909684492, 241.24567909684492, 241.24567909684492, 241.24567909684492, 241.24567909684492, 241.24567909684492, 241.24567909684492, 241.24567909684492]
real values1: [70.87291263681897, 74.39645309951365, 74.39645309951365, 74.39645309951365, 115.89303989857751, 115.89303989857751, 115.89303989857751, 115.89303989857751, 115.94985205077386, 115.94997398170983, 115.94997398170983, 115.94997398170983, 115.94997398170983, 115.94997398170983, 115.94997398170983, 115.94997398170983, 115.94997398170983, 115.94997398170983, 127.84504410149047, 127.84504410149047, 127.84538896890261, 127.84538896890261, 127.99288306699492, 127.99288306699492, 127.99288306699492, 127.99288306699492, 127.99288306699492, 127.99288306699492, 127.99288306699492, 127.99288306699492, 139.99183778495103, 139.99183778495103, 139.7414288419944, 140.08682999431156, 140.08682999431156, 155.5284880962732, 155.5284880962732, 155.5284880962732, 155.5284880962732, 155.5284880962732, 155.5284880962732, 155.52891428947217, 155.52891428947217, 155.52891428947217, 155.52891428947217, 155.52891428947217, 155.52891428947217, 155.52891428947217, 155.52891428947217, 155.52891428947217, 155.52891428947217, 155.52891428947217, 155.52891428947217, 155.52891428947217, 187.04649552738246, 187.04649552738246, 187.04649552738246, 187.04649552738246, 187.04649552738246, 187.04649552738246, 187.04649552738246, 187.04649552738246, 187.04649552738246, 187.04649552738246, 187.04649552738246, 187.27550367333615, 187.27550367333615, 187.27550367333615, 187.27550367333615, 187.27550367333615, 187.27550367333615, 187.27550367333615, 187.27550367333615, 187.27550367333615, 187.27550367333615, 187.27550367333615, 187.27550367333615, 187.27550367333615, 187.27550367333615, 187.27550367333615, 187.27550367333615, 187.27550367333615, 187.27550367333615, 187.89183641203908, 187.89183641203908, 187.89183641203908, 187.89183641203908, 187.89183641203908, 187.89183641203908, 187.89183641203908, 187.89183641203908, 187.89183641203908, 187.4183227305314, 187.4183227305314, 187.4183227305314, 187.4183227305314, 187.4183227305314, 187.4183227305314, 187.4183227305314, 187.4183227305314, 187.4183227305314, 187.4183227305314, 187.4183227305314, 187.4183227305314, 187.4183227305314, 187.4183227305314, 187.4183227305314, 187.4183227305314, 187.4183227305314, 187.4183227305314, 187.4183227305314, 187.4183227305314, 187.4183227305314, 187.4183227305314, 187.4183227305314, 187.4183227305314, 187.4183227305314, 187.4183227305314, 187.4183227305314, 187.4183227305314, 187.4183227305314, 187.4183227305314, 187.4183227305314, 187.4183227305314, 187.4183227305314, 187.4183227305314, 187.4183227305314, 187.4183227305314, 187.4183227305314, 187.4183227305314, 187.4183227305314, 187.4183227305314, 187.4183227305314, 187.4183227305314, 187.4183227305314, 187.4183227305314, 187.4183227305314, 187.4183227305314, 187.4183227305314, 187.4183227305314, 187.4183227305314, 187.4183227305314, 187.4183227305314, 187.4183227305314, 187.4183227305314, 187.4183227305314, 187.4183227305314, 187.4183227305314, 187.4183227305314, 187.4183227305314, 187.4183227305314, 187.4183227305314, 187.4183227305314, 187.4183227305314, 187.4183227305314, 187.4183227305314, 187.4183227305314, 187.4183227305314, 187.4183227305314, 187.4183227305314, 187.4183227305314, 187.4183227305314, 187.4183227305314, 187.4183227305314, 187.4183227305314, 187.4183227305314, 187.4183227305314, 187.4183227305314, 187.4183227305314, 187.74896505093665, 187.74896505093665, 195.79534926740538, 195.79534926740538, 195.79534926740538, 195.79534926740538, 195.79534926740538, 195.79534926740538, 195.79534926740538, 195.79534926740538, 195.79534926740538, 195.59918971809444, 195.59918971809444, 203.6375125832216, 203.6375125832216, 203.9140636477746, 203.9140636477746, 203.96807474261607, 203.96807474261607, 203.96807474261607, 203.96807474261607, 203.96807474261607, 203.96807474261607, 203.96807474261607, 203.96807474261607, 203.96807474261607, 203.96807474261607, 203.96807474261607, 215.54099318072878, 215.54099318072878, 215.54099318072878, 215.54099318072878, 215.54099318072878, 215.54099318072878, 215.5415400529892, 215.5415400529892, 215.5415400529892, 215.7838048262252, 215.7838048262252, 215.7838048262252, 220.86639043165792, 220.86639043165792, 220.86639043165792, 220.86639043165792, 220.86639043165792, 220.86639043165792, 220.86639043165792, 220.86639043165792, 220.86639043165792, 220.86639043165792, 220.86639043165792, 220.86639043165792, 220.86639043165792, 220.86639043165792, 220.86639043165792, 220.86639043165792, 220.86639043165792, 220.86639043165792, 220.92859186207238, 220.92859186207238, 220.92859186207238, 220.92859186207238, 220.92859186207238, 220.92859186207238, 220.92859186207238, 220.92859186207238, 220.92859186207238, 220.92859186207238, 220.92859186207238, 220.92859186207238, 220.92859186207238, 220.92859186207238, 220.92859186207238, 220.92859186207238, 220.92859186207238, 220.92859186207238, 229.8037252394371, 229.8037252394371, 229.8037252394371, 229.8037252394371, 229.8037252394371, 229.8037252394371, 229.8037252394371, 229.8037252394371, 229.8037252394371, 229.80434464121618, 229.80434464121618, 229.80434464121618, 229.80434464121618, 229.80434464121618, 229.80434464121618, 241.24567909684492, 241.24567909684492, 241.24567909684492, 241.24567909684492, 241.24567909684492, 241.24567909684492, 241.24567909684492, 241.24567909684492, 241.24567909684492, 241.24567909684492, 241.24567909684492, 241.24567909684492, 241.24567909684492, 241.24567909684492, 241.24567909684492, 241.24567909684492, 241.24567909684492, 241.24567909684492, 241.24567909684492, 241.24567909684492, 241.24567909684492, 241.24567909684492, 241.24567909684492, 241.24567909684492, 241.24567909684492, 241.24567909684492, 241.24567909684492, 241.24567909684492, 241.24567909684492, 241.24567909684492, 241.24567909684492]
real values2: [70.87291263681897, 74.39645309951365, 74.39645309951365, 74.39645309951365, 115.89303989857751, 115.89303989857751, 115.89303989857751, 115.89303989857751, 115.94985205077386, 115.94997398170983, 115.94997398170983, 115.94997398170983, 115.94997398170983, 115.94997398170983, 115.94997398170983, 115.94997398170983, 115.94997398170983, 115.94997398170983, 127.84504410149047, 127.84504410149047, 127.84538896890261, 127.84538896890261, 127.99288306699492, 127.99288306699492, 127.99288306699492, 127.99288306699492, 127.99288306699492, 127.99288306699492, 127.99288306699492, 127.99288306699492, 139.99183778495103, 139.99183778495103, 139.7414288419944, 140.08682999431156, 140.08682999431156, 155.5284880962732, 155.5284880962732, 155.5284880962732, 155.5284880962732, 155.5284880962732, 155.5284880962732, 155.52891428947217, 155.52891428947217, 155.52891428947217, 155.52891428947217, 155.52891428947217, 155.52891428947217, 155.52891428947217, 155.52891428947217, 155.52891428947217, 155.52891428947217, 155.52891428947217, 155.52891428947217, 155.52891428947217, 187.04649552738246, 187.04649552738246, 187.04649552738246, 187.04649552738246, 187.04649552738246, 187.04649552738246, 187.04649552738246, 187.04649552738246, 187.04649552738246, 187.04649552738246, 187.04649552738246, 187.27550367333615, 187.27550367333615, 187.27550367333615, 187.27550367333615, 187.27550367333615, 187.27550367333615, 187.27550367333615, 187.27550367333615, 187.27550367333615, 187.27550367333615, 187.27550367333615, 187.27550367333615, 187.27550367333615, 187.27550367333615, 187.27550367333615, 187.27550367333615, 187.27550367333615, 187.27550367333615, 187.89183641203908, 187.89183641203908, 187.89183641203908, 187.89183641203908, 187.89183641203908, 187.89183641203908, 187.89183641203908, 187.89183641203908, 187.89183641203908, 187.4183227305314, 187.4183227305314, 187.4183227305314, 187.4183227305314, 187.4183227305314, 187.4183227305314, 187.4183227305314, 187.4183227305314, 187.4183227305314, 187.4183227305314, 187.4183227305314, 187.4183227305314, 187.4183227305314, 187.4183227305314, 187.4183227305314, 187.4183227305314, 187.4183227305314, 187.4183227305314, 187.4183227305314, 187.4183227305314, 187.4183227305314, 187.4183227305314, 187.4183227305314, 187.4183227305314, 187.4183227305314, 187.4183227305314, 187.4183227305314, 187.4183227305314, 187.4183227305314, 187.4183227305314, 187.4183227305314, 187.4183227305314, 187.4183227305314, 187.4183227305314, 187.4183227305314, 187.4183227305314, 187.4183227305314, 187.4183227305314, 187.4183227305314, 187.4183227305314, 187.4183227305314, 187.4183227305314, 187.4183227305314, 187.4183227305314, 187.4183227305314, 187.4183227305314, 187.4183227305314, 187.4183227305314, 187.4183227305314, 187.4183227305314, 187.4183227305314, 187.4183227305314, 187.4183227305314, 187.4183227305314, 187.4183227305314, 187.4183227305314, 187.4183227305314, 187.4183227305314, 187.4183227305314, 187.4183227305314, 187.4183227305314, 187.4183227305314, 187.4183227305314, 187.4183227305314, 187.4183227305314, 187.4183227305314, 187.4183227305314, 187.4183227305314, 187.4183227305314, 187.4183227305314, 187.4183227305314, 187.4183227305314, 187.4183227305314, 187.4183227305314, 187.4183227305314, 187.4183227305314, 187.4183227305314, 187.74896505093665, 187.74896505093665, 195.79534926740538, 195.79534926740538, 195.79534926740538, 195.79534926740538, 195.79534926740538, 195.79534926740538, 195.79534926740538, 195.79534926740538, 195.79534926740538, 195.59918971809444, 195.59918971809444, 203.6375125832216, 203.6375125832216, 203.9140636477746, 203.9140636477746, 203.96807474261607, 203.96807474261607, 203.96807474261607, 203.96807474261607, 203.96807474261607, 203.96807474261607, 203.96807474261607, 203.96807474261607, 203.96807474261607, 203.96807474261607, 203.96807474261607, 215.54099318072878, 215.54099318072878, 215.54099318072878, 215.54099318072878, 215.54099318072878, 215.54099318072878, 215.5415400529892, 215.5415400529892, 215.5415400529892, 215.7838048262252, 215.7838048262252, 215.7838048262252, 220.86639043165792, 220.86639043165792, 220.86639043165792, 220.86639043165792, 220.86639043165792, 220.86639043165792, 220.86639043165792, 220.86639043165792, 220.86639043165792, 220.86639043165792, 220.86639043165792, 220.86639043165792, 220.86639043165792, 220.86639043165792, 220.86639043165792, 220.86639043165792, 220.86639043165792, 220.86639043165792, 220.92859186207238, 220.92859186207238, 220.92859186207238, 220.92859186207238, 220.92859186207238, 220.92859186207238, 220.92859186207238, 220.92859186207238, 220.92859186207238, 220.92859186207238, 220.92859186207238, 220.92859186207238, 220.92859186207238, 220.92859186207238, 220.92859186207238, 220.92859186207238, 220.92859186207238, 220.92859186207238, 229.8037252394371, 229.8037252394371, 229.8037252394371, 229.8037252394371, 229.8037252394371, 229.8037252394371, 229.8037252394371, 229.8037252394371, 229.8037252394371, 229.80434464121618, 229.80434464121618, 229.80434464121618, 229.80434464121618, 229.80434464121618, 229.80434464121618, 241.24567909684492, 241.24567909684492, 241.24567909684492, 241.24567909684492, 241.24567909684492, 241.24567909684492, 241.24567909684492, 241.24567909684492, 241.24567909684492, 241.24567909684492, 241.24567909684492, 241.24567909684492, 241.24567909684492, 241.24567909684492, 241.24567909684492, 241.24567909684492, 241.24567909684492, 241.24567909684492, 241.24567909684492, 241.24567909684492, 241.24567909684492, 241.24567909684492, 241.24567909684492, 241.24567909684492, 241.24567909684492, 241.24567909684492, 241.24567909684492, 241.24567909684492, 241.24567909684492, 241.24567909684492, 241.24567909684492]
Done!
