('generated stochastic delays:', [array([ 2, 11,  5, ...,  2,  3,  1])])
('opt_fidel_cost:', 1.1)
Running Experiment1: 
('total budget:', 600)
Auto Init: 
C: 20.469600578508693
nu: 20.469600578508693
Budget Remaining: 591.997209072
Number of MFHOO Instances: 1
Budget per MFHOO Instance:590.897209072
Running SOO number: 1 rho: 0.95 nu: 20.469600578508693
delay_type: DHOO
policy: UCBV
[0.9921875 0.765625  0.765625  0.984375  0.765625  0.015625  0.015625
 0.484375 ]
final iterations:63943090
final HOO number of nodes:583
final HOO height:45
final duration:590
final optimal value:265.198810 
time durations: [0.0007970333099365234, 4.006901025772095, 4.007692098617554, 8.020015001296997, 12.026221990585327, 16.032069206237793, 16.033162117004395, 20.03723907470703, 24.041064023971558, 24.042097091674805, 28.051491022109985, 32.05724215507507, 32.05797815322876, 36.08111119270325, 36.0821590423584, 40.09124803543091, 40.09203600883484, 44.10829019546509, 44.10938811302185, 48.11294412612915, 48.11368107795715, 52.12896013259888, 52.13029599189758, 56.13356113433838, 56.134316205978394, 56.13564419746399, 60.142579078674316, 64.1524510383606, 64.15387606620789, 68.15888118743896, 72.16388607025146, 72.1654109954834, 76.16931104660034, 80.17152118682861, 80.17259001731873, 84.18817710876465, 84.18967199325562, 84.19055414199829, 88.21052503585815, 88.21222615242004, 92.22744703292847, 96.23484897613525, 96.23611116409302, 96.23678398132324, 100.24979305267334, 100.2506971359253, 100.25153613090515, 104.26013803482056, 104.26586818695068, 108.28124713897705, 108.28282618522644, 112.28891015052795, 112.29054498672485, 116.29631400108337, 120.30097603797913, 124.30699014663696, 124.30885601043701, 124.31012320518494, 128.3178141117096, 132.33349704742432, 132.33529901504517, 136.33772802352905, 140.34267115592957, 140.34449315071106, 140.34574913978577, 144.36003518104553, 148.36675214767456, 148.36868715286255, 152.37646508216858, 152.37827014923096, 156.38381814956665, 156.385644197464, 160.39514303207397, 160.39690017700195, 160.3985240459442, 164.40611100196838, 164.407790184021, 168.41974306106567, 172.43104314804077, 172.43311309814453, 176.4491741657257, 176.4508261680603, 180.46431303024292, 180.46630001068115, 184.47571516036987, 184.47745013237, 188.49463415145874, 188.49682021141052, 192.50164198875427, 196.50938606262207, 196.5113160610199, 200.52344298362732, 200.52587699890137, 204.5425901412964, 204.54442310333252, 208.56203818321228, 212.57683515548706, 212.57923316955566, 216.59032607078552, 216.5921471118927, 220.6013422012329, 220.6038830280304, 224.6200602054596, 224.62253499031067, 224.6244502067566, 228.63278603553772, 232.63840007781982, 232.64068603515625, 236.6520380973816, 236.65434503555298, 240.66383910179138, 244.67825508117676, 244.68064498901367, 248.68345999717712, 248.68536400794983, 252.69732403755188, 252.6993260383606, 256.71813011169434, 256.72008204460144, 260.7325801849365, 260.73600816726685, 264.7476861476898, 264.74979305267334, 264.7530701160431, 264.7553131580353, 264.7589921951294, 268.7646381855011, 268.7669610977173, 272.7765791416168, 272.77854800224304, 272.783527135849, 276.7899692058563, 276.79621505737305, 276.79866909980774, 280.7973721027374, 280.80322098731995, 280.8050730228424, 280.80823516845703, 284.81211709976196, 284.813992023468, 284.8227059841156, 288.8312530517578, 288.83394408226013, 288.8371551036835, 292.8447871208191, 292.8491370677948, 292.8560130596161, 292.85900497436523, 296.8670620918274, 296.86979699134827, 296.8722651004791, 296.875253200531, 300.8845500946045, 300.8874170780182, 300.8901481628418, 300.8929681777954, 304.91128611564636, 304.9144220352173, 304.9174280166626, 308.9250671863556, 308.9277801513672, 312.945837020874, 316.9602541923523, 316.96353697776794, 320.9829931259155, 320.9855492115021, 325.00723600387573, 325.0101070404053, 329.03075408935547, 329.0337030887604, 333.0419030189514, 337.04907608032227, 337.0531179904938, 341.0626971721649, 341.0661380290985, 345.0759561061859, 345.07928919792175, 349.08597803115845, 349.0896580219269, 349.09198904037476, 353.10597801208496, 353.10969710350037, 357.11512207984924, 361.1216251850128, 361.1259870529175, 365.13682198524475, 365.14009618759155, 369.1533291339874, 369.156387090683, 373.16582918167114, 373.16992807388306, 377.1807291507721, 377.1842291355133, 377.1876120567322, 381.2034590244293, 381.2066900730133, 385.23089718818665, 389.2419590950012, 389.24506998062134, 393.2612111568451, 393.26477909088135, 397.2749240398407, 397.27834916114807, 401.28392720222473, 401.28814601898193, 405.2951250076294, 409.30548214912415, 409.30934619903564, 413.3288300037384, 417.3402361869812, 417.34387016296387, 421.35163712501526, 421.3546462059021, 421.35878801345825, 425.37319898605347, 429.38235998153687, 429.38592004776, 433.3923110961914, 433.39663910865784, 437.41172313690186, 437.41712617874146, 441.4251391887665, 445.4278061389923, 445.4318571090698, 449.444354057312, 449.44853115081787, 453.460116147995, 453.46514916419983, 457.47033405303955, 461.48149013519287, 461.48574709892273, 465.49525809288025, 469.51372599601746, 469.5181541442871, 469.5222849845886, 473.5411992073059, 473.5443630218506, 473.54841899871826, 477.5623290538788, 477.5663480758667, 481.58136510849, 481.58742904663086, 485.59943413734436, 485.60345697402954, 489.61778712272644, 489.62193512916565, 493.631884098053, 497.6417851448059, 497.64647006988525, 501.65888500213623, 501.66391110420227, 505.67549204826355, 509.6892750263214, 509.69389820098877, 509.69810009002686, 513.710205078125, 517.7217919826508, 517.7264130115509, 521.7467241287231, 521.7512500286102, 525.7578370571136, 529.7694401741028, 529.7741839885712, 533.7844870090485, 533.7896552085876, 537.815052986145, 537.8194231987, 541.8425471782684, 545.851814031601, 545.8563601970673, 549.8790650367737, 549.8825480937958, 553.9098420143127, 553.9146130084991, 557.9301731586456, 557.9354450702667, 561.9511361122131, 561.9566991329193, 561.9614670276642, 565.9730091094971, 565.9781410694122, 570.0056221485138, 570.0119152069092, 574.0211751461029, 574.0265421867371, 578.0470290184021, 578.0522301197052, 578.0573990345001, 582.0670790672302, 586.0810890197754, 586.0873761177063, 590.1024761199951, 590.1085031032562]
noisy values: [56.41319345295263, 56.41319345295263, 59.962338364486115, 86.56691326519997, 87.46292080977017, 88.33565338767795, 88.33565338767795, 98.38855627169536, 98.38855627169536, 98.38855627169536, 98.45755423491572, 99.11795822903021, 99.11795822903021, 109.31194229675623, 109.31194229675623, 109.31194229675623, 109.31194229675623, 109.31194229675623, 109.31194229675623, 110.43892391316969, 110.43892391316969, 123.51911088145211, 123.51911088145211, 150.2618987239721, 150.2618987239721, 150.2618987239721, 151.27008243911234, 152.2084144371822, 152.2084144371822, 152.2084144371822, 152.2084144371822, 152.2084144371822, 159.62080488386982, 160.3985093264003, 160.3985093264003, 167.86279857880908, 167.86279857880908, 167.86279857880908, 167.86279857880908, 167.86279857880908, 168.06962478235477, 178.74054888038236, 178.74054888038236, 178.74054888038236, 184.25458521578628, 184.25458521578628, 184.25458521578628, 184.25458521578628, 184.25458521578628, 184.25458521578628, 184.25458521578628, 184.25458521578628, 184.25458521578628, 202.09919754196903, 202.09919754196903, 202.09919754196903, 202.09919754196903, 202.09919754196903, 202.9555765976702, 203.75729310407354, 203.75729310407354, 203.75729310407354, 208.5554114679908, 208.5554114679908, 208.5554114679908, 209.33330818703575, 209.33330818703575, 209.3576693383311, 213.98810381455613, 213.98810381455613, 213.98825678484943, 213.98825678484943, 213.98825678484943, 213.98825678484943, 213.98825678484943, 213.98825678484943, 213.98825678484943, 213.98825678484943, 213.98825678484943, 213.98825678484943, 214.12441473300635, 214.12441473300635, 221.24394103902011, 221.24394103902011, 221.24394103902011, 221.24394103902011, 224.57366738607408, 224.57366738607408, 224.57366738607408, 224.57366738607408, 224.57366738607408, 224.57366738607408, 224.57366738607408, 234.99838446647158, 234.99838446647158, 235.6401829805154, 235.6401829805154, 235.6401829805154, 235.6401829805154, 235.6401829805154, 236.24161823515155, 236.24161823515155, 239.0612524174098, 239.0612524174098, 239.0612524174098, 239.0612524174098, 239.0612524174098, 239.0612524174098, 239.63548994642503, 239.63548994642503, 239.63548994642503, 239.63548994642503, 239.63548994642503, 242.41456458127098, 242.41456458127098, 242.41456458127098, 242.41456458127098, 242.41456458127098, 242.41456458127098, 242.41456458127098, 242.41456458127098, 242.41456458127098, 242.41456458127098, 242.41456458127098, 242.41456458127098, 242.41456458127098, 242.41456458127098, 242.41456458127098, 242.41456458127098, 242.41456458127098, 242.41456458127098, 242.43182548946154, 242.43182548946154, 242.43182548946154, 246.62457283145358, 246.62457283145358, 246.62457283145358, 246.62457283145358, 248.65157636664784, 248.65157636664784, 248.65157636664784, 248.65157636664784, 248.65157636664784, 248.65157636664784, 248.65157636664784, 248.65157636664784, 248.65157636664784, 248.65157636664784, 248.65157636664784, 248.65157636664784, 248.65157636664784, 248.65157636664784, 248.65157636664784, 248.65157636664784, 248.65157636664784, 248.65157636664784, 248.65157636664784, 248.65157636664784, 248.65157636664784, 249.01880285101964, 249.01880285101964, 249.01880285101964, 249.01880285101964, 249.01880285101964, 250.076935805886, 250.076935805886, 250.076935805886, 250.076935805886, 250.076935805886, 250.076935805886, 254.8252320553648, 254.8252320553648, 254.8252320553648, 254.8252320553648, 254.8252320553648, 254.8252320553648, 254.8252320553648, 254.8252320553648, 254.8252320553648, 254.8252320553648, 254.8252320553648, 254.8252320553648, 254.8252320553648, 254.8252320553648, 254.8252320553648, 254.8252320553648, 254.8252320553648, 254.8252320553648, 254.8252320553648, 254.8252320553648, 254.8252320553648, 254.8252320553648, 254.8252320553648, 254.8252320553648, 254.8252320553648, 254.8252320553648, 254.8252320553648, 254.8252320553648, 254.8252320553648, 254.8252320553648, 254.8252320553648, 254.8252320553648, 254.8252320553648, 254.8252320553648, 254.8252320553648, 255.14692262871102, 255.14692262871102, 255.14692262871102, 255.14692262871102, 255.14692262871102, 255.14692262871102, 255.14692262871102, 255.14692262871102, 255.14692262871102, 255.15702724018453, 255.15708044585554, 255.15708044585554, 256.7504016311031, 256.7504016311031, 256.7504016311031, 256.7504016311031, 256.7504016311031, 256.7504550092382, 256.7504550092382, 257.1600522941416, 257.1600522941416, 258.66860628278783, 258.66860628278783, 258.70924908116933, 258.70924908116933, 258.70924908116933, 258.70924908116933, 258.70924908116933, 258.70924908116933, 258.70924908116933, 260.9996868404898, 260.9996868404898, 260.9996868404898, 260.9996868404898, 260.9996868404898, 260.9996868404898, 260.9996868404898, 260.9996868404898, 260.9996868404898, 260.9996868404898, 260.9996868404898, 261.05140063364684, 261.05140063364684, 261.05140063364684, 261.05140063364684, 261.05140063364684, 261.05140063364684, 261.05140063364684, 261.05140063364684, 261.05140063364684, 261.05140063364684, 261.05140063364684, 261.05140063364684, 261.05140063364684, 261.05140063364684, 261.05140063364684, 261.05140063364684, 261.05140063364684, 262.75082070022813, 262.75082070022813, 262.75082070022813, 262.75082070022813, 262.75082070022813, 262.75082070022813, 262.75082070022813, 263.6098926254748, 263.6098926254748, 263.6098926254748, 263.6098926254748, 263.6098926254748, 263.6098926254748, 263.6098926254748, 263.6098926254748, 263.6098926254748, 263.6098926254748, 263.6098926254748, 263.6098926254748, 263.6098926254748, 263.6098926254748, 263.6098926254748, 263.6098926254748, 265.19880971296317, 265.19880971296317, 265.19880971296317, 265.19880971296317, 265.19880971296317, 265.19880971296317, 265.19880971296317]
data points:
values: [70.87291263681897, 70.87291263681897, 70.87291263681897, 104.94235514585168, 104.94235514585168, 104.91505875640752, 104.9151680585975, 104.9151680585975, 115.76846130603862, 115.76846130603862, 115.76846130603862, 115.84971215281733, 115.60573850339742, 115.60573850339742, 126.4437764880909, 126.4437764880909, 126.4437764880909, 126.4437764880909, 126.4437764880909, 126.4437764880909, 126.7540228513272, 140.72709289218426, 140.72709289218426, 170.011352098677, 170.011352098677, 170.011352098677, 170.011352098677, 170.0346266977426, 170.0347220081357, 170.0347220081357, 170.0347220081357, 170.0347220081357, 170.0347220081357, 177.27712907348723, 177.16103233867406, 177.16103233867406, 184.44162270875657, 184.44162270875657, 184.44162270875657, 184.44162270875657, 184.44162270875657, 195.42865660180678, 195.42865660180678, 195.42865660180678, 195.42865660180678, 200.5214354291072, 200.5214354291072, 200.5214354291072, 200.5214354291072, 200.5214354291072, 200.5214354291072, 200.5214354291072, 218.974877834111, 218.974877834111, 218.974877834111, 218.974877834111, 218.974877834111, 218.974877834111, 218.974877834111, 218.9884657724305, 218.9885333625516, 218.9885333625516, 218.9885333625516, 223.31067546839142, 223.31067546839142, 223.31067546839142, 223.3535191663765, 223.3795083458835, 223.3795083458835, 227.55802751461943, 227.55802751461943, 227.55817229833232, 227.55817229833232, 227.55817229833232, 227.55817229833232, 227.55817229833232, 227.55817229833232, 227.55817229833232, 227.55817229833232, 227.55817229833232, 227.55817229833232, 227.70298270096512, 234.53036842559055, 234.53036842559055, 234.53036842559055, 234.53036842559055, 234.53036842559055, 237.34738475014973, 237.34738475014973, 237.34738475014973, 237.34738475014973, 237.34738475014973, 237.34738475014973, 247.66072525259708, 247.66072525259708, 247.66072525259708, 247.6698490266395, 247.6698490266395, 247.6698490266395, 247.6698490266395, 247.6698490266395, 247.66980299302926, 247.66980299302926, 250.02109859106437, 250.02109859106437, 250.02109859106437, 250.02109859106437, 250.02109859106437, 250.02109859106437, 250.04847804589815, 250.04847804589815, 250.04847804589815, 250.04847804589815, 250.04847804589815, 252.39993816160188, 252.39993816160188, 252.39993816160188, 252.39993816160188, 252.39993816160188, 252.39993816160188, 252.39993816160188, 252.39993816160188, 252.39993816160188, 252.39993816160188, 252.39993816160188, 252.39993816160188, 252.39993816160188, 252.39993816160188, 252.39993816160188, 252.39993816160188, 252.39993816160188, 252.39993816160188, 252.4179085957021, 252.4179085957021, 256.25558912848726, 256.25558912848726, 256.25558912848726, 256.25558912848726, 256.25558912848726, 257.8582659095183, 257.8582659095183, 257.8582659095183, 257.8582659095183, 257.8582659095183, 257.8582659095183, 257.8582659095183, 257.8582659095183, 257.8582659095183, 257.8582659095183, 257.8582659095183, 257.8582659095183, 257.8582659095183, 257.8582659095183, 257.8582659095183, 257.8582659095183, 257.8582659095183, 257.8582659095183, 257.8582659095183, 257.8582659095183, 257.8582659095183, 257.7618822092652, 257.7618822092652, 257.7618822092652, 257.7618822092652, 257.7618822092652, 258.40354151711057, 258.40354151711057, 258.40354151711057, 258.40354151711057, 258.40354151711057, 263.30993787503036, 263.30993787503036, 263.30993787503036, 263.30993787503036, 263.30993787503036, 263.30993787503036, 263.30993787503036, 263.30993787503036, 263.30993787503036, 263.30993787503036, 263.30993787503036, 263.30993787503036, 263.30993787503036, 263.30993787503036, 263.30993787503036, 263.30993787503036, 263.30993787503036, 263.30993787503036, 263.30993787503036, 263.30993787503036, 263.30993787503036, 263.30993787503036, 263.30993787503036, 263.30993787503036, 263.30993787503036, 263.30993787503036, 263.30993787503036, 263.30993787503036, 263.30993787503036, 263.30993787503036, 263.30993787503036, 263.30993787503036, 263.30993787503036, 263.30993787503036, 263.30993787503036, 263.30993787503036, 263.2041597535381, 263.2041597535381, 263.2041597535381, 263.2041597535381, 263.2041597535381, 263.2041597535381, 263.2041597535381, 263.2041597535381, 263.2041597535381, 263.21458600466633, 263.21463770955995, 264.4407409084148, 264.4407409084148, 264.4407409084148, 264.4407409084148, 264.4407409084148, 264.4407409084148, 264.44079285416973, 264.44079285416973, 264.46658585855266, 264.46658585855266, 265.6406270972278, 265.6406270972278, 265.6823659400371, 265.6823659400371, 265.6823659400371, 265.6823659400371, 265.6823659400371, 265.6823659400371, 265.6823659400371, 267.6738051932979, 267.6738051932979, 267.6738051932979, 267.6738051932979, 267.6738051932979, 267.6738051932979, 267.6738051932979, 267.6738051932979, 267.6738051932979, 267.6738051932979, 267.6738051932979, 267.72684141218747, 267.72684141218747, 267.72684141218747, 267.72684141218747, 267.72684141218747, 267.72684141218747, 267.72684141218747, 267.72684141218747, 267.72684141218747, 267.72684141218747, 267.72684141218747, 267.72684141218747, 267.72684141218747, 267.72684141218747, 267.72684141218747, 267.72684141218747, 267.72684141218747, 268.79954673155936, 268.79954673155936, 268.79954673155936, 268.79954673155936, 268.79954673155936, 268.79954673155936, 268.79954673155936, 269.6783918138839, 269.6783918138839, 269.6783918138839, 269.6783918138839, 269.6783918138839, 269.6783918138839, 269.6783918138839, 269.6783918138839, 269.6783918138839, 269.6783918138839, 269.6783918138839, 269.6783918138839, 269.6783918138839, 269.6783918138839, 269.6783918138839, 271.30389033464843, 271.30389033464843, 271.30389033464843, 271.30389033464843, 271.30389033464843, 271.30389033464843, 271.30389033464843]
real values1: [70.87291263681897, 70.87291263681897, 74.39645309951365, 104.94235514585168, 104.91505875640752, 104.9151680585975, 104.9151680585975, 115.76846130603862, 115.76846130603862, 115.76846130603862, 115.84971215281733, 115.60573850339742, 115.60573850339742, 126.4437764880909, 126.4437764880909, 126.4437764880909, 126.4437764880909, 126.4437764880909, 126.4437764880909, 126.7540228513272, 126.7540228513272, 140.72709289218426, 140.72709289218426, 170.011352098677, 170.011352098677, 170.011352098677, 170.0346266977426, 170.0347220081357, 170.0347220081357, 170.0347220081357, 170.0347220081357, 170.0347220081357, 177.27712907348723, 177.16103233867406, 177.16103233867406, 184.44162270875657, 184.44162270875657, 184.44162270875657, 184.44162270875657, 184.44162270875657, 184.66887631645017, 195.42865660180678, 195.42865660180678, 195.42865660180678, 200.5214354291072, 200.5214354291072, 200.5214354291072, 200.5214354291072, 200.5214354291072, 200.5214354291072, 200.5214354291072, 200.5214354291072, 218.974877834111, 218.974877834111, 218.974877834111, 218.974877834111, 218.974877834111, 218.974877834111, 218.9884657724305, 218.9885333625516, 218.9885333625516, 218.9885333625516, 223.31067546839142, 223.31067546839142, 223.31067546839142, 223.3535191663765, 223.3795083458835, 223.3795083458835, 227.55802751461943, 227.55802751461943, 227.55817229833232, 227.55817229833232, 227.55817229833232, 227.55817229833232, 227.55817229833232, 227.55817229833232, 227.55817229833232, 227.55817229833232, 227.55817229833232, 227.55817229833232, 227.70298270096512, 227.70298270096512, 234.53036842559055, 234.53036842559055, 234.53036842559055, 234.53036842559055, 237.34738475014973, 237.34738475014973, 237.34738475014973, 237.34738475014973, 237.34738475014973, 237.34738475014973, 237.34738475014973, 247.66072525259708, 247.66072525259708, 247.6698490266395, 247.6698490266395, 247.6698490266395, 247.6698490266395, 247.6698490266395, 247.66980299302926, 247.66980299302926, 250.02109859106437, 250.02109859106437, 250.02109859106437, 250.02109859106437, 250.02109859106437, 250.02109859106437, 250.04847804589815, 250.04847804589815, 250.04847804589815, 250.04847804589815, 250.04847804589815, 252.39993816160188, 252.39993816160188, 252.39993816160188, 252.39993816160188, 252.39993816160188, 252.39993816160188, 252.39993816160188, 252.39993816160188, 252.39993816160188, 252.39993816160188, 252.39993816160188, 252.39993816160188, 252.39993816160188, 252.39993816160188, 252.39993816160188, 252.39993816160188, 252.39993816160188, 252.39993816160188, 252.4179085957021, 252.4179085957021, 252.4179085957021, 256.25558912848726, 256.25558912848726, 256.25558912848726, 256.25558912848726, 257.8582659095183, 257.8582659095183, 257.8582659095183, 257.8582659095183, 257.8582659095183, 257.8582659095183, 257.8582659095183, 257.8582659095183, 257.8582659095183, 257.8582659095183, 257.8582659095183, 257.8582659095183, 257.8582659095183, 257.8582659095183, 257.8582659095183, 257.8582659095183, 257.8582659095183, 257.8582659095183, 257.8582659095183, 257.8582659095183, 257.8582659095183, 257.7618822092652, 257.7618822092652, 257.7618822092652, 257.7618822092652, 257.7618822092652, 258.40354151711057, 258.40354151711057, 258.40354151711057, 258.40354151711057, 258.40354151711057, 258.40354151711057, 263.30993787503036, 263.30993787503036, 263.30993787503036, 263.30993787503036, 263.30993787503036, 263.30993787503036, 263.30993787503036, 263.30993787503036, 263.30993787503036, 263.30993787503036, 263.30993787503036, 263.30993787503036, 263.30993787503036, 263.30993787503036, 263.30993787503036, 263.30993787503036, 263.30993787503036, 263.30993787503036, 263.30993787503036, 263.30993787503036, 263.30993787503036, 263.30993787503036, 263.30993787503036, 263.30993787503036, 263.30993787503036, 263.30993787503036, 263.30993787503036, 263.30993787503036, 263.30993787503036, 263.30993787503036, 263.30993787503036, 263.30993787503036, 263.30993787503036, 263.30993787503036, 263.30993787503036, 263.2041597535381, 263.2041597535381, 263.2041597535381, 263.2041597535381, 263.2041597535381, 263.2041597535381, 263.2041597535381, 263.2041597535381, 263.2041597535381, 263.21458600466633, 263.21463770955995, 264.4407409084148, 264.4407409084148, 264.4407409084148, 264.4407409084148, 264.4407409084148, 264.4407409084148, 264.44079285416973, 264.44079285416973, 264.46658585855266, 264.46658585855266, 265.6406270972278, 265.6406270972278, 265.6823659400371, 265.6823659400371, 265.6823659400371, 265.6823659400371, 265.6823659400371, 265.6823659400371, 265.6823659400371, 267.6738051932979, 267.6738051932979, 267.6738051932979, 267.6738051932979, 267.6738051932979, 267.6738051932979, 267.6738051932979, 267.6738051932979, 267.6738051932979, 267.6738051932979, 267.6738051932979, 267.72684141218747, 267.72684141218747, 267.72684141218747, 267.72684141218747, 267.72684141218747, 267.72684141218747, 267.72684141218747, 267.72684141218747, 267.72684141218747, 267.72684141218747, 267.72684141218747, 267.72684141218747, 267.72684141218747, 267.72684141218747, 267.72684141218747, 267.72684141218747, 267.72684141218747, 268.79954673155936, 268.79954673155936, 268.79954673155936, 268.79954673155936, 268.79954673155936, 268.79954673155936, 268.79954673155936, 269.6783918138839, 269.6783918138839, 269.6783918138839, 269.6783918138839, 269.6783918138839, 269.6783918138839, 269.6783918138839, 269.6783918138839, 269.6783918138839, 269.6783918138839, 269.6783918138839, 269.6783918138839, 269.6783918138839, 269.6783918138839, 269.6783918138839, 269.6783918138839, 271.30389033464843, 271.30389033464843, 271.30389033464843, 271.30389033464843, 271.30389033464843, 271.30389033464843, 271.30389033464843]
real values2: [70.87291263681897, 70.87291263681897, 74.39645309951365, 104.94235514585168, 104.91505875640752, 104.9151680585975, 104.9151680585975, 115.76846130603862, 115.76846130603862, 115.76846130603862, 115.84971215281733, 115.60573850339742, 115.60573850339742, 126.4437764880909, 126.4437764880909, 126.4437764880909, 126.4437764880909, 126.4437764880909, 126.4437764880909, 126.7540228513272, 126.7540228513272, 140.72709289218426, 140.72709289218426, 170.011352098677, 170.011352098677, 170.011352098677, 170.0346266977426, 170.0347220081357, 170.0347220081357, 170.0347220081357, 170.0347220081357, 170.0347220081357, 177.27712907348723, 177.16103233867406, 177.16103233867406, 184.44162270875657, 184.44162270875657, 184.44162270875657, 184.44162270875657, 184.44162270875657, 184.66887631645017, 195.42865660180678, 195.42865660180678, 195.42865660180678, 200.5214354291072, 200.5214354291072, 200.5214354291072, 200.5214354291072, 200.5214354291072, 200.5214354291072, 200.5214354291072, 200.5214354291072, 218.974877834111, 218.974877834111, 218.974877834111, 218.974877834111, 218.974877834111, 218.974877834111, 218.9884657724305, 218.9885333625516, 218.9885333625516, 218.9885333625516, 223.31067546839142, 223.31067546839142, 223.31067546839142, 223.3535191663765, 223.3795083458835, 223.3795083458835, 227.55802751461943, 227.55802751461943, 227.55817229833232, 227.55817229833232, 227.55817229833232, 227.55817229833232, 227.55817229833232, 227.55817229833232, 227.55817229833232, 227.55817229833232, 227.55817229833232, 227.55817229833232, 227.70298270096512, 227.70298270096512, 234.53036842559055, 234.53036842559055, 234.53036842559055, 234.53036842559055, 237.34738475014973, 237.34738475014973, 237.34738475014973, 237.34738475014973, 237.34738475014973, 237.34738475014973, 237.34738475014973, 247.66072525259708, 247.66072525259708, 247.6698490266395, 247.6698490266395, 247.6698490266395, 247.6698490266395, 247.6698490266395, 247.66980299302926, 247.66980299302926, 250.02109859106437, 250.02109859106437, 250.02109859106437, 250.02109859106437, 250.02109859106437, 250.02109859106437, 250.04847804589815, 250.04847804589815, 250.04847804589815, 250.04847804589815, 250.04847804589815, 252.39993816160188, 252.39993816160188, 252.39993816160188, 252.39993816160188, 252.39993816160188, 252.39993816160188, 252.39993816160188, 252.39993816160188, 252.39993816160188, 252.39993816160188, 252.39993816160188, 252.39993816160188, 252.39993816160188, 252.39993816160188, 252.39993816160188, 252.39993816160188, 252.39993816160188, 252.39993816160188, 252.4179085957021, 252.4179085957021, 252.4179085957021, 256.25558912848726, 256.25558912848726, 256.25558912848726, 256.25558912848726, 257.8582659095183, 257.8582659095183, 257.8582659095183, 257.8582659095183, 257.8582659095183, 257.8582659095183, 257.8582659095183, 257.8582659095183, 257.8582659095183, 257.8582659095183, 257.8582659095183, 257.8582659095183, 257.8582659095183, 257.8582659095183, 257.8582659095183, 257.8582659095183, 257.8582659095183, 257.8582659095183, 257.8582659095183, 257.8582659095183, 257.8582659095183, 257.7618822092652, 257.7618822092652, 257.7618822092652, 257.7618822092652, 257.7618822092652, 258.40354151711057, 258.40354151711057, 258.40354151711057, 258.40354151711057, 258.40354151711057, 258.40354151711057, 263.30993787503036, 263.30993787503036, 263.30993787503036, 263.30993787503036, 263.30993787503036, 263.30993787503036, 263.30993787503036, 263.30993787503036, 263.30993787503036, 263.30993787503036, 263.30993787503036, 263.30993787503036, 263.30993787503036, 263.30993787503036, 263.30993787503036, 263.30993787503036, 263.30993787503036, 263.30993787503036, 263.30993787503036, 263.30993787503036, 263.30993787503036, 263.30993787503036, 263.30993787503036, 263.30993787503036, 263.30993787503036, 263.30993787503036, 263.30993787503036, 263.30993787503036, 263.30993787503036, 263.30993787503036, 263.30993787503036, 263.30993787503036, 263.30993787503036, 263.30993787503036, 263.30993787503036, 263.2041597535381, 263.2041597535381, 263.2041597535381, 263.2041597535381, 263.2041597535381, 263.2041597535381, 263.2041597535381, 263.2041597535381, 263.2041597535381, 263.21458600466633, 263.21463770955995, 264.4407409084148, 264.4407409084148, 264.4407409084148, 264.4407409084148, 264.4407409084148, 264.4407409084148, 264.44079285416973, 264.44079285416973, 264.46658585855266, 264.46658585855266, 265.6406270972278, 265.6406270972278, 265.6823659400371, 265.6823659400371, 265.6823659400371, 265.6823659400371, 265.6823659400371, 265.6823659400371, 265.6823659400371, 267.6738051932979, 267.6738051932979, 267.6738051932979, 267.6738051932979, 267.6738051932979, 267.6738051932979, 267.6738051932979, 267.6738051932979, 267.6738051932979, 267.6738051932979, 267.6738051932979, 267.72684141218747, 267.72684141218747, 267.72684141218747, 267.72684141218747, 267.72684141218747, 267.72684141218747, 267.72684141218747, 267.72684141218747, 267.72684141218747, 267.72684141218747, 267.72684141218747, 267.72684141218747, 267.72684141218747, 267.72684141218747, 267.72684141218747, 267.72684141218747, 267.72684141218747, 268.79954673155936, 268.79954673155936, 268.79954673155936, 268.79954673155936, 268.79954673155936, 268.79954673155936, 268.79954673155936, 269.6783918138839, 269.6783918138839, 269.6783918138839, 269.6783918138839, 269.6783918138839, 269.6783918138839, 269.6783918138839, 269.6783918138839, 269.6783918138839, 269.6783918138839, 269.6783918138839, 269.6783918138839, 269.6783918138839, 269.6783918138839, 269.6783918138839, 271.30389033464843, 271.30389033464843, 271.30389033464843, 271.30389033464843, 271.30389033464843, 271.30389033464843, 271.30389033464843, 271.30389033464843]
Done!
