('generated stochastic delays:', [array([ 2, 11,  5, ...,  2,  3,  1])])
('opt_fidel_cost:', 1.1)
Running Experiment1: 
('total budget:', 600)
Auto Init: 
C: 20.469600578508693
nu: 20.469600578508693
Budget Remaining: 591.995440006
Number of MFHOO Instances: 1
Budget per MFHOO Instance:590.895440006
Running SOO number: 1 rho: 0.95 nu: 20.469600578508693
delay_type: DHOO
policy: UCBV
[0.9921875 0.0703125 0.390625  0.984375  0.796875  0.015625  0.015625
 0.984375 ]
final iterations:57254815
final HOO number of nodes:579
final HOO height:47
final duration:590
final optimal value:292.914413 
time durations: [0.0008320808410644531, 4.005496978759766, 8.007138013839722, 8.007888078689575, 12.022035121917725, 12.023066997528076, 16.027204990386963, 16.027822017669678, 20.073163986206055, 24.07830500602722, 24.07890295982361, 28.090909957885742, 32.094462156295776, 32.09522318840027, 36.10098099708557, 36.10194802284241, 40.12115502357483, 44.1252601146698, 44.1258270740509, 48.13399696350098, 48.135276079177856, 52.14105415344238, 52.14193916320801, 56.14608812332153, 56.147019147872925, 60.15449404716492, 64.16194915771484, 64.16290616989136, 68.1707911491394, 72.17600512504578, 72.17716717720032, 72.1789391040802, 76.18517708778381, 76.18602705001831, 76.186851978302, 80.19754409790039, 80.19864702224731, 80.19990015029907, 84.2099220752716, 84.2114610671997, 84.21295595169067, 88.21781301498413, 88.2191321849823, 92.23029613494873, 92.23184418678284, 96.2422251701355, 96.24346613883972, 100.24982118606567, 104.26098418235779, 104.26327013969421, 108.2708351612091, 112.27761697769165, 116.2831699848175, 116.28583216667175, 120.29020595550537, 120.29196310043335, 124.29696607589722, 124.2986900806427, 128.30866503715515, 132.31109309196472, 132.31345295906067, 136.3224651813507, 136.32433700561523, 140.32870316505432, 144.33290696144104, 148.34352898597717, 148.34528517723083, 152.35190105438232, 152.35330605506897, 156.3657820224762, 156.36736512184143, 160.37400007247925, 160.37582516670227, 164.37981295585632, 164.38181114196777, 168.39271712303162, 168.3991711139679, 168.40096402168274, 172.4081470966339, 172.40977096557617, 176.4173240661621, 180.42457008361816, 180.4264371395111, 184.43663597106934, 184.43789911270142, 188.44739317893982, 192.45415997505188, 192.45638704299927, 192.4583339691162, 196.46668815612793, 196.46871995925903, 200.4807801246643, 200.48259615898132, 204.4901421070099, 204.49224209785461, 204.49411797523499, 208.5020990371704, 208.50446915626526, 208.506520986557, 212.52207708358765, 212.5239770412445, 216.53353595733643, 216.53545498847961, 220.54425811767578, 220.54620003700256, 224.56055116653442, 228.5702669620514, 228.57272911071777, 232.58583998680115, 232.58884716033936, 236.59805011749268, 236.60146117210388, 240.610906124115, 240.61292600631714, 244.6219310760498, 248.62648010253906, 248.62896299362183, 252.63967108726501, 256.649924993515, 256.65264415740967, 260.6653001308441, 260.66778898239136, 264.6781451702118, 268.6831920146942, 268.685937166214, 272.6941571235657, 272.6972780227661, 276.7032811641693, 276.7056610584259, 280.7289459705353, 280.73560404777527, 280.7406179904938, 280.74708795547485, 280.75254917144775, 284.7586991786957, 288.7689759731293, 288.77208709716797, 288.77514004707336, 292.7906880378723, 292.7932560443878, 296.80081009864807, 296.8047351837158, 300.8125321865082, 304.82003712654114, 304.8234210014343, 308.8333909511566, 312.8443260192871, 312.84782814979553, 316.857027053833, 316.86038517951965, 320.8722369670868, 324.8767919540405, 324.8793001174927, 328.8868820667267, 328.8897120952606, 332.8961441516876, 332.8989100456238, 336.90951204299927, 336.9124081134796, 340.92258405685425, 340.92668199539185, 344.94030714035034, 344.9444441795349, 344.94923305511475, 348.9623329639435, 348.9671301841736, 348.9709720611572, 352.98085618019104, 352.9839200973511, 356.9968991279602, 356.9997751712799, 361.01416301727295, 361.01740312576294, 365.02688813209534, 365.0301911830902, 369.0477981567383, 369.0526111125946, 373.06508803367615, 373.06897616386414, 377.08119010925293, 377.0856330394745, 381.0959119796753, 385.10336112976074, 385.10772705078125, 389.12300395965576, 389.1267600059509, 393.1326241493225, 397.1420991420746, 397.1461760997772, 401.1593999862671, 405.16809010505676, 405.1756889820099, 405.1811909675598, 409.19418716430664, 409.2001860141754, 413.20970606803894, 417.23020195961, 417.2352340221405, 421.24590706825256, 421.2496531009674, 425.26693415641785, 425.27702617645264, 429.28861713409424, 429.2921211719513, 433.31060695648193, 433.31505513191223, 437.34168910980225, 437.35827898979187, 441.3669171333313, 441.37292313575745, 445.38478899002075, 445.38891315460205, 449.4157221317291, 449.42126417160034, 453.428738117218, 453.4332070350647, 453.4369020462036, 457.454861164093, 461.45892810821533, 461.4627830982208, 465.47239208221436, 465.47898411750793, 465.4843771457672, 469.4971549510956, 469.50283002853394, 473.5176320075989, 473.525906085968, 477.5378131866455, 477.5426061153412, 481.5565221309662, 481.5631790161133, 481.56917810440063, 485.5807900428772, 485.589910030365, 489.60145115852356, 489.6053831577301, 493.6157400608063, 493.6196780204773, 497.63439297676086, 497.6409261226654, 497.64911699295044, 497.6556851863861, 501.66867113113403, 501.6755590438843, 501.68244314193726, 505.69642996788025, 505.7023651599884, 505.70776104927063, 509.72033405303955, 509.72704005241394, 513.7391700744629, 513.7446870803833, 513.7512111663818, 517.7725820541382, 517.7778961658478, 521.7939331531525, 521.8057420253754, 525.8223690986633, 525.8269109725952, 529.8360650539398, 529.8417520523071, 529.8471701145172, 533.8547420501709, 533.8603229522705, 537.8756749629974, 537.8820340633392, 541.8984801769257, 541.9041080474854, 545.9182360172272, 549.9270629882812, 549.9322621822357, 553.9486491680145, 557.9638509750366, 557.9688971042633, 561.9809260368347, 561.9875559806824, 566.0025470256805, 566.009770154953, 570.0319349765778, 570.0368180274963, 574.0501160621643, 574.056636095047, 574.0622451305389, 578.0806791782379, 578.0865621566772, 582.1001119613647, 582.1061320304871, 586.1230850219727, 586.1340990066528, 590.1532020568848, 590.1624059677124]
noisy values: [56.41319345295263, 59.962338364486115, 59.962338364486115, 59.962338364486115, 85.59978474516566, 94.53204731537316, 94.53204731537316, 94.53204731537316, 95.64698050257498, 96.66193426208731, 96.66193426208731, 107.72559663853852, 107.72559663853852, 107.72559663853852, 107.72559663853852, 107.72559663853852, 108.85119185048819, 120.10753303186345, 120.10753303186345, 134.4559257306102, 134.4559257306102, 134.4559257306102, 134.4559257306102, 163.70659887524437, 163.70659887524437, 166.15941148945262, 167.2511278415081, 167.2511278415081, 175.50084718313718, 175.50084718313718, 175.50084718313718, 175.50084718313718, 176.4735123466172, 176.4735123466172, 176.4735123466172, 176.4735123466172, 176.4735123466172, 176.4735123466172, 184.50805113393358, 184.50805113393358, 184.50805113393358, 184.74199482036778, 184.74199482036778, 184.74199482036778, 184.74199482036778, 184.89946606796298, 184.89946606796298, 184.89946606796298, 184.89993180664797, 184.89993180664797, 184.89993180664797, 196.46198100594904, 196.46198100594904, 202.08427808287456, 202.08427808287456, 202.08427808287456, 202.08427808287456, 202.08427808287456, 202.08427808287456, 202.08427808287456, 203.28163861046275, 212.70960748583394, 212.70960748583394, 222.98288278143207, 224.054496476577, 224.71511187649804, 224.71511187649804, 230.00675424295517, 230.00675424295517, 230.00675424295517, 230.00675424295517, 230.23627356998873, 230.23627356998873, 230.23652863146904, 230.23652863146904, 230.23652863146904, 230.23652863146904, 230.23652863146904, 230.88989930311334, 230.88989930311334, 236.00036887653374, 236.00036887653374, 236.00036887653374, 236.00036887653374, 236.00036887653374, 236.37569988188272, 236.37569988188272, 236.37569988188272, 236.37569988188272, 236.37569988188272, 236.37569988188272, 236.37595852616127, 236.37595852616127, 244.24433644524913, 244.24433644524913, 244.24433644524913, 244.8362106121954, 244.8362106121954, 244.8362106121954, 248.35908457243494, 248.35908457243494, 253.95182533399526, 253.95182533399526, 259.86512041124917, 259.86512041124917, 259.86512041124917, 259.86512041124917, 259.86512041124917, 259.86512041124917, 259.86512041124917, 259.86512041124917, 259.86512041124917, 259.86512041124917, 259.86512041124917, 260.7078787931884, 261.33852938772065, 261.33852938772065, 264.4243361039594, 264.4243361039594, 264.4243361039594, 264.4243361039594, 264.4243361039594, 264.75160061193355, 264.75160061193355, 264.75160061193355, 265.0382445537206, 265.0382445537206, 268.0008078167939, 268.0008078167939, 268.0008078167939, 268.0008078167939, 268.0008078167939, 268.0008078167939, 268.0008078167939, 268.0008078167939, 268.0008078167939, 268.0008078167939, 268.0008078167939, 268.0008078167939, 268.0008078167939, 268.0008078167939, 268.0008078167939, 268.0008078167939, 268.0008078167939, 268.0008078167939, 269.24739757191867, 269.24739757191867, 269.24739757191867, 272.39795473408446, 272.39795473408446, 274.453642224249, 274.453642224249, 274.453642224249, 274.453642224249, 274.453642224249, 274.453642224249, 274.453642224249, 274.453642224249, 274.453642224249, 274.453642224249, 274.453642224249, 274.453642224249, 274.453642224249, 274.453642224249, 280.75427661391035, 280.75427661391035, 280.75427661391035, 280.75427661391035, 280.75427661391035, 280.75427661391035, 280.75427661391035, 281.1783920129841, 281.1783920129841, 281.62239710518116, 281.62239710518116, 281.62239710518116, 281.62239710518116, 281.62239710518116, 281.62239710518116, 281.62239710518116, 281.62239710518116, 281.62239710518116, 283.2554566313556, 283.2554566313556, 283.3580344228965, 283.3580344228965, 283.7855484439477, 283.7855484439477, 283.7855484439477, 283.7855484439477, 283.7855484439477, 283.7855484439477, 283.7855484439477, 283.7855484439477, 283.7855484439477, 285.38307988388124, 285.38307988388124, 285.38307988388124, 285.38307988388124, 285.38307988388124, 285.43491200483965, 285.43491200483965, 285.43491200483965, 285.43491200483965, 287.93733975303246, 287.93733975303246, 288.04159898270876, 288.04159898270876, 288.04159898270876, 288.04159898270876, 288.0416809359712, 288.0416809359712, 288.0416809359712, 288.0416809359712, 288.0416809359712, 288.0416809359712, 288.0416809359712, 288.0416809359712, 288.0416809359712, 288.0416809359712, 289.0473687239767, 289.0473687239767, 289.0473687239767, 289.0473687239767, 289.0473687239767, 289.0473687239767, 289.0473687239767, 289.0473687239767, 289.0473687239767, 289.0473687239767, 289.0473687239767, 289.0473687239767, 289.0473687239767, 289.0473687239767, 289.0473687239767, 289.0473687239767, 289.0473687239767, 289.0473687239767, 289.0473687239767, 289.0473687239767, 289.0473687239767, 289.0473687239767, 289.2057257808586, 289.2057257808586, 289.2057257808586, 289.2057257808586, 289.2057257808586, 289.2057257808586, 292.50843437396645, 292.50843437396645, 292.50843437396645, 292.50843437396645, 292.50843437396645, 292.50843437396645, 292.50843437396645, 292.50843437396645, 292.50843437396645, 292.50843437396645, 292.50843437396645, 292.50843437396645, 292.50843437396645, 292.50843437396645, 292.50843437396645, 292.50843437396645, 292.50843437396645, 292.50843437396645, 292.50843437396645, 292.50843437396645, 292.50843437396645, 292.50843437396645, 292.50843437396645, 292.50843437396645, 292.50843437396645, 292.50843437396645, 292.50843437396645, 292.50843437396645, 292.5613878624771, 292.5613878624771, 292.9144126838346, 292.9144126838346, 292.9144126838346, 292.9144126838346, 292.9144126838346, 292.9144126838346, 292.9144126838346, 292.9144126838346, 292.9144126838346, 292.9144126838346, 292.9144126838346, 292.9144126838346, 292.9144126838346]
data points:
values: [70.87291263681897, 70.87291263681897, 74.39645309951365, 74.39645309951365, 104.94235514585168, 104.94235514585168, 115.89303989857751, 115.89303989857751, 115.89303989857751, 115.94985205077386, 115.9496880938515, 115.9496880938515, 127.9444834139051, 127.9444834139051, 127.9444834139051, 127.9444834139051, 127.9444834139051, 128.07938742337058, 140.08682999431156, 155.5284880962732, 155.5284880962732, 155.5284880962732, 155.5284880962732, 187.89121954521187, 187.89121954521187, 187.89121954521187, 187.99845657252325, 187.99824301671651, 187.99824301671651, 196.0553105745758, 196.0553105745758, 196.0553105745758, 196.0553105745758, 195.99421854239168, 195.99421854239168, 195.99421854239168, 195.99421854239168, 195.99421854239168, 195.99421854239168, 203.7902869025776, 203.7902869025776, 203.7902869025776, 204.04877546879132, 204.04877546879132, 204.04877546879132, 204.04877546879132, 204.22264846624844, 204.22264846624844, 204.22264846624844, 204.22307586110767, 204.22307586110767, 215.86549299342195, 215.86549299342195, 220.95197285875054, 220.95197285875054, 220.95197285875054, 220.95197285875054, 220.95197285875054, 220.95197285875054, 220.95197285875054, 220.95197285875054, 230.47134727388377, 230.47134727388377, 241.60248827909697, 241.60248827909697, 241.7542008502588, 241.51308659546427, 241.51308659546427, 246.2797922519537, 246.2797922519537, 246.2797922519537, 246.2797922519537, 246.52554056853833, 246.52554056853833, 246.52578059219172, 246.52578059219172, 246.52578059219172, 246.52578059219172, 246.52578059219172, 246.35393989926698, 246.35393989926698, 250.9662535714738, 250.9662535714738, 250.9662535714738, 250.9662535714738, 250.9662535714738, 251.36537756500564, 251.36537756500564, 251.36537756500564, 251.36537756500564, 251.36537756500564, 251.36537756500564, 251.36562236743947, 258.9120413974627, 258.9120413974627, 258.9120413974627, 258.9120413974627, 258.76248097296525, 258.76248097296525, 258.76248097296525, 261.7413479795221, 266.91633764411927, 266.91633764411927, 273.13152066138474, 273.13152066138474, 273.13152066138474, 273.13152066138474, 273.13152066138474, 273.13152066138474, 273.13152066138474, 273.13152066138474, 273.13152066138474, 273.13152066138474, 273.13152066138474, 273.13152066138474, 273.3196177589599, 273.3196788653555, 273.3196788653555, 275.91448594319115, 275.91448594319115, 275.91448594319115, 275.91448594319115, 275.91448594319115, 275.65708781485404, 275.65708781485404, 275.65708781485404, 275.95550991558076, 275.95550991558076, 278.46658508864317, 278.46658508864317, 278.46658508864317, 278.46658508864317, 278.46658508864317, 278.46658508864317, 278.46658508864317, 278.46658508864317, 278.46658508864317, 278.46658508864317, 278.46658508864317, 278.46658508864317, 278.46658508864317, 278.46658508864317, 278.46658508864317, 278.46658508864317, 278.46658508864317, 278.46658508864317, 278.7007328909812, 278.7007328909812, 278.7007328909812, 282.4839196564732, 282.4839196564732, 284.08978008551634, 284.08978008551634, 284.08978008551634, 284.08978008551634, 284.08978008551634, 284.08978008551634, 284.08978008551634, 284.08978008551634, 284.08978008551634, 284.08978008551634, 284.08978008551634, 284.08978008551634, 284.08978008551634, 290.1023581973379, 290.1023581973379, 290.1023581973379, 290.1023581973379, 290.1023581973379, 290.1023581973379, 290.1023581973379, 290.1023581973379, 290.05769814917556, 290.05769814917556, 290.05773686694727, 290.05773686694727, 290.05773686694727, 290.05773686694727, 290.05773686694727, 290.05773686694727, 290.05773686694727, 290.05773686694727, 290.05773686694727, 291.3034522866442, 291.3034522866442, 291.4089375045262, 291.4089375045262, 291.43457938984596, 291.43457938984596, 291.43457938984596, 291.43457938984596, 291.43457938984596, 291.43457938984596, 291.43457938984596, 291.43457938984596, 291.43457938984596, 292.68073698885104, 292.68073698885104, 292.68073698885104, 292.68073698885104, 292.68073698885104, 292.7338920387855, 292.7338920387855, 292.7338920387855, 294.92323776094537, 294.92323776094537, 294.92323776094537, 295.0300202381346, 295.0300202381346, 295.0300202381346, 295.0300202381346, 295.03010039120534, 295.03010039120534, 295.03010039120534, 295.03010039120534, 295.03010039120534, 295.03010039120534, 295.03010039120534, 295.03010039120534, 295.03010039120534, 295.03010039120534, 295.70148135736724, 295.70148135736724, 295.70148135736724, 295.70148135736724, 295.70148135736724, 295.70148135736724, 295.70148135736724, 295.70148135736724, 295.70148135736724, 295.70148135736724, 295.70148135736724, 295.70148135736724, 295.70148135736724, 295.70148135736724, 295.70148135736724, 295.70148135736724, 295.70148135736724, 295.70148135736724, 295.70148135736724, 295.70148135736724, 295.70148135736724, 295.70148135736724, 295.86348170322674, 295.86348170322674, 295.86348170322674, 295.86348170322674, 295.86348170322674, 298.89817893228997, 298.89817893228997, 298.89817893228997, 298.89817893228997, 298.89817893228997, 298.89817893228997, 298.89817893228997, 298.89817893228997, 298.89817893228997, 298.89817893228997, 298.89817893228997, 298.89817893228997, 298.89817893228997, 298.89817893228997, 298.89817893228997, 298.89817893228997, 298.89817893228997, 298.89817893228997, 298.89817893228997, 298.89817893228997, 298.89817893228997, 298.89817893228997, 298.89817893228997, 298.89817893228997, 298.89817893228997, 298.89817893228997, 298.89817893228997, 298.89817893228997, 298.89817893228997, 298.95228920415497, 298.95228920415497, 298.9864612702039, 298.9864612702039, 298.9864612702039, 298.9864612702039, 298.9864612702039, 298.9864612702039, 298.9864612702039, 298.9864612702039, 298.9864612702039, 298.9864612702039, 298.9864612702039, 298.9864612702039]
real values1: [70.87291263681897, 74.39645309951365, 74.39645309951365, 74.39645309951365, 104.94235514585168, 115.89303989857751, 115.89303989857751, 115.89303989857751, 115.94985205077386, 115.9496880938515, 115.9496880938515, 127.9444834139051, 127.9444834139051, 127.9444834139051, 127.9444834139051, 127.9444834139051, 128.07938742337058, 140.08682999431156, 140.08682999431156, 155.5284880962732, 155.5284880962732, 155.5284880962732, 155.5284880962732, 187.89121954521187, 187.89121954521187, 187.99845657252325, 187.99824301671651, 187.99824301671651, 196.0553105745758, 196.0553105745758, 196.0553105745758, 196.0553105745758, 195.99421854239168, 195.99421854239168, 195.99421854239168, 195.99421854239168, 195.99421854239168, 195.99421854239168, 203.7902869025776, 203.7902869025776, 203.7902869025776, 204.04877546879132, 204.04877546879132, 204.04877546879132, 204.04877546879132, 204.22264846624844, 204.22264846624844, 204.22264846624844, 204.22307586110767, 204.22307586110767, 204.22307586110767, 215.86549299342195, 215.86549299342195, 220.95197285875054, 220.95197285875054, 220.95197285875054, 220.95197285875054, 220.95197285875054, 220.95197285875054, 220.95197285875054, 221.2283714875906, 230.47134727388377, 230.47134727388377, 241.60248827909697, 241.7542008502588, 241.51308659546427, 241.51308659546427, 246.2797922519537, 246.2797922519537, 246.2797922519537, 246.2797922519537, 246.52554056853833, 246.52554056853833, 246.52578059219172, 246.52578059219172, 246.52578059219172, 246.52578059219172, 246.52578059219172, 246.35393989926698, 246.35393989926698, 250.9662535714738, 250.9662535714738, 250.9662535714738, 250.9662535714738, 250.9662535714738, 251.36537756500564, 251.36537756500564, 251.36537756500564, 251.36537756500564, 251.36537756500564, 251.36537756500564, 251.36562236743947, 251.36562236743947, 258.9120413974627, 258.9120413974627, 258.9120413974627, 258.76248097296525, 258.76248097296525, 258.76248097296525, 261.7413479795221, 261.7413479795221, 266.91633764411927, 266.91633764411927, 273.13152066138474, 273.13152066138474, 273.13152066138474, 273.13152066138474, 273.13152066138474, 273.13152066138474, 273.13152066138474, 273.13152066138474, 273.13152066138474, 273.13152066138474, 273.13152066138474, 273.3196177589599, 273.3196788653555, 273.3196788653555, 275.91448594319115, 275.91448594319115, 275.91448594319115, 275.91448594319115, 275.91448594319115, 275.65708781485404, 275.65708781485404, 275.65708781485404, 275.95550991558076, 275.95550991558076, 278.46658508864317, 278.46658508864317, 278.46658508864317, 278.46658508864317, 278.46658508864317, 278.46658508864317, 278.46658508864317, 278.46658508864317, 278.46658508864317, 278.46658508864317, 278.46658508864317, 278.46658508864317, 278.46658508864317, 278.46658508864317, 278.46658508864317, 278.46658508864317, 278.46658508864317, 278.46658508864317, 278.7007328909812, 278.7007328909812, 278.7007328909812, 282.4839196564732, 282.4839196564732, 284.08978008551634, 284.08978008551634, 284.08978008551634, 284.08978008551634, 284.08978008551634, 284.08978008551634, 284.08978008551634, 284.08978008551634, 284.08978008551634, 284.08978008551634, 284.08978008551634, 284.08978008551634, 284.08978008551634, 284.08978008551634, 290.1023581973379, 290.1023581973379, 290.1023581973379, 290.1023581973379, 290.1023581973379, 290.1023581973379, 290.1023581973379, 290.05769814917556, 290.05769814917556, 290.05773686694727, 290.05773686694727, 290.05773686694727, 290.05773686694727, 290.05773686694727, 290.05773686694727, 290.05773686694727, 290.05773686694727, 290.05773686694727, 291.3034522866442, 291.3034522866442, 291.4089375045262, 291.4089375045262, 291.43457938984596, 291.43457938984596, 291.43457938984596, 291.43457938984596, 291.43457938984596, 291.43457938984596, 291.43457938984596, 291.43457938984596, 291.43457938984596, 292.68073698885104, 292.68073698885104, 292.68073698885104, 292.68073698885104, 292.68073698885104, 292.7338920387855, 292.7338920387855, 292.7338920387855, 292.7338920387855, 294.92323776094537, 294.92323776094537, 295.0300202381346, 295.0300202381346, 295.0300202381346, 295.0300202381346, 295.03010039120534, 295.03010039120534, 295.03010039120534, 295.03010039120534, 295.03010039120534, 295.03010039120534, 295.03010039120534, 295.03010039120534, 295.03010039120534, 295.03010039120534, 295.70148135736724, 295.70148135736724, 295.70148135736724, 295.70148135736724, 295.70148135736724, 295.70148135736724, 295.70148135736724, 295.70148135736724, 295.70148135736724, 295.70148135736724, 295.70148135736724, 295.70148135736724, 295.70148135736724, 295.70148135736724, 295.70148135736724, 295.70148135736724, 295.70148135736724, 295.70148135736724, 295.70148135736724, 295.70148135736724, 295.70148135736724, 295.70148135736724, 295.86348170322674, 295.86348170322674, 295.86348170322674, 295.86348170322674, 295.86348170322674, 295.86348170322674, 298.89817893228997, 298.89817893228997, 298.89817893228997, 298.89817893228997, 298.89817893228997, 298.89817893228997, 298.89817893228997, 298.89817893228997, 298.89817893228997, 298.89817893228997, 298.89817893228997, 298.89817893228997, 298.89817893228997, 298.89817893228997, 298.89817893228997, 298.89817893228997, 298.89817893228997, 298.89817893228997, 298.89817893228997, 298.89817893228997, 298.89817893228997, 298.89817893228997, 298.89817893228997, 298.89817893228997, 298.89817893228997, 298.89817893228997, 298.89817893228997, 298.89817893228997, 298.95228920415497, 298.95228920415497, 298.9864612702039, 298.9864612702039, 298.9864612702039, 298.9864612702039, 298.9864612702039, 298.9864612702039, 298.9864612702039, 298.9864612702039, 298.9864612702039, 298.9864612702039, 298.9864612702039, 298.9864612702039, 298.9864612702039]
real values2: [70.87291263681897, 74.39645309951365, 74.39645309951365, 74.39645309951365, 104.94235514585168, 115.89303989857751, 115.89303989857751, 115.89303989857751, 115.94985205077386, 115.9496880938515, 115.9496880938515, 127.9444834139051, 127.9444834139051, 127.9444834139051, 127.9444834139051, 127.9444834139051, 128.07938742337058, 140.08682999431156, 140.08682999431156, 155.5284880962732, 155.5284880962732, 155.5284880962732, 155.5284880962732, 187.89121954521187, 187.89121954521187, 187.99845657252325, 187.99824301671651, 187.99824301671651, 196.0553105745758, 196.0553105745758, 196.0553105745758, 196.0553105745758, 195.99421854239168, 195.99421854239168, 195.99421854239168, 195.99421854239168, 195.99421854239168, 195.99421854239168, 203.7902869025776, 203.7902869025776, 203.7902869025776, 204.04877546879132, 204.04877546879132, 204.04877546879132, 204.04877546879132, 204.22264846624844, 204.22264846624844, 204.22264846624844, 204.22307586110767, 204.22307586110767, 204.22307586110767, 215.86549299342195, 220.95197285875054, 220.95197285875054, 220.95197285875054, 220.95197285875054, 220.95197285875054, 220.95197285875054, 220.95197285875054, 220.95197285875054, 221.2283714875906, 230.47134727388377, 230.47134727388377, 241.60248827909697, 241.7542008502588, 241.51308659546427, 241.51308659546427, 246.2797922519537, 246.2797922519537, 246.2797922519537, 246.2797922519537, 246.52554056853833, 246.52554056853833, 246.52578059219172, 246.52578059219172, 246.52578059219172, 246.52578059219172, 246.52578059219172, 246.35393989926698, 246.35393989926698, 250.9662535714738, 250.9662535714738, 250.9662535714738, 250.9662535714738, 250.9662535714738, 251.36537756500564, 251.36537756500564, 251.36537756500564, 251.36537756500564, 251.36537756500564, 251.36537756500564, 251.36562236743947, 251.36562236743947, 258.9120413974627, 258.9120413974627, 258.9120413974627, 258.76248097296525, 258.76248097296525, 258.76248097296525, 261.7413479795221, 261.7413479795221, 266.91633764411927, 266.91633764411927, 273.13152066138474, 273.13152066138474, 273.13152066138474, 273.13152066138474, 273.13152066138474, 273.13152066138474, 273.13152066138474, 273.13152066138474, 273.13152066138474, 273.13152066138474, 273.13152066138474, 273.3196177589599, 273.3196788653555, 273.3196788653555, 275.91448594319115, 275.91448594319115, 275.91448594319115, 275.91448594319115, 275.91448594319115, 275.65708781485404, 275.65708781485404, 275.65708781485404, 275.95550991558076, 275.95550991558076, 278.46658508864317, 278.46658508864317, 278.46658508864317, 278.46658508864317, 278.46658508864317, 278.46658508864317, 278.46658508864317, 278.46658508864317, 278.46658508864317, 278.46658508864317, 278.46658508864317, 278.46658508864317, 278.46658508864317, 278.46658508864317, 278.46658508864317, 278.46658508864317, 278.46658508864317, 278.46658508864317, 278.7007328909812, 278.7007328909812, 278.7007328909812, 282.4839196564732, 282.4839196564732, 284.08978008551634, 284.08978008551634, 284.08978008551634, 284.08978008551634, 284.08978008551634, 284.08978008551634, 284.08978008551634, 284.08978008551634, 284.08978008551634, 284.08978008551634, 284.08978008551634, 284.08978008551634, 284.08978008551634, 284.08978008551634, 290.1023581973379, 290.1023581973379, 290.1023581973379, 290.1023581973379, 290.1023581973379, 290.1023581973379, 290.1023581973379, 290.05769814917556, 290.05769814917556, 290.05773686694727, 290.05773686694727, 290.05773686694727, 290.05773686694727, 290.05773686694727, 290.05773686694727, 290.05773686694727, 290.05773686694727, 290.05773686694727, 291.3034522866442, 291.3034522866442, 291.4089375045262, 291.4089375045262, 291.43457938984596, 291.43457938984596, 291.43457938984596, 291.43457938984596, 291.43457938984596, 291.43457938984596, 291.43457938984596, 291.43457938984596, 291.43457938984596, 292.68073698885104, 292.68073698885104, 292.68073698885104, 292.68073698885104, 292.68073698885104, 292.7338920387855, 292.7338920387855, 292.7338920387855, 292.7338920387855, 294.92323776094537, 294.92323776094537, 295.0300202381346, 295.0300202381346, 295.0300202381346, 295.0300202381346, 295.03010039120534, 295.03010039120534, 295.03010039120534, 295.03010039120534, 295.03010039120534, 295.03010039120534, 295.03010039120534, 295.03010039120534, 295.03010039120534, 295.03010039120534, 295.70148135736724, 295.70148135736724, 295.70148135736724, 295.70148135736724, 295.70148135736724, 295.70148135736724, 295.70148135736724, 295.70148135736724, 295.70148135736724, 295.70148135736724, 295.70148135736724, 295.70148135736724, 295.70148135736724, 295.70148135736724, 295.70148135736724, 295.70148135736724, 295.70148135736724, 295.70148135736724, 295.70148135736724, 295.70148135736724, 295.70148135736724, 295.70148135736724, 295.86348170322674, 295.86348170322674, 295.86348170322674, 295.86348170322674, 295.86348170322674, 295.86348170322674, 298.89817893228997, 298.89817893228997, 298.89817893228997, 298.89817893228997, 298.89817893228997, 298.89817893228997, 298.89817893228997, 298.89817893228997, 298.89817893228997, 298.89817893228997, 298.89817893228997, 298.89817893228997, 298.89817893228997, 298.89817893228997, 298.89817893228997, 298.89817893228997, 298.89817893228997, 298.89817893228997, 298.89817893228997, 298.89817893228997, 298.89817893228997, 298.89817893228997, 298.89817893228997, 298.89817893228997, 298.89817893228997, 298.89817893228997, 298.89817893228997, 298.89817893228997, 298.95228920415497, 298.95228920415497, 298.9864612702039, 298.9864612702039, 298.9864612702039, 298.9864612702039, 298.9864612702039, 298.9864612702039, 298.9864612702039, 298.9864612702039, 298.9864612702039, 298.9864612702039, 298.9864612702039, 298.9864612702039, 298.9864612702039]
Done!
