('generated stochastic delays:', [array([ 2, 11,  5, ...,  2,  3,  1])])
('opt_fidel_cost:', 1.1)
Running Experiment1: 
('total budget:', 600)
Auto Init: 
C: 20.469600578508693
nu: 20.469600578508693
Budget Remaining: 591.99310112
Number of MFHOO Instances: 1
Budget per MFHOO Instance:590.89310112
Running SOO number: 1 rho: 0.95 nu: 20.469600578508693
delay_type: DHOO
policy: UCBV
[0.9921875 0.015625  0.390625  0.984375  0.953125  0.015625  0.015625
 0.984375 ]
final iterations:63819197
final HOO number of nodes:619
final HOO height:44
final duration:590
final optimal value:292.570315 
time durations: [0.0011410713195800781, 4.007652044296265, 8.013859033584595, 8.015080213546753, 8.015859127044678, 12.029666185379028, 12.03064513206482, 16.0451819896698, 20.047375202178955, 20.047965049743652, 24.053936004638672, 28.059442043304443, 28.060330152511597, 32.06651020050049, 32.06703805923462, 36.07888603210449, 40.0867121219635, 40.08752918243408, 40.08817720413208, 44.11046314239502, 44.111183166503906, 48.118691205978394, 48.119240045547485, 52.16988205909729, 52.1705961227417, 56.190160036087036, 56.190646171569824, 60.20052218437195, 64.20941710472107, 64.21045517921448, 68.21460819244385, 68.21565914154053, 68.22150802612305, 68.22233510017395, 72.24642014503479, 76.24961709976196, 76.25104713439941, 80.25543713569641, 80.25650119781494, 84.26279211044312, 84.26399803161621, 88.28914618492126, 88.29040598869324, 92.30424499511719, 92.30609107017517, 96.3116660118103, 96.31263899803162, 96.3136579990387, 100.337327003479, 100.33868217468262, 100.34003400802612, 104.3426661491394, 104.35437202453613, 104.35571718215942, 108.35066199302673, 108.35198903083801, 108.35340619087219, 108.37813401222229, 108.37952017784119, 112.37630009651184, 112.37762498855591, 112.39678812026978, 112.39857006072998, 116.38238406181335, 116.38396406173706, 116.41057014465332, 116.41196203231812, 120.3869571685791, 120.42357301712036, 120.4253761768341, 124.43184900283813, 128.43729209899902, 132.44542908668518, 132.4468011856079, 136.46350002288818, 136.46551203727722, 140.46885108947754, 140.47101211547852, 144.4836461544037, 148.4825382232666, 148.4844310283661, 152.49100518226624, 152.49232721328735, 156.49777007102966, 156.50029516220093, 160.51434206962585, 160.51698303222656, 160.51890420913696, 164.52546501159668, 164.52721214294434, 164.52899408340454, 168.53038907051086, 168.5345561504364, 172.5325150489807, 172.53474521636963, 176.54174518585205, 180.55263900756836, 180.5549120903015, 184.57302021980286, 184.57504415512085, 188.58710408210754, 192.59228014945984, 192.59438920021057, 196.60298609733582, 196.60519099235535, 200.6470091342926, 200.6488800048828, 204.65515208244324, 204.6571090221405, 208.67052817344666, 212.67848420143127, 212.68100714683533, 216.69114112854004, 220.70101809501648, 220.70298504829407, 224.7109031677246, 228.71835803985596, 228.72119903564453, 232.72718811035156, 232.7297031879425, 232.7318251132965, 236.75108408927917, 236.75353503227234, 236.7557291984558, 240.78041100502014, 240.78349900245667, 244.79271817207336, 248.80284214019775, 248.80558609962463, 252.81056022644043, 252.81285905838013, 256.8525140285492, 260.8634099960327, 260.86642122268677, 264.875999212265, 264.8784351348877, 268.8903741836548, 268.8929421901703, 272.89689016342163, 276.9144661426544, 276.9176230430603, 276.920184135437, 280.9370050430298, 284.94386315345764, 284.9471800327301, 288.95812916755676, 288.960942029953, 292.9772160053253, 292.98114800453186, 296.99076104164124, 296.9935472011566, 301.00338101387024, 301.00615310668945, 305.0124680995941, 309.02709007263184, 309.03021121025085, 313.043662071228, 313.0470380783081, 317.0567510128021, 317.0600130558014, 321.06624817848206, 321.0694971084595, 325.0836110115051, 325.08646607398987, 329.1044330596924, 329.1074631214142, 329.11093401908875, 333.123966217041, 333.12747716903687, 337.14399814605713, 337.14630007743835, 341.1578071117401, 341.1608340740204, 345.17394614219666, 345.17758321762085, 349.2040481567383, 349.20645904541016, 349.2098300457001, 353.2405951023102, 353.2437801361084, 357.25405406951904, 357.2580301761627, 361.26629519462585, 361.2703151702881, 365.27661204338074, 365.2805690765381, 369.294988155365, 369.2982130050659, 373.3545470237732, 373.3589520454407, 377.3767580986023, 377.38099813461304, 381.39011216163635, 385.39781618118286, 385.40214920043945, 389.4150960445404, 393.4216480255127, 393.4256680011749, 397.43413400650024, 397.43761920928955, 401.44758009910583, 401.4514172077179, 405.46900510787964, 405.4726390838623, 409.4921522140503, 413.52021312713623, 413.52407813072205, 417.5369200706482, 417.54090905189514, 417.54533100128174, 421.5562710762024, 421.56009101867676, 421.56386399269104, 425.5661120414734, 425.5702221393585, 425.5926740169525, 425.59658122062683, 429.5819020271301, 429.58644700050354, 429.6067931652069, 429.6112542152405, 433.6048731803894, 433.60833501815796, 433.64156317710876, 433.6460289955139, 437.626177072525, 437.6601731777191, 437.66420102119446, 441.6643030643463, 441.6693251132965, 441.67883706092834, 445.6853971481323, 445.6908152103424, 445.69517612457275, 445.6992290019989, 445.7033591270447, 445.707994222641, 449.7228310108185, 449.734295129776, 449.7383670806885, 453.748419046402, 453.7530481815338, 453.7576529979706, 457.7630171775818, 457.7665719985962, 457.7775881290436, 457.7817151546478, 457.786336183548, 461.81528902053833, 465.83058309555054, 465.8394660949707, 469.8484890460968, 469.85335421562195, 473.8677911758423, 473.8724060058594, 477.89231419563293, 481.9038941860199, 481.90843319892883, 481.9133231639862, 485.92910718917847, 485.9341080188751, 489.97138500213623, 489.9761161804199, 494.0024311542511, 494.0078911781311, 498.02964210510254, 498.0367522239685, 502.0572590827942, 502.06200408935547, 506.0829050540924, 506.08787202835083, 510.1064281463623, 514.1135001182556, 514.1212620735168, 518.1310410499573, 518.135735988617, 522.1681790351868, 522.1729531288147, 522.1778910160065, 526.1960351467133, 526.2012331485748, 530.2335932254791, 530.2386012077332, 534.2490971088409, 534.2544400691986, 538.2761311531067, 538.2810661792755, 542.2993471622467, 542.3043692111969, 546.3360481262207, 546.3415729999542, 550.3513100147247, 550.356418132782, 554.3801670074463, 554.3862061500549, 558.39879322052, 558.4050290584564, 562.4162321090698, 562.422003030777, 566.4501302242279, 566.4547941684723, 570.4680461883545, 570.4730010032654, 574.5014410018921, 574.5064251422882, 578.5399930477142, 582.5649621486664, 582.5696461200714, 586.5894541740417, 586.5934131145477, 590.6066951751709, 590.6119101047516]
noisy values: [56.41319345295263, 56.41319345295263, 85.59978474516566, 85.59978474516566, 85.59978474516566, 94.53204731537316, 94.53204731537316, 95.64698050257498, 96.66193426208731, 96.66193426208731, 96.66226524327068, 107.72559663853852, 107.72559663853852, 107.72559663853852, 107.72559663853852, 108.85119185048819, 120.10753303186345, 120.10753303186345, 120.10753303186345, 134.4559257306102, 134.4559257306102, 134.4559257306102, 134.4559257306102, 134.4559257306102, 134.4559257306102, 163.70659887524437, 163.70659887524437, 165.00998806402785, 166.15961095221112, 166.15961095221112, 166.15961095221112, 174.4190333204299, 174.4190333204299, 174.4190333204299, 175.34236629970798, 175.3935696282174, 175.5961113783914, 183.67082400098533, 183.67082400098533, 183.8824564680532, 183.8824564680532, 183.8824564680532, 183.8824564680532, 183.8829242248343, 183.8829242248343, 195.67959334406316, 195.67959334406316, 195.67959334406316, 201.34279489243508, 201.34279489243508, 201.34279489243508, 201.34279489243508, 201.34279489243508, 201.34279489243508, 201.34279489243508, 201.34279489243508, 201.34279489243508, 201.34279489243508, 201.34279489243508, 201.34279489243508, 201.34279489243508, 201.34279489243508, 201.34279489243508, 201.34279489243508, 201.34279489243508, 201.34279489243508, 201.34279489243508, 201.34279489243508, 201.34279489243508, 220.97134645342948, 220.97134645342948, 220.97134645342948, 220.97134645342948, 220.97134645342948, 220.97134645342948, 220.97134645342948, 222.14234004839528, 222.14234004839528, 223.1228017901825, 223.12305436812608, 228.47649126266617, 228.47649126266617, 228.47649126266617, 228.47649126266617, 228.47649126266617, 228.47649126266617, 228.4767479487317, 228.4767479487317, 230.29917320752526, 230.29917320752526, 230.29917320752526, 235.4549065602972, 235.4549065602972, 235.4549065602972, 235.4549065602972, 236.2431354222756, 236.2431354222756, 236.2431354222756, 236.2431354222756, 236.2431354222756, 236.2431354222756, 243.47235197408003, 243.47235197408003, 243.47235197408003, 243.47235197408003, 246.9133552846887, 246.9133552846887, 246.9133552846887, 246.9133552846887, 246.9133552846887, 246.9133552846887, 246.9133552846887, 247.0577107588805, 252.70147619142307, 252.70147619142307, 252.70147619142307, 258.5892381132421, 258.5892381132421, 258.5892381132421, 258.5892381132421, 258.5892381132421, 259.4929073576633, 259.4929073576633, 259.4929073576633, 260.19194961193966, 260.19194961193966, 263.3325850491388, 263.3325850491388, 263.3325850491388, 263.7352750936774, 263.7352750936774, 263.7352750936774, 263.7352750936774, 263.7352750936774, 266.74618532580087, 266.74618532580087, 266.74618532580087, 266.74618532580087, 267.09800808714607, 267.09800808714607, 267.09800808714607, 267.09800808714607, 267.09800808714607, 267.09800808714607, 267.09800808714607, 267.0981402402528, 267.0981402402528, 271.7589300232956, 271.7589300232956, 271.7589300232956, 271.7589300232956, 271.7589300232956, 271.7589300232956, 271.7589300232956, 271.7589300232956, 271.7589300232956, 273.79428980213316, 273.79428980213316, 273.79428980213316, 273.79428980213316, 273.79428980213316, 273.79428980213316, 273.79428980213316, 273.79428980213316, 273.79428980213316, 273.79428980213316, 273.79428980213316, 280.1430636391974, 280.1430636391974, 280.1430636391974, 280.1430636391974, 280.1430636391974, 280.1430636391974, 280.1430636391974, 280.1430636391974, 280.2212000145737, 280.2212000145737, 280.2212000145737, 280.9193921630999, 280.9193921630999, 280.9193921630999, 281.41258192901364, 281.41258192901364, 281.41258192901364, 281.41258192901364, 281.41258192901364, 281.41258192901364, 281.41258192901364, 283.1941903346212, 283.1941903346212, 283.6591191747185, 283.6591191747185, 283.6591191747185, 283.6591191747185, 283.6591191747185, 283.6591191747185, 283.6591191747185, 283.6591191747185, 283.6591191747185, 283.6591191747185, 285.36505965928677, 285.36505965928677, 285.36505965928677, 285.36505965928677, 285.36505965928677, 285.36505965928677, 285.36505965928677, 285.40117088700407, 285.40117088700407, 285.40117088700407, 288.0027811563518, 288.0027811563518, 288.0027811563518, 288.0027811563518, 288.0027811563518, 288.0027811563518, 288.0027811563518, 288.0027811563518, 288.0027811563518, 288.0027811563518, 288.0027811563518, 288.0027811563518, 288.0027811563518, 288.0027811563518, 288.0027811563518, 288.0027811563518, 288.0027811563518, 288.0027811563518, 288.0027811563518, 288.0027811563518, 288.0027811563518, 288.0027811563518, 288.0027811563518, 288.0027811563518, 288.0027811563518, 288.0027811563518, 288.0027811563518, 288.0027811563518, 288.0027811563518, 288.0027811563518, 288.0027811563518, 288.0027811563518, 288.0027811563518, 288.0027811563518, 288.0027811563518, 288.0027811563518, 288.0027811563518, 288.0027811563518, 289.1706787073253, 289.1706787073253, 289.1706787073253, 289.9070272287121, 289.9070272287121, 289.9070272287121, 289.9070272287121, 289.9070272287121, 289.9070272287121, 289.9070272287121, 289.9070272287121, 289.9070272287121, 289.9070272287121, 289.9070272287121, 289.9070272287121, 290.95543693515515, 290.95543693515515, 290.95543693515515, 290.95543693515515, 290.95543693515515, 290.95543693515515, 292.5703150348094, 292.5703150348094, 292.5703150348094, 292.5703150348094, 292.5703150348094, 292.5703150348094, 292.5703150348094, 292.5703150348094, 292.5703150348094, 292.5703150348094, 292.5703150348094, 292.5703150348094, 292.5703150348094, 292.5703150348094, 292.5703150348094, 292.5703150348094, 292.5703150348094, 292.5703150348094, 292.5703150348094, 292.5703150348094, 292.5703150348094, 292.5703150348094, 292.5703150348094, 292.5703150348094, 292.5703150348094, 292.5703150348094, 292.5703150348094, 292.5703150348094, 292.5703150348094, 292.5703150348094, 292.5703150348094, 292.5703150348094, 292.5703150348094, 292.5703150348094, 292.5703150348094, 292.5703150348094, 292.5703150348094, 292.5703150348094, 292.5703150348094, 292.5703150348094, 292.5703150348094, 292.5703150348094, 292.5703150348094]
data points:
values: [70.87291263681897, 70.87291263681897, 104.94235514585168, 104.94235514585168, 104.94235514585168, 104.94235514585168, 115.89303989857751, 115.89303989857751, 115.94985205077386, 115.9496880938515, 115.9496880938515, 115.94997398170983, 127.9444834139051, 127.9444834139051, 127.9444834139051, 127.9444834139051, 128.07938742337058, 140.08682999431156, 140.08682999431156, 155.5284880962732, 155.5284880962732, 155.5284880962732, 155.5284880962732, 155.5284880962732, 155.5284880962732, 187.89121954521187, 187.89121954521187, 187.89121954521187, 187.99845657252325, 187.99863624488333, 187.99863624488333, 187.99863624488333, 196.0553105745758, 196.0553105745758, 196.0553105745758, 196.05572065537834, 195.9353749775349, 196.16163865606396, 203.98751367524181, 203.98751367524181, 204.22264846624844, 204.22264846624844, 204.22264846624844, 204.22264846624844, 204.22307586110767, 216.12930469708937, 216.12930469708937, 216.12930469708937, 216.12930469708937, 221.2283714875906, 221.2283714875906, 221.2283714875906, 221.2283714875906, 221.2283714875906, 221.2283714875906, 221.2283714875906, 221.2283714875906, 221.2283714875906, 221.2283714875906, 221.2283714875906, 221.2283714875906, 221.2283714875906, 221.2283714875906, 221.2283714875906, 221.2283714875906, 221.2283714875906, 221.2283714875906, 221.2283714875906, 221.2283714875906, 241.60248827909697, 241.60248827909697, 241.60248827909697, 241.60248827909697, 241.60248827909697, 241.60248827909697, 241.60248827909697, 241.60248827909697, 241.7542008502588, 241.7542008502588, 241.75407849301826, 241.75431387105255, 246.52554056853833, 246.52554056853833, 246.52554056853833, 246.52554056853833, 246.52554056853833, 246.52578059219172, 246.52578059219172, 246.52578059219172, 246.5928573857792, 246.5928573857792, 246.5928573857792, 251.224650884937, 251.224650884937, 251.224650884937, 251.224650884937, 251.22440635700747, 251.22440635700747, 251.22440635700747, 251.22440635700747, 251.22440635700747, 258.9120413974627, 258.9120413974627, 258.9120413974627, 258.9120413974627, 258.9120413974627, 261.7413479795221, 261.7413479795221, 261.7413479795221, 261.7413479795221, 261.7413479795221, 261.7413479795221, 261.7413479795221, 267.0751331734922, 267.0751331734922, 267.0751331734922, 273.2977997435049, 273.2977997435049, 273.2977997435049, 273.2977997435049, 273.2977997435049, 273.2977997435049, 273.47508209009743, 273.47508209009743, 273.47508209009743, 273.4750185347687, 273.4750185347687, 276.0713003563013, 276.0713003563013, 276.0713003563013, 275.82633677166194, 275.82633677166194, 275.82633677166194, 275.82633677166194, 275.82633677166194, 278.33727058199514, 278.33727058199514, 278.33727058199514, 278.33727058199514, 278.70434915623815, 278.70434915623815, 278.70434915623815, 278.70434915623815, 278.70434915623815, 278.70434915623815, 278.70434915623815, 278.70447628935295, 282.95303324937356, 282.95303324937356, 282.95303324937356, 282.95303324937356, 282.95303324937356, 282.95303324937356, 282.95303324937356, 282.95303324937356, 282.95303324937356, 282.95303324937356, 284.4863255796288, 284.4863255796288, 284.4863255796288, 284.4863255796288, 284.4863255796288, 284.4863255796288, 284.4863255796288, 284.4863255796288, 284.4863255796288, 284.4863255796288, 290.5157811913103, 290.5157811913103, 290.5157811913103, 290.5157811913103, 290.5157811913103, 290.5157811913103, 290.5157811913103, 290.5157811913103, 290.5157811913103, 290.5968107574746, 290.5968107574746, 290.5968107574746, 290.78250450919444, 290.78250450919444, 290.78250450919444, 290.78253764537294, 290.78253764537294, 290.78253764537294, 290.78253764537294, 290.78253764537294, 290.78253764537294, 290.78253764537294, 292.1371146840936, 292.1371146840936, 292.15542995393696, 292.15542995393696, 292.15542995393696, 292.15542995393696, 292.15542995393696, 292.15542995393696, 292.15542995393696, 292.15542995393696, 292.15542995393696, 292.15542995393696, 293.4729583980405, 293.4729583980405, 293.4729583980405, 293.4729583980405, 293.4729583980405, 293.4729583980405, 293.4729583980405, 293.5100919166291, 293.5100919166291, 293.5100919166291, 295.765451740373, 295.765451740373, 295.765451740373, 295.765451740373, 295.765451740373, 295.765451740373, 295.765451740373, 295.765451740373, 295.765451740373, 295.765451740373, 295.765451740373, 295.765451740373, 295.765451740373, 295.765451740373, 295.765451740373, 295.765451740373, 295.765451740373, 295.765451740373, 295.765451740373, 295.765451740373, 295.765451740373, 295.765451740373, 295.765451740373, 295.765451740373, 295.765451740373, 295.765451740373, 295.765451740373, 295.765451740373, 295.765451740373, 295.765451740373, 295.765451740373, 295.765451740373, 295.765451740373, 295.765451740373, 295.765451740373, 295.765451740373, 295.765451740373, 295.765451740373, 296.5651592670272, 296.5651592670272, 296.5651592670272, 296.94068040384616, 296.94068040384616, 296.94068040384616, 296.94068040384616, 296.94068040384616, 296.94068040384616, 296.94068040384616, 296.94068040384616, 296.94068040384616, 296.94068040384616, 296.94068040384616, 296.94068040384616, 298.01452539919484, 298.01452539919484, 298.01452539919484, 298.01452539919484, 298.01452539919484, 298.01452539919484, 299.66858422308064, 299.66858422308064, 299.66858422308064, 299.66858422308064, 299.66858422308064, 299.66858422308064, 299.66858422308064, 299.66858422308064, 299.66858422308064, 299.66858422308064, 299.66858422308064, 299.66858422308064, 299.66858422308064, 299.66858422308064, 299.66858422308064, 299.66858422308064, 299.66858422308064, 299.66858422308064, 299.66858422308064, 299.66858422308064, 299.66858422308064, 299.66858422308064, 299.66858422308064, 299.66858422308064, 299.66858422308064, 299.66858422308064, 299.66858422308064, 299.66858422308064, 299.66858422308064, 299.66858422308064, 299.66858422308064, 299.66858422308064, 299.66858422308064, 299.66858422308064, 299.66858422308064, 299.66858422308064, 299.66858422308064, 299.66858422308064, 299.66858422308064, 299.66858422308064, 299.66858422308064, 299.66858422308064]
real values1: [70.87291263681897, 70.87291263681897, 104.94235514585168, 104.94235514585168, 104.94235514585168, 115.89303989857751, 115.89303989857751, 115.94985205077386, 115.9496880938515, 115.9496880938515, 115.94997398170983, 127.9444834139051, 127.9444834139051, 127.9444834139051, 127.9444834139051, 128.07938742337058, 140.08682999431156, 140.08682999431156, 140.08682999431156, 155.5284880962732, 155.5284880962732, 155.5284880962732, 155.5284880962732, 155.5284880962732, 155.5284880962732, 187.89121954521187, 187.89121954521187, 187.99845657252325, 187.99863624488333, 187.99863624488333, 187.99863624488333, 196.0553105745758, 196.0553105745758, 196.0553105745758, 196.05572065537834, 195.9353749775349, 196.16163865606396, 203.98751367524181, 203.98751367524181, 204.22264846624844, 204.22264846624844, 204.22264846624844, 204.22264846624844, 204.22307586110767, 204.22307586110767, 216.12930469708937, 216.12930469708937, 216.12930469708937, 221.2283714875906, 221.2283714875906, 221.2283714875906, 221.2283714875906, 221.2283714875906, 221.2283714875906, 221.2283714875906, 221.2283714875906, 221.2283714875906, 221.2283714875906, 221.2283714875906, 221.2283714875906, 221.2283714875906, 221.2283714875906, 221.2283714875906, 221.2283714875906, 221.2283714875906, 221.2283714875906, 221.2283714875906, 221.2283714875906, 221.2283714875906, 241.60248827909697, 241.60248827909697, 241.60248827909697, 241.60248827909697, 241.60248827909697, 241.60248827909697, 241.60248827909697, 241.7542008502588, 241.7542008502588, 241.75407849301826, 241.75431387105255, 246.52554056853833, 246.52554056853833, 246.52554056853833, 246.52554056853833, 246.52554056853833, 246.52578059219172, 246.52578059219172, 246.52578059219172, 246.5928573857792, 246.5928573857792, 246.5928573857792, 251.224650884937, 251.224650884937, 251.224650884937, 251.224650884937, 251.22440635700747, 251.22440635700747, 251.22440635700747, 251.22440635700747, 251.22440635700747, 251.22440635700747, 258.9120413974627, 258.9120413974627, 258.9120413974627, 258.9120413974627, 261.7413479795221, 261.7413479795221, 261.7413479795221, 261.7413479795221, 261.7413479795221, 261.7413479795221, 261.7413479795221, 261.8943727142807, 267.0751331734922, 267.0751331734922, 267.0751331734922, 273.2977997435049, 273.2977997435049, 273.2977997435049, 273.2977997435049, 273.2977997435049, 273.47508209009743, 273.47508209009743, 273.47508209009743, 273.4750185347687, 273.4750185347687, 276.0713003563013, 276.0713003563013, 276.0713003563013, 275.82633677166194, 275.82633677166194, 275.82633677166194, 275.82633677166194, 275.82633677166194, 278.33727058199514, 278.33727058199514, 278.33727058199514, 278.33727058199514, 278.70434915623815, 278.70434915623815, 278.70434915623815, 278.70434915623815, 278.70434915623815, 278.70434915623815, 278.70434915623815, 278.70447628935295, 278.70447628935295, 282.95303324937356, 282.95303324937356, 282.95303324937356, 282.95303324937356, 282.95303324937356, 282.95303324937356, 282.95303324937356, 282.95303324937356, 282.95303324937356, 284.4863255796288, 284.4863255796288, 284.4863255796288, 284.4863255796288, 284.4863255796288, 284.4863255796288, 284.4863255796288, 284.4863255796288, 284.4863255796288, 284.4863255796288, 284.4863255796288, 290.5157811913103, 290.5157811913103, 290.5157811913103, 290.5157811913103, 290.5157811913103, 290.5157811913103, 290.5157811913103, 290.5157811913103, 290.5968107574746, 290.5968107574746, 290.5968107574746, 290.78250450919444, 290.78250450919444, 290.78250450919444, 290.78253764537294, 290.78253764537294, 290.78253764537294, 290.78253764537294, 290.78253764537294, 290.78253764537294, 290.78253764537294, 292.1371146840936, 292.1371146840936, 292.15542995393696, 292.15542995393696, 292.15542995393696, 292.15542995393696, 292.15542995393696, 292.15542995393696, 292.15542995393696, 292.15542995393696, 292.15542995393696, 292.15542995393696, 293.4729583980405, 293.4729583980405, 293.4729583980405, 293.4729583980405, 293.4729583980405, 293.4729583980405, 293.4729583980405, 293.5100919166291, 293.5100919166291, 293.5100919166291, 295.765451740373, 295.765451740373, 295.765451740373, 295.765451740373, 295.765451740373, 295.765451740373, 295.765451740373, 295.765451740373, 295.765451740373, 295.765451740373, 295.765451740373, 295.765451740373, 295.765451740373, 295.765451740373, 295.765451740373, 295.765451740373, 295.765451740373, 295.765451740373, 295.765451740373, 295.765451740373, 295.765451740373, 295.765451740373, 295.765451740373, 295.765451740373, 295.765451740373, 295.765451740373, 295.765451740373, 295.765451740373, 295.765451740373, 295.765451740373, 295.765451740373, 295.765451740373, 295.765451740373, 295.765451740373, 295.765451740373, 295.765451740373, 295.765451740373, 295.765451740373, 296.5651592670272, 296.5651592670272, 296.5651592670272, 296.94068040384616, 296.94068040384616, 296.94068040384616, 296.94068040384616, 296.94068040384616, 296.94068040384616, 296.94068040384616, 296.94068040384616, 296.94068040384616, 296.94068040384616, 296.94068040384616, 296.94068040384616, 298.01452539919484, 298.01452539919484, 298.01452539919484, 298.01452539919484, 298.01452539919484, 298.01452539919484, 299.66858422308064, 299.66858422308064, 299.66858422308064, 299.66858422308064, 299.66858422308064, 299.66858422308064, 299.66858422308064, 299.66858422308064, 299.66858422308064, 299.66858422308064, 299.66858422308064, 299.66858422308064, 299.66858422308064, 299.66858422308064, 299.66858422308064, 299.66858422308064, 299.66858422308064, 299.66858422308064, 299.66858422308064, 299.66858422308064, 299.66858422308064, 299.66858422308064, 299.66858422308064, 299.66858422308064, 299.66858422308064, 299.66858422308064, 299.66858422308064, 299.66858422308064, 299.66858422308064, 299.66858422308064, 299.66858422308064, 299.66858422308064, 299.66858422308064, 299.66858422308064, 299.66858422308064, 299.66858422308064, 299.66858422308064, 299.66858422308064, 299.66858422308064, 299.66858422308064, 299.66858422308064, 299.66858422308064, 299.66858422308064]
real values2: [70.87291263681897, 70.87291263681897, 104.94235514585168, 104.94235514585168, 104.94235514585168, 115.89303989857751, 115.89303989857751, 115.94985205077386, 115.9496880938515, 115.9496880938515, 115.94997398170983, 127.9444834139051, 127.9444834139051, 127.9444834139051, 127.9444834139051, 128.07938742337058, 140.08682999431156, 140.08682999431156, 140.08682999431156, 155.5284880962732, 155.5284880962732, 155.5284880962732, 155.5284880962732, 155.5284880962732, 155.5284880962732, 187.89121954521187, 187.89121954521187, 187.99845657252325, 187.99863624488333, 187.99863624488333, 187.99863624488333, 196.0553105745758, 196.0553105745758, 196.0553105745758, 196.05572065537834, 195.9353749775349, 196.16163865606396, 203.98751367524181, 203.98751367524181, 204.22264846624844, 204.22264846624844, 204.22264846624844, 204.22264846624844, 204.22307586110767, 204.22307586110767, 216.12930469708937, 216.12930469708937, 216.12930469708937, 221.2283714875906, 221.2283714875906, 221.2283714875906, 221.2283714875906, 221.2283714875906, 221.2283714875906, 221.2283714875906, 221.2283714875906, 221.2283714875906, 221.2283714875906, 221.2283714875906, 221.2283714875906, 221.2283714875906, 221.2283714875906, 221.2283714875906, 221.2283714875906, 221.2283714875906, 221.2283714875906, 221.2283714875906, 221.2283714875906, 221.2283714875906, 241.60248827909697, 241.60248827909697, 241.60248827909697, 241.60248827909697, 241.60248827909697, 241.60248827909697, 241.60248827909697, 241.7542008502588, 241.7542008502588, 241.75407849301826, 241.75431387105255, 246.52554056853833, 246.52554056853833, 246.52554056853833, 246.52554056853833, 246.52554056853833, 246.52578059219172, 246.52578059219172, 246.52578059219172, 246.5928573857792, 246.5928573857792, 246.5928573857792, 251.224650884937, 251.224650884937, 251.224650884937, 251.224650884937, 251.22440635700747, 251.22440635700747, 251.22440635700747, 251.22440635700747, 251.22440635700747, 251.22440635700747, 258.9120413974627, 258.9120413974627, 258.9120413974627, 258.9120413974627, 261.7413479795221, 261.7413479795221, 261.7413479795221, 261.7413479795221, 261.7413479795221, 261.7413479795221, 261.7413479795221, 261.8943727142807, 267.0751331734922, 267.0751331734922, 267.0751331734922, 273.2977997435049, 273.2977997435049, 273.2977997435049, 273.2977997435049, 273.2977997435049, 273.47508209009743, 273.47508209009743, 273.47508209009743, 273.4750185347687, 273.4750185347687, 276.0713003563013, 276.0713003563013, 276.0713003563013, 275.82633677166194, 275.82633677166194, 275.82633677166194, 275.82633677166194, 275.82633677166194, 278.33727058199514, 278.33727058199514, 278.33727058199514, 278.33727058199514, 278.70434915623815, 278.70434915623815, 278.70434915623815, 278.70434915623815, 278.70434915623815, 278.70434915623815, 278.70434915623815, 278.70447628935295, 278.70447628935295, 282.95303324937356, 282.95303324937356, 282.95303324937356, 282.95303324937356, 282.95303324937356, 282.95303324937356, 282.95303324937356, 282.95303324937356, 282.95303324937356, 284.4863255796288, 284.4863255796288, 284.4863255796288, 284.4863255796288, 284.4863255796288, 284.4863255796288, 284.4863255796288, 284.4863255796288, 284.4863255796288, 284.4863255796288, 284.4863255796288, 290.5157811913103, 290.5157811913103, 290.5157811913103, 290.5157811913103, 290.5157811913103, 290.5157811913103, 290.5157811913103, 290.5157811913103, 290.5968107574746, 290.5968107574746, 290.5968107574746, 290.78250450919444, 290.78250450919444, 290.78250450919444, 290.78253764537294, 290.78253764537294, 290.78253764537294, 290.78253764537294, 290.78253764537294, 290.78253764537294, 290.78253764537294, 292.1371146840936, 292.1371146840936, 292.15542995393696, 292.15542995393696, 292.15542995393696, 292.15542995393696, 292.15542995393696, 292.15542995393696, 292.15542995393696, 292.15542995393696, 292.15542995393696, 292.15542995393696, 293.4729583980405, 293.4729583980405, 293.4729583980405, 293.4729583980405, 293.4729583980405, 293.4729583980405, 293.4729583980405, 293.5100919166291, 293.5100919166291, 293.5100919166291, 295.765451740373, 295.765451740373, 295.765451740373, 295.765451740373, 295.765451740373, 295.765451740373, 295.765451740373, 295.765451740373, 295.765451740373, 295.765451740373, 295.765451740373, 295.765451740373, 295.765451740373, 295.765451740373, 295.765451740373, 295.765451740373, 295.765451740373, 295.765451740373, 295.765451740373, 295.765451740373, 295.765451740373, 295.765451740373, 295.765451740373, 295.765451740373, 295.765451740373, 295.765451740373, 295.765451740373, 295.765451740373, 295.765451740373, 295.765451740373, 295.765451740373, 295.765451740373, 295.765451740373, 295.765451740373, 295.765451740373, 295.765451740373, 295.765451740373, 295.765451740373, 296.5651592670272, 296.5651592670272, 296.5651592670272, 296.94068040384616, 296.94068040384616, 296.94068040384616, 296.94068040384616, 296.94068040384616, 296.94068040384616, 296.94068040384616, 296.94068040384616, 296.94068040384616, 296.94068040384616, 296.94068040384616, 296.94068040384616, 298.01452539919484, 298.01452539919484, 298.01452539919484, 298.01452539919484, 298.01452539919484, 298.01452539919484, 299.66858422308064, 299.66858422308064, 299.66858422308064, 299.66858422308064, 299.66858422308064, 299.66858422308064, 299.66858422308064, 299.66858422308064, 299.66858422308064, 299.66858422308064, 299.66858422308064, 299.66858422308064, 299.66858422308064, 299.66858422308064, 299.66858422308064, 299.66858422308064, 299.66858422308064, 299.66858422308064, 299.66858422308064, 299.66858422308064, 299.66858422308064, 299.66858422308064, 299.66858422308064, 299.66858422308064, 299.66858422308064, 299.66858422308064, 299.66858422308064, 299.66858422308064, 299.66858422308064, 299.66858422308064, 299.66858422308064, 299.66858422308064, 299.66858422308064, 299.66858422308064, 299.66858422308064, 299.66858422308064, 299.66858422308064, 299.66858422308064, 299.66858422308064, 299.66858422308064, 299.66858422308064, 299.66858422308064, 299.66858422308064]
Done!
