('generated stochastic delays:', [array([ 2, 11,  5, ...,  2,  3,  1])])
('opt_fidel_cost:', 1.1)
Running Experiment1: 
('total budget:', 600)
Auto Init: 
C: 20.469600578508693
nu: 20.469600578508693
Budget Remaining: 591.990823984
Number of MFHOO Instances: 1
Budget per MFHOO Instance:590.890823984
Running SOO number: 1 rho: 0.95 nu: 20.469600578508693
delay_type: DHOO
policy: UCBV
[0.9921875 0.515625  0.796875  0.984375  0.984375  0.015625  0.015625
 0.984375 ]
final iterations:63829117
final HOO number of nodes:653
final HOO height:46
final duration:590
final optimal value:291.956652 
time durations: [0.0006551742553710938, 4.0017991065979, 8.004276037216187, 8.005095958709717, 12.018778085708618, 12.020280122756958, 16.023893117904663, 20.026353120803833, 20.02678918838501, 24.044605016708374, 24.045107126235962, 28.052287101745605, 28.053093194961548, 32.06166315078735, 36.06716012954712, 36.06766605377197, 40.083436012268066, 44.08683109283447, 44.08795404434204, 48.096577167510986, 52.099934101104736, 56.104361057281494, 56.10529112815857, 60.11239814758301, 64.11680603027344, 68.11895608901978, 68.11985898017883, 72.13379311561584, 72.13459515571594, 76.14604997634888, 80.15153813362122, 80.15269303321838, 84.1612491607666, 84.16205596923828, 88.16733002662659, 88.168377161026, 92.17332696914673, 92.17426419258118, 96.1802351474762, 96.18112516403198, 100.18838405609131, 100.189768075943, 100.19109010696411, 104.1971549987793, 104.19820404052734, 104.19964814186096, 108.20264196395874, 108.20395803451538, 112.21300911903381, 112.21483111381531, 116.21849417686462, 120.23048710823059, 124.24306511878967, 124.2441999912262, 124.24570202827454, 128.25983715057373, 132.26163005828857, 132.263365983963, 136.28234910964966, 136.28438115119934, 140.29136514663696, 140.29299306869507, 144.30128002166748, 144.3025679588318, 148.30940008163452, 148.31117010116577, 152.319571018219, 152.32097101211548, 156.3235821723938, 156.32529306411743, 160.34357905387878, 160.34554815292358, 160.34720611572266, 164.36301398277283, 164.36477613449097, 168.37256002426147, 168.3742220401764, 168.37913513183594, 168.38108110427856, 168.38356113433838, 172.39049410820007, 172.3933460712433, 172.39553499221802, 176.40081310272217, 176.40699100494385, 176.40927600860596, 176.41146612167358, 180.42069005966187, 180.42241716384888, 180.42426204681396, 184.43379998207092, 184.4351041316986, 184.4369339942932, 188.4399061203003, 188.4417440891266, 188.45020413398743, 192.45960807800293, 192.46168398857117, 196.46737504005432, 196.47008895874023, 196.4719750881195, 196.47406101226807, 196.47607517242432, 200.50045204162598, 200.50263905525208, 200.50464415550232, 204.50937008857727, 204.53204011917114, 204.53410410881042, 204.53616905212402, 208.53778910636902, 208.54430508613586, 208.54674696922302, 208.54923105239868, 212.5661370754242, 212.5682191848755, 212.5703990459442, 212.57272911071777, 216.5809690952301, 216.5832540988922, 216.58561396598816, 216.58814311027527, 220.58479499816895, 220.59136605262756, 220.6068229675293, 220.60904502868652, 220.61127018928528, 224.62035417556763, 224.6231291294098, 224.62597918510437, 224.6287181377411, 228.63464498519897, 228.6371831893921, 232.64140796661377, 232.64394116401672, 232.65206718444824, 236.65924406051636, 236.66295218467712, 236.6653549671173, 236.6682050228119, 240.67201209068298, 240.67488598823547, 240.67755699157715, 240.6883580684662, 240.69132113456726, 244.68696212768555, 244.69016003608704, 244.7101480960846, 244.71322512626648, 244.7165060043335, 248.7233121395111, 248.7267711162567, 248.72936296463013, 248.7320511341095, 252.7320990562439, 252.74228405952454, 252.74613213539124, 252.74905014038086, 256.75638818740845, 256.7592360973358, 256.7620460987091, 260.76488518714905, 260.76797699928284, 260.7724771499634, 260.77562713623047, 264.77910804748535, 264.78234601020813, 264.78575015068054, 268.80484318733215, 268.808806180954, 268.8117411136627, 268.81480598449707, 272.8360149860382, 272.8391320705414, 276.85776710510254, 276.8614251613617, 280.8742699623108, 280.8773629665375, 284.8987309932709, 284.9020001888275, 288.9202170372009, 288.9246451854706, 292.934611082077, 292.9383451938629, 296.9559540748596, 296.959233045578, 296.9630219936371, 300.981516122818, 304.98565912246704, 304.9902551174164, 309.0062551498413, 309.0105459690094, 313.01919507980347, 313.0233941078186, 317.0379571914673, 317.04138708114624, 321.0570921897888, 321.060662984848, 325.0770571231842, 325.0817711353302, 329.0883090496063, 329.0914840698242, 333.10217809677124, 333.10585713386536, 337.1243300437927, 337.1284730434418, 341.14355516433716, 341.1474289894104, 345.1631941795349, 345.1667890548706, 349.18118500709534, 353.1954071521759, 353.198930978775, 353.20363998413086, 357.2155981063843, 357.2196900844574, 357.2238380908966, 361.24517798423767, 361.24939012527466, 365.2789521217346, 365.2831699848175, 369.3016700744629, 373.314236164093, 373.318302154541, 377.3308310508728, 377.33609914779663, 381.3534951210022, 385.37883615493774, 385.38269114494324, 389.389347076416, 393.4027831554413, 393.4071111679077, 397.4239339828491, 397.42818808555603, 401.4429020881653, 401.4491980075836, 405.46889996528625, 405.473247051239, 409.4906921386719, 413.50363397598267, 413.50787115097046, 413.51196813583374, 417.539183139801, 421.5544011592865, 421.5620801448822, 425.5755090713501, 429.5865581035614, 429.5913050174713, 433.6047501564026, 433.60929703712463, 433.6134669780731, 437.6311161518097, 437.6354310512543, 437.6397671699524, 441.66127705574036, 441.66624999046326, 441.6707110404968, 445.6921241283417, 445.6965301036835, 449.7065351009369, 449.71218609809875, 449.7167491912842, 453.72285509109497, 453.7273120880127, 457.75450015068054, 461.77348017692566, 465.78838205337524, 469.79907608032227, 469.80482006073, 473.8237431049347, 473.82833218574524, 477.84633207321167, 477.8510961532593, 481.86178612709045, 481.86714911460876, 481.87292408943176, 481.87764501571655, 485.8922131061554, 489.9035711288452, 489.90832018852234, 493.9262001514435, 493.93121218681335, 497.94857597351074, 497.95432710647583, 501.96199107170105, 501.9667990207672, 505.98547315597534, 509.9976670742035, 510.0021460056305, 514.0265471935272, 514.0317280292511, 518.0521011352539, 522.0566291809082, 522.0611281394958, 526.070906162262, 526.0762310028076, 530.0973000526428, 530.1022610664368, 534.1174650192261, 534.1231360435486, 538.1503911018372, 542.160658121109, 542.1661350727081, 546.186362028122, 546.1916739940643, 550.2198991775513, 550.2260940074921, 554.2409331798553, 554.2480621337891, 554.2538161277771, 558.2761130332947, 558.2817711830139, 562.294536113739, 562.300341129303, 566.3215291500092, 566.326642036438, 570.3452689647675, 574.357470035553, 574.3633580207825, 578.373731136322, 578.3795981407166, 582.4075071811676, 582.4136581420898, 586.4309811592102, 586.435221195221, 590.4441311359406, 590.4503200054169, 590.4557201862335, 590.4615709781647]
noisy values: [56.41319345295263, 59.962338364486115, 59.962338364486115, 59.962338364486115, 94.53204731537316, 94.53204731537316, 95.64698050257498, 97.62665068019264, 97.62665068019264, 108.73690134650317, 108.73690134650317, 108.73690134650317, 108.73690134650317, 108.73690134650317, 109.73810598044368, 109.73810598044368, 121.0243426345523, 121.0247692755199, 121.0247692755199, 135.40802792038485, 135.40802792038485, 135.40802792038485, 135.40802792038485, 164.766573295645, 165.93938349462957, 167.03001389849726, 167.03001389849726, 175.26853367376768, 175.26853367376768, 175.26881838084932, 176.40444291905757, 176.40444291905757, 184.6696785587398, 184.6696785587398, 184.6696785587398, 184.6696785587398, 184.6696785587398, 184.6696785587398, 184.6696785587398, 184.6696785587398, 184.6696785587398, 184.6696785587398, 184.6696785587398, 196.44286350790333, 196.44286350790333, 196.44286350790333, 196.44286350790333, 196.44286350790333, 211.4771974929766, 211.4771974929766, 221.67590530772753, 222.67606083544229, 223.60584177454075, 223.60584177454075, 223.60584177454075, 223.60584177454075, 223.60584177454075, 223.60584177454075, 223.60584177454075, 223.60584177454075, 228.87741820649876, 228.87741820649876, 228.87741820649876, 228.87741820649876, 228.87741820649876, 228.87741820649876, 229.7753678185214, 229.7753678185214, 229.8098183291454, 229.8098183291454, 234.92377900633977, 234.92377900633977, 234.92377900633977, 234.92377900633977, 234.92377900633977, 234.92377900633977, 234.92377900633977, 234.92377900633977, 234.92377900633977, 234.92377900633977, 235.9160622073366, 235.9160622073366, 235.9160622073366, 235.9160622073366, 235.9160622073366, 235.9160622073366, 235.9160622073366, 243.75489322063532, 243.75489322063532, 243.75489322063532, 247.29726788360594, 247.29726788360594, 247.29726788360594, 247.29726788360594, 247.29726788360594, 247.29726788360594, 247.29726788360594, 247.29726788360594, 247.29726788360594, 247.29726788360594, 247.29726788360594, 247.29726788360594, 247.29726788360594, 258.7761888555299, 258.7761888555299, 258.7761888555299, 258.7761888555299, 258.7761888555299, 258.7761888555299, 258.7761888555299, 258.7761888555299, 259.48779396145824, 259.48779396145824, 259.48779396145824, 260.12206061842824, 260.12206061842824, 260.12206061842824, 260.12206061842824, 260.1502052999232, 260.1502052999232, 260.1502052999232, 260.1502052999232, 260.1502052999232, 260.1502052999232, 263.25519816336214, 263.25519816336214, 263.25519816336214, 263.25519816336214, 263.25519816336214, 263.25519816336214, 263.25519816336214, 263.25519816336214, 263.25519816336214, 263.25519816336214, 263.25519816336214, 263.25519816336214, 263.25519816336214, 263.81216940269576, 263.81216940269576, 263.90358180560474, 266.8717306731365, 266.8717306731365, 266.8717306731365, 266.8717306731365, 266.8717306731365, 266.8717306731365, 266.8717306731365, 266.8717306731365, 266.8717306731365, 266.8717306731365, 266.8717306731365, 266.8717306731365, 266.8717306731365, 266.8717306731365, 266.8717306731365, 266.96431592617006, 266.96431592617006, 266.96431592617006, 266.96431592617006, 266.96431592617006, 266.96431592617006, 266.96431592617006, 266.96431592617006, 266.96431592617006, 266.96431592617006, 266.96431592617006, 266.96431592617006, 266.96431592617006, 266.96431592617006, 266.96431592617006, 266.96431592617006, 266.96431592617006, 271.4855687681515, 271.4855687681515, 271.5810702303417, 271.5810702303417, 273.6566069618257, 273.6566069618257, 273.6566069618257, 273.6566069618257, 273.6566069618257, 273.6566069618257, 273.6566069618257, 273.6566069618257, 273.6566069618257, 273.6566069618257, 273.6566069618257, 276.6993786662629, 276.6993786662629, 276.6993786662629, 276.6993786662629, 276.6993786662629, 276.6993786662629, 276.6993786662629, 276.6993786662629, 276.6993786662629, 276.6993786662629, 276.6993786662629, 276.6993786662629, 276.6993786662629, 276.6993786662629, 276.6993786662629, 276.6993786662629, 276.6993786662629, 276.6993786662629, 276.6993786662629, 276.6993786662629, 276.6993786662629, 279.9591435904985, 279.9591435904985, 280.4589828342288, 280.4589828342288, 280.4589828342288, 280.4589828342288, 280.4589828342288, 280.4589828342288, 280.4589828342288, 280.4589828342288, 280.4589828342288, 280.9259255112175, 280.9259255112175, 280.9259255112175, 282.68021902340735, 282.68021902340735, 283.11160855741576, 283.11160855741576, 283.11160855741576, 283.11160855741576, 283.11160855741576, 283.11160855741576, 283.11160855741576, 283.11160855741576, 283.11160855741576, 283.11160855741576, 284.82833274573875, 284.82833274573875, 284.82833274573875, 284.82833274573875, 284.82833274573875, 284.82833274573875, 284.82833274573875, 284.82833274573875, 284.82839583812995, 284.82839583812995, 284.82839583812995, 284.8450283756183, 287.41320199148515, 287.41320199148515, 288.5929228389121, 288.5929228389121, 288.5929228389121, 288.5929228389121, 288.5929228389121, 288.5929228389121, 288.5929228389121, 288.5929228389121, 288.5929228389121, 288.5929228389121, 288.5929228389121, 288.5929228389121, 288.5929228389121, 288.5929228389121, 288.5929228389121, 288.5929228389121, 288.5929228389121, 288.5929228389121, 288.5929228389121, 288.5929228389121, 288.5929228389121, 288.5929228389121, 288.5929228389121, 288.5929228389121, 288.5929228389121, 288.5929228389121, 288.5929228389121, 288.5929228389121, 288.5929228389121, 288.5929228389121, 288.5929228389121, 288.5929228389121, 289.52544045014673, 289.52544045014673, 289.52544045014673, 289.52544045014673, 289.52544045014673, 289.52544045014673, 289.52544045014673, 289.52544045014673, 289.52544045014673, 289.52544045014673, 289.52544045014673, 289.52544045014673, 289.52544045014673, 289.52544045014673, 290.2618058114319, 290.2618058114319, 290.2618058114319, 290.2618058114319, 290.2618058114319, 290.2618058114319, 290.2618058114319, 290.2618058114319, 290.2618058114319, 290.2618058114319, 290.2618058114319, 290.2618058114319, 290.2618058114319, 290.2618058114319, 290.2618058114319, 290.2618058114319, 291.90456212928007, 291.90456212928007, 291.90456212928007, 291.90456212928007, 291.90456212928007, 291.90456212928007, 291.90456212928007, 291.90456212928007, 291.90456212928007, 291.90456212928007, 291.90456212928007, 291.9566522911445, 291.9566522911445, 291.9566522911445, 291.9566522911445, 291.9566522911445, 291.9566522911445, 291.9566522911445, 291.9566522911445]
data points:
values: [70.87291263681897, 70.87291263681897, 74.39645309951365, 74.39645309951365, 115.89303989857751, 115.89303989857751, 115.89303989857751, 115.94985205077386, 115.94997398170983, 115.94997398170983, 127.94479887636948, 127.94479887636948, 127.94479887636948, 127.94479887636948, 127.94479887636948, 127.99253740338382, 127.99253740338382, 139.99183778495103, 139.9922158545257, 155.41187455106737, 155.41187455106737, 155.41187455106737, 155.41187455106737, 187.72104780985592, 187.72104780985592, 187.7494242883328, 187.74954049278548, 187.74954049278548, 195.79569040719224, 195.79569040719224, 195.7959493710477, 195.9173042189604, 195.9173042189604, 203.9687002827533, 203.9687002827533, 203.9687002827533, 203.9687002827533, 203.9687002827533, 203.9687002827533, 203.9687002827533, 203.9687002827533, 203.9687002827533, 203.9687002827533, 215.84442495689282, 215.84442495689282, 215.84442495689282, 215.84442495689282, 215.84442495689282, 230.14743008380688, 230.14743008380688, 241.24655102806435, 241.24655102806435, 241.26997607960763, 241.27005572732426, 241.27005572732426, 241.27005572732426, 241.27005572732426, 241.27005572732426, 241.27005572732426, 241.27005572732426, 241.27005572732426, 245.98646690325342, 245.98646690325342, 245.98646690325342, 245.98646690325342, 245.98646690325342, 245.98646690325342, 246.03196472194247, 246.03196472194247, 246.06888223622678, 246.06888223622678, 250.657952234704, 250.657952234704, 250.657952234704, 250.657952234704, 250.657952234704, 250.657952234704, 250.657952234704, 250.657952234704, 250.657952234704, 250.657952234704, 250.87655757618222, 250.87655757618222, 250.87655757618222, 250.87655757618222, 250.87655757618222, 250.87655757618222, 258.39320102119655, 258.39320102119655, 258.39320102119655, 258.39320102119655, 261.36352301335296, 261.36352301335296, 261.36352301335296, 261.36352301335296, 261.36352301335296, 261.36352301335296, 261.36352301335296, 261.36352301335296, 261.36352301335296, 261.36352301335296, 261.36352301335296, 261.36352301335296, 272.71976461310953, 272.71976461310953, 272.71976461310953, 272.71976461310953, 272.71976461310953, 272.71976461310953, 272.71976461310953, 272.71976461310953, 272.71976461310953, 272.734925824126, 272.734925824126, 272.734925824126, 272.70547497342636, 272.70547497342636, 272.70547497342636, 272.70547497342636, 272.73497827465366, 272.73497827465366, 272.73497827465366, 272.73497827465366, 272.73497827465366, 272.73497827465366, 275.32423439751426, 275.32423439751426, 275.32423439751426, 275.32423439751426, 275.32423439751426, 275.32423439751426, 275.32423439751426, 275.32423439751426, 275.32423439751426, 275.32423439751426, 275.32423439751426, 275.32423439751426, 275.32423439751426, 275.2757431332852, 275.2757431332852, 275.3711278322851, 277.86454322544773, 277.86454322544773, 277.86454322544773, 277.86454322544773, 277.86454322544773, 277.86454322544773, 277.86454322544773, 277.86454322544773, 277.86454322544773, 277.86454322544773, 277.86454322544773, 277.86454322544773, 277.86454322544773, 277.86454322544773, 277.86454322544773, 277.96093357459137, 277.96093357459137, 277.96093357459137, 277.96093357459137, 277.96093357459137, 277.96093357459137, 277.96093357459137, 277.96093357459137, 277.96093357459137, 277.96093357459137, 277.96093357459137, 277.96093357459137, 277.96093357459137, 277.96093357459137, 277.96093357459137, 277.96093357459137, 282.0874488440778, 282.0874488440778, 282.0874488440778, 282.1866798630043, 282.1866798630043, 283.78915299567876, 283.78915299567876, 283.78915299567876, 283.78915299567876, 283.78915299567876, 283.78915299567876, 283.78915299567876, 283.78915299567876, 283.78915299567876, 283.78915299567876, 283.78915299567876, 286.41434394258965, 286.41434394258965, 286.41434394258965, 286.41434394258965, 286.41434394258965, 286.41434394258965, 286.41434394258965, 286.41434394258965, 286.41434394258965, 286.41434394258965, 286.41434394258965, 286.41434394258965, 286.41434394258965, 286.41434394258965, 286.41434394258965, 286.41434394258965, 286.41434394258965, 286.41434394258965, 286.41434394258965, 286.41434394258965, 286.41434394258965, 289.7885708505673, 289.7885708505673, 289.7972167425391, 289.7972167425391, 289.7972167425391, 289.7972167425391, 289.7972167425391, 289.7972167425391, 289.7972167425391, 289.7972167425391, 289.7972167425391, 289.7972468502162, 289.7972468502162, 289.7972468502162, 291.1472340249843, 291.1472340249843, 291.1555022481793, 291.1555022481793, 291.1555022481793, 291.1555022481793, 291.1555022481793, 291.1555022481793, 291.1555022481793, 291.1555022481793, 291.1555022481793, 291.1555022481793, 292.50546620051585, 292.50546620051585, 292.50546620051585, 292.50546620051585, 292.50546620051585, 292.50546620051585, 292.50546620051585, 292.50546620051585, 292.505527760922, 292.505527760922, 292.505527760922, 294.7627592231475, 294.7627592231475, 294.7627592231475, 295.5947092154008, 295.5947092154008, 295.5947092154008, 295.5947092154008, 295.5947092154008, 295.5947092154008, 295.5947092154008, 295.5947092154008, 295.5947092154008, 295.5947092154008, 295.5947092154008, 295.5947092154008, 295.5947092154008, 295.5947092154008, 295.5947092154008, 295.5947092154008, 295.5947092154008, 295.5947092154008, 295.5947092154008, 295.5947092154008, 295.5947092154008, 295.5947092154008, 295.5947092154008, 295.5947092154008, 295.5947092154008, 295.5947092154008, 295.5947092154008, 295.5947092154008, 295.5947092154008, 295.5947092154008, 295.5947092154008, 295.5947092154008, 295.8500128446003, 295.8500128446003, 295.8500128446003, 295.8500128446003, 295.8500128446003, 295.8500128446003, 295.8500128446003, 295.8500128446003, 295.8500128446003, 295.8500128446003, 295.8500128446003, 295.8500128446003, 295.8500128446003, 295.8500128446003, 296.94386610618153, 296.94386610618153, 296.94386610618153, 296.94386610618153, 296.94386610618153, 296.94386610618153, 296.94386610618153, 296.94386610618153, 296.94386610618153, 296.94386610618153, 296.94386610618153, 296.94386610618153, 296.94386610618153, 296.94386610618153, 296.94386610618153, 296.94386610618153, 298.62443816334155, 298.62443816334155, 298.62443816334155, 298.62443816334155, 298.62443816334155, 298.62443816334155, 298.62443816334155, 298.62443816334155, 298.62443816334155, 298.62443816334155, 298.62443816334155, 298.67772751445955, 298.67772751445955, 298.67772751445955, 298.67772751445955, 298.67772751445955, 298.67772751445955, 298.67772751445955]
real values1: [70.87291263681897, 74.39645309951365, 74.39645309951365, 74.39645309951365, 115.89303989857751, 115.89303989857751, 115.94985205077386, 115.94997398170983, 115.94997398170983, 127.94479887636948, 127.94479887636948, 127.94479887636948, 127.94479887636948, 127.94479887636948, 127.99253740338382, 127.99253740338382, 139.99183778495103, 139.9922158545257, 139.9922158545257, 155.41187455106737, 155.41187455106737, 155.41187455106737, 155.41187455106737, 187.72104780985592, 187.7494242883328, 187.74954049278548, 187.74954049278548, 195.79569040719224, 195.79569040719224, 195.7959493710477, 195.9173042189604, 195.9173042189604, 203.9687002827533, 203.9687002827533, 203.9687002827533, 203.9687002827533, 203.9687002827533, 203.9687002827533, 203.9687002827533, 203.9687002827533, 203.9687002827533, 203.9687002827533, 203.9687002827533, 215.84442495689282, 215.84442495689282, 215.84442495689282, 215.84442495689282, 215.84442495689282, 230.14743008380688, 230.14743008380688, 241.24655102806435, 241.26997607960763, 241.27005572732426, 241.27005572732426, 241.27005572732426, 241.27005572732426, 241.27005572732426, 241.27005572732426, 241.27005572732426, 241.27005572732426, 245.98646690325342, 245.98646690325342, 245.98646690325342, 245.98646690325342, 245.98646690325342, 245.98646690325342, 246.03196472194247, 246.03196472194247, 246.06888223622678, 246.06888223622678, 250.657952234704, 250.657952234704, 250.657952234704, 250.657952234704, 250.657952234704, 250.657952234704, 250.657952234704, 250.657952234704, 250.657952234704, 250.657952234704, 250.87655757618222, 250.87655757618222, 250.87655757618222, 250.87655757618222, 250.87655757618222, 250.87655757618222, 250.87655757618222, 258.39320102119655, 258.39320102119655, 258.39320102119655, 261.36352301335296, 261.36352301335296, 261.36352301335296, 261.36352301335296, 261.36352301335296, 261.36352301335296, 261.36352301335296, 261.36352301335296, 261.36352301335296, 261.36352301335296, 261.36352301335296, 261.36352301335296, 261.36352301335296, 272.71976461310953, 272.71976461310953, 272.71976461310953, 272.71976461310953, 272.71976461310953, 272.71976461310953, 272.71976461310953, 272.71976461310953, 272.734925824126, 272.734925824126, 272.734925824126, 272.70547497342636, 272.70547497342636, 272.70547497342636, 272.70547497342636, 272.73497827465366, 272.73497827465366, 272.73497827465366, 272.73497827465366, 272.73497827465366, 272.73497827465366, 275.32423439751426, 275.32423439751426, 275.32423439751426, 275.32423439751426, 275.32423439751426, 275.32423439751426, 275.32423439751426, 275.32423439751426, 275.32423439751426, 275.32423439751426, 275.32423439751426, 275.32423439751426, 275.32423439751426, 275.2757431332852, 275.2757431332852, 275.3711278322851, 277.86454322544773, 277.86454322544773, 277.86454322544773, 277.86454322544773, 277.86454322544773, 277.86454322544773, 277.86454322544773, 277.86454322544773, 277.86454322544773, 277.86454322544773, 277.86454322544773, 277.86454322544773, 277.86454322544773, 277.86454322544773, 277.86454322544773, 277.96093357459137, 277.96093357459137, 277.96093357459137, 277.96093357459137, 277.96093357459137, 277.96093357459137, 277.96093357459137, 277.96093357459137, 277.96093357459137, 277.96093357459137, 277.96093357459137, 277.96093357459137, 277.96093357459137, 277.96093357459137, 277.96093357459137, 277.96093357459137, 277.96093357459137, 282.0874488440778, 282.0874488440778, 282.1866798630043, 282.1866798630043, 283.78915299567876, 283.78915299567876, 283.78915299567876, 283.78915299567876, 283.78915299567876, 283.78915299567876, 283.78915299567876, 283.78915299567876, 283.78915299567876, 283.78915299567876, 283.78915299567876, 286.41434394258965, 286.41434394258965, 286.41434394258965, 286.41434394258965, 286.41434394258965, 286.41434394258965, 286.41434394258965, 286.41434394258965, 286.41434394258965, 286.41434394258965, 286.41434394258965, 286.41434394258965, 286.41434394258965, 286.41434394258965, 286.41434394258965, 286.41434394258965, 286.41434394258965, 286.41434394258965, 286.41434394258965, 286.41434394258965, 286.41434394258965, 289.7885708505673, 289.7885708505673, 289.7972167425391, 289.7972167425391, 289.7972167425391, 289.7972167425391, 289.7972167425391, 289.7972167425391, 289.7972167425391, 289.7972167425391, 289.7972167425391, 289.7972468502162, 289.7972468502162, 289.7972468502162, 291.1472340249843, 291.1472340249843, 291.1555022481793, 291.1555022481793, 291.1555022481793, 291.1555022481793, 291.1555022481793, 291.1555022481793, 291.1555022481793, 291.1555022481793, 291.1555022481793, 291.1555022481793, 292.50546620051585, 292.50546620051585, 292.50546620051585, 292.50546620051585, 292.50546620051585, 292.50546620051585, 292.50546620051585, 292.50546620051585, 292.505527760922, 292.505527760922, 292.505527760922, 292.52260763254293, 294.7627592231475, 294.7627592231475, 295.5947092154008, 295.5947092154008, 295.5947092154008, 295.5947092154008, 295.5947092154008, 295.5947092154008, 295.5947092154008, 295.5947092154008, 295.5947092154008, 295.5947092154008, 295.5947092154008, 295.5947092154008, 295.5947092154008, 295.5947092154008, 295.5947092154008, 295.5947092154008, 295.5947092154008, 295.5947092154008, 295.5947092154008, 295.5947092154008, 295.5947092154008, 295.5947092154008, 295.5947092154008, 295.5947092154008, 295.5947092154008, 295.5947092154008, 295.5947092154008, 295.5947092154008, 295.5947092154008, 295.5947092154008, 295.5947092154008, 295.5947092154008, 295.8500128446003, 295.8500128446003, 295.8500128446003, 295.8500128446003, 295.8500128446003, 295.8500128446003, 295.8500128446003, 295.8500128446003, 295.8500128446003, 295.8500128446003, 295.8500128446003, 295.8500128446003, 295.8500128446003, 295.8500128446003, 296.94386610618153, 296.94386610618153, 296.94386610618153, 296.94386610618153, 296.94386610618153, 296.94386610618153, 296.94386610618153, 296.94386610618153, 296.94386610618153, 296.94386610618153, 296.94386610618153, 296.94386610618153, 296.94386610618153, 296.94386610618153, 296.94386610618153, 296.94386610618153, 298.62443816334155, 298.62443816334155, 298.62443816334155, 298.62443816334155, 298.62443816334155, 298.62443816334155, 298.62443816334155, 298.62443816334155, 298.62443816334155, 298.62443816334155, 298.62443816334155, 298.67772751445955, 298.67772751445955, 298.67772751445955, 298.67772751445955, 298.67772751445955, 298.67772751445955, 298.67772751445955, 298.67772751445955]
real values2: [70.87291263681897, 74.39645309951365, 74.39645309951365, 74.39645309951365, 115.89303989857751, 115.89303989857751, 115.94985205077386, 115.94997398170983, 115.94997398170983, 127.94479887636948, 127.94479887636948, 127.94479887636948, 127.94479887636948, 127.94479887636948, 127.99253740338382, 127.99253740338382, 139.99183778495103, 139.9922158545257, 139.9922158545257, 155.41187455106737, 155.41187455106737, 155.41187455106737, 155.41187455106737, 187.72104780985592, 187.7494242883328, 187.74954049278548, 187.74954049278548, 195.79569040719224, 195.79569040719224, 195.7959493710477, 195.9173042189604, 195.9173042189604, 203.9687002827533, 203.9687002827533, 203.9687002827533, 203.9687002827533, 203.9687002827533, 203.9687002827533, 203.9687002827533, 203.9687002827533, 203.9687002827533, 203.9687002827533, 203.9687002827533, 215.84442495689282, 215.84442495689282, 215.84442495689282, 215.84442495689282, 215.84442495689282, 230.14743008380688, 230.14743008380688, 241.24655102806435, 241.26997607960763, 241.27005572732426, 241.27005572732426, 241.27005572732426, 241.27005572732426, 241.27005572732426, 241.27005572732426, 241.27005572732426, 241.27005572732426, 245.98646690325342, 245.98646690325342, 245.98646690325342, 245.98646690325342, 245.98646690325342, 245.98646690325342, 246.03196472194247, 246.03196472194247, 246.06888223622678, 246.06888223622678, 250.657952234704, 250.657952234704, 250.657952234704, 250.657952234704, 250.657952234704, 250.657952234704, 250.657952234704, 250.657952234704, 250.657952234704, 250.657952234704, 250.87655757618222, 250.87655757618222, 250.87655757618222, 250.87655757618222, 250.87655757618222, 250.87655757618222, 250.87655757618222, 258.39320102119655, 258.39320102119655, 258.39320102119655, 261.36352301335296, 261.36352301335296, 261.36352301335296, 261.36352301335296, 261.36352301335296, 261.36352301335296, 261.36352301335296, 261.36352301335296, 261.36352301335296, 261.36352301335296, 261.36352301335296, 261.36352301335296, 261.36352301335296, 272.71976461310953, 272.71976461310953, 272.71976461310953, 272.71976461310953, 272.71976461310953, 272.71976461310953, 272.71976461310953, 272.71976461310953, 272.734925824126, 272.734925824126, 272.734925824126, 272.70547497342636, 272.70547497342636, 272.70547497342636, 272.70547497342636, 272.73497827465366, 272.73497827465366, 272.73497827465366, 272.73497827465366, 272.73497827465366, 272.73497827465366, 275.32423439751426, 275.32423439751426, 275.32423439751426, 275.32423439751426, 275.32423439751426, 275.32423439751426, 275.32423439751426, 275.32423439751426, 275.32423439751426, 275.32423439751426, 275.32423439751426, 275.32423439751426, 275.32423439751426, 275.2757431332852, 275.2757431332852, 275.3711278322851, 277.86454322544773, 277.86454322544773, 277.86454322544773, 277.86454322544773, 277.86454322544773, 277.86454322544773, 277.86454322544773, 277.86454322544773, 277.86454322544773, 277.86454322544773, 277.86454322544773, 277.86454322544773, 277.86454322544773, 277.86454322544773, 277.86454322544773, 277.96093357459137, 277.96093357459137, 277.96093357459137, 277.96093357459137, 277.96093357459137, 277.96093357459137, 277.96093357459137, 277.96093357459137, 277.96093357459137, 277.96093357459137, 277.96093357459137, 277.96093357459137, 277.96093357459137, 277.96093357459137, 277.96093357459137, 277.96093357459137, 277.96093357459137, 282.0874488440778, 282.0874488440778, 282.1866798630043, 282.1866798630043, 283.78915299567876, 283.78915299567876, 283.78915299567876, 283.78915299567876, 283.78915299567876, 283.78915299567876, 283.78915299567876, 283.78915299567876, 283.78915299567876, 283.78915299567876, 283.78915299567876, 286.41434394258965, 286.41434394258965, 286.41434394258965, 286.41434394258965, 286.41434394258965, 286.41434394258965, 286.41434394258965, 286.41434394258965, 286.41434394258965, 286.41434394258965, 286.41434394258965, 286.41434394258965, 286.41434394258965, 286.41434394258965, 286.41434394258965, 286.41434394258965, 286.41434394258965, 286.41434394258965, 286.41434394258965, 286.41434394258965, 286.41434394258965, 289.7885708505673, 289.7885708505673, 289.7972167425391, 289.7972167425391, 289.7972167425391, 289.7972167425391, 289.7972167425391, 289.7972167425391, 289.7972167425391, 289.7972167425391, 289.7972167425391, 289.7972468502162, 289.7972468502162, 289.7972468502162, 291.1472340249843, 291.1472340249843, 291.1555022481793, 291.1555022481793, 291.1555022481793, 291.1555022481793, 291.1555022481793, 291.1555022481793, 291.1555022481793, 291.1555022481793, 291.1555022481793, 291.1555022481793, 292.50546620051585, 292.50546620051585, 292.50546620051585, 292.50546620051585, 292.50546620051585, 292.50546620051585, 292.50546620051585, 292.50546620051585, 292.505527760922, 292.505527760922, 292.505527760922, 292.52260763254293, 294.7627592231475, 294.7627592231475, 295.5947092154008, 295.5947092154008, 295.5947092154008, 295.5947092154008, 295.5947092154008, 295.5947092154008, 295.5947092154008, 295.5947092154008, 295.5947092154008, 295.5947092154008, 295.5947092154008, 295.5947092154008, 295.5947092154008, 295.5947092154008, 295.5947092154008, 295.5947092154008, 295.5947092154008, 295.5947092154008, 295.5947092154008, 295.5947092154008, 295.5947092154008, 295.5947092154008, 295.5947092154008, 295.5947092154008, 295.5947092154008, 295.5947092154008, 295.5947092154008, 295.5947092154008, 295.5947092154008, 295.5947092154008, 295.5947092154008, 295.5947092154008, 295.8500128446003, 295.8500128446003, 295.8500128446003, 295.8500128446003, 295.8500128446003, 295.8500128446003, 295.8500128446003, 295.8500128446003, 295.8500128446003, 295.8500128446003, 295.8500128446003, 295.8500128446003, 295.8500128446003, 295.8500128446003, 296.94386610618153, 296.94386610618153, 296.94386610618153, 296.94386610618153, 296.94386610618153, 296.94386610618153, 296.94386610618153, 296.94386610618153, 296.94386610618153, 296.94386610618153, 296.94386610618153, 296.94386610618153, 296.94386610618153, 296.94386610618153, 296.94386610618153, 296.94386610618153, 298.62443816334155, 298.62443816334155, 298.62443816334155, 298.62443816334155, 298.62443816334155, 298.62443816334155, 298.62443816334155, 298.62443816334155, 298.62443816334155, 298.62443816334155, 298.62443816334155, 298.67772751445955, 298.67772751445955, 298.67772751445955, 298.67772751445955, 298.67772751445955, 298.67772751445955, 298.67772751445955, 298.67772751445955]
Done!
