('generated stochastic delays:', [array([ 2, 11,  5, ...,  2,  3,  1])])
('opt_fidel_cost:', 1.1)
Running Experiment1: 
('total budget:', 600)
Auto Init: 
C: 20.469600578508693
nu: 20.469600578508693
Budget Remaining: 591.984870911
Number of MFHOO Instances: 1
Budget per MFHOO Instance:590.884870911
Running SOO number: 1 rho: 0.95 nu: 20.469600578508693
delay_type: DHOO
policy: UCBV
[0.875 0.75  0.25  0.75  0.75  0.25  0.25  0.75 ]
final iterations:4693493
final HOO number of nodes:65
final HOO height:13
final duration:6472
final optimal value:167.003889 
time durations: [0.0028018951416015625, 4.015256881713867, 8.024102926254272, 8.02929401397705, 8.063212871551514, 8.06797194480896, 12.077565908432007, 12.08053994178772, 16.12997603416443, 16.132630825042725, 16.1358540058136, 20.14908194541931, 20.150977849960327, 24.187883853912354, 24.190690994262695, 24.193481922149658, 28.23985195159912, 28.243366956710815, 32.28711700439453, 32.289543867111206, 36.30330681800842, 36.30699896812439, 40.32282781600952, 40.326822996139526, 44.33661985397339, 44.34156799316406, 48.41007399559021, 48.41543889045715, 52.4316508769989, 52.435847997665405, 56.45974683761597, 56.46259903907776, 60.48988485336304]
noisy values: [56.41319345295263, 59.962338364486115, 59.962338364486115, 59.962338364486115, 85.59978474516566, 85.59978474516566, 94.53204731537316, 94.53204731537316, 96.66212407998492, 96.66212407998492, 96.66212407998492, 98.54249026068433, 98.54249026068433, 109.69693809913676, 109.69693809913676, 109.69693809913676, 110.60967135566514, 110.60967135566514, 111.59396795527303, 111.59396795527303, 111.59396795527303, 111.59396795527303, 122.87367341171617, 122.87367341171617, 137.35788570182766, 137.35788570182766, 137.35788570182766, 137.35788570182766, 137.35788570182766, 137.35788570182766, 137.35788570182766, 137.35788570182766, 167.00388928741012]
data points:
values: [70.87291263681897, 70.87291263681897, 74.39645309951365, 74.39645309951365, 104.94235514585168, 104.94235514585168, 104.94235514585168, 115.89303989857751, 115.89303989857751, 115.94985205077386, 115.94985205077386, 115.94985205077386, 115.9496880938515, 115.9496880938515, 127.9444834139051, 127.9444834139051, 127.9444834139051, 127.94479887636948, 127.94479887636948, 128.0797035514305, 128.0797035514305, 128.0797035514305, 128.0797035514305, 139.99183778495103, 155.4114086086788, 155.4114086086788, 155.4114086086788, 155.4114086086788, 155.4114086086788, 155.4114086086788, 155.4114086086788, 155.4114086086788, 187.7203731341286]
real values1: [70.87291263681897, 74.39645309951365, 74.39645309951365, 74.39645309951365, 104.94235514585168, 104.94235514585168, 115.89303989857751, 115.89303989857751, 115.94985205077386, 115.94985205077386, 115.94985205077386, 115.9496880938515, 115.9496880938515, 127.9444834139051, 127.9444834139051, 127.9444834139051, 127.94479887636948, 127.94479887636948, 128.0797035514305, 128.0797035514305, 128.0797035514305, 128.0797035514305, 139.99183778495103, 139.99183778495103, 155.4114086086788, 155.4114086086788, 155.4114086086788, 155.4114086086788, 155.4114086086788, 155.4114086086788, 155.4114086086788, 155.4114086086788, 187.7203731341286]
real values2: [70.87291263681897, 74.39645309951365, 74.39645309951365, 74.39645309951365, 104.94235514585168, 104.94235514585168, 115.89303989857751, 115.89303989857751, 115.94985205077386, 115.94985205077386, 115.94985205077386, 115.9496880938515, 115.9496880938515, 127.9444834139051, 127.9444834139051, 127.9444834139051, 127.94479887636948, 127.94479887636948, 128.0797035514305, 128.0797035514305, 128.0797035514305, 128.0797035514305, 139.99183778495103, 139.99183778495103, 155.4114086086788, 155.4114086086788, 155.4114086086788, 155.4114086086788, 155.4114086086788, 155.4114086086788, 155.4114086086788, 155.4114086086788, 187.7203731341286]
Done!
