('generated stochastic delays:', [array([ 2, 11,  5, ...,  2,  3,  1])])
('opt_fidel_cost:', 1.1)
Running Experiment1: 
('total budget:', 600)
Auto Init: 
C: 20.469600578508693
nu: 20.469600578508693
Budget Remaining: 591.995338917
Number of MFHOO Instances: 1
Budget per MFHOO Instance:590.895338917
Running SOO number: 1 rho: 0.95 nu: 20.469600578508693
delay_type: DHOO
policy: UCBV
[0.9921875 0.015625  0.828125  0.984375  0.328125  0.015625  0.015625
 0.984375 ]
final iterations:67012570
final HOO number of nodes:767
final HOO height:46
final duration:590
final optimal value:292.185157 
time durations: [0.0011301040649414062, 4.007605075836182, 8.009043216705322, 12.01563811302185, 12.01626706123352, 12.017055034637451, 12.017791032791138, 16.038542985916138, 20.0437490940094, 20.04411816596985, 20.044753074645996, 24.04727005958557, 24.050530195236206, 28.055256128311157, 28.056146144866943, 32.062499046325684, 36.06552600860596, 36.06629204750061, 40.07020711898804, 44.07244300842285, 44.07322907447815, 48.09096598625183, 48.09238910675049, 52.09518814086914, 52.096076011657715, 56.10940098762512, 56.110159158706665, 60.11966109275818, 60.12062311172485, 64.13558411598206, 68.14164805412292, 68.14255404472351, 72.14850211143494, 76.15249800682068, 76.15360713005066, 80.15756511688232, 80.1590781211853, 84.16227006912231, 88.17758321762085, 88.17852902412415, 92.18766498565674, 92.18914413452148, 96.20239114761353, 96.20344018936157, 100.20982813835144, 100.21107721328735, 104.22088599205017, 104.22237300872803, 108.23100113868713, 108.23208403587341, 112.2437391281128, 112.24479913711548, 116.2526581287384, 116.25400304794312, 120.2634711265564, 120.26455020904541, 124.27033400535583, 124.2715961933136, 124.27302598953247, 128.28115010261536, 132.28778314590454, 132.2890341281891, 136.30184507369995, 136.30381298065186, 140.3126380443573, 140.31404399871826, 140.3156111240387, 144.31941413879395, 144.32082509994507, 148.33107018470764, 152.3376181125641, 156.33953714370728, 156.34097599983215, 160.3481090068817, 160.35019302368164, 164.35889720916748, 164.36000514030457, 164.36157512664795, 168.36893510818481, 168.37101912498474, 168.37260603904724, 172.38449621200562, 172.38624501228333, 176.39961504936218, 176.40206003189087, 180.41348505020142, 180.41525316238403, 184.42370319366455, 184.42659902572632, 188.43681001663208, 192.44541811943054, 192.44750499725342, 196.45537519454956, 200.46191501617432, 200.46409606933594, 204.47475910186768, 208.48014402389526, 208.48255109786987, 208.48425817489624, 212.49548506736755, 212.4982271194458, 216.50610518455505, 216.50810408592224, 220.5241470336914, 220.52669310569763, 224.5361030101776, 224.53978204727173, 228.5501971244812, 232.5584671497345, 232.56051111221313, 236.5660581588745, 236.56832909584045, 240.57809805870056, 240.58002305030823, 244.59536910057068, 244.5978720188141, 248.60581016540527, 248.6082170009613, 248.61048817634583, 252.628005027771, 252.63037610054016, 256.64251017570496, 256.64480900764465, 260.65494203567505, 264.65828919410706, 264.6611261367798, 268.668484210968, 268.670960187912, 272.68497705459595, 276.69179916381836, 276.6942970752716, 280.70542216300964, 280.70858120918274, 284.72525119781494, 284.728303194046, 288.73852705955505, 288.74113607406616, 292.75196599960327, 292.75476813316345, 296.76776814460754, 300.7750132083893, 300.7783000469208, 304.79202699661255, 304.7950031757355, 308.80383920669556, 312.81242418289185, 312.81571102142334, 316.82529616355896, 316.8285801410675, 320.8389880657196, 320.8423671722412, 324.84939408302307, 324.85268902778625, 324.85610914230347, 328.87377309799194, 328.87734603881836, 332.8841121196747, 332.88776898384094, 336.9028060436249, 336.90595507621765, 340.91565108299255, 340.9202971458435, 344.9365930557251, 344.940052986145, 348.94754099845886, 348.9513211250305, 352.962345123291, 352.9669530391693, 352.97089099884033, 356.9797751903534, 356.9833641052246, 360.98953008651733, 360.9926199913025, 360.99743700027466, 365.01573419570923, 365.01919198036194, 369.0357940196991, 369.03964018821716, 373.05953001976013, 373.06384205818176, 377.07699704170227, 377.08086705207825, 377.08478116989136, 381.0999221801758, 381.1057541370392, 381.1102590560913, 381.1173779964447, 385.126816034317, 385.13235116004944, 385.1365261077881, 385.14125514030457, 389.1441299915314, 389.1489191055298, 389.1524441242218, 389.15594005584717, 393.15903520584106, 393.16458201408386, 393.1712121963501, 393.1753489971161, 397.1768591403961, 397.18687915802, 397.1917521953583, 397.19663405418396, 401.1476500034332, 401.15387511253357, 401.1580882072449, 401.162150144577, 405.1621391773224, 405.1681921482086, 405.1767141819, 409.18326115608215, 409.19683599472046, 409.20122814178467, 409.2058551311493, 413.216744184494, 413.22526597976685, 413.23090505599976, 413.2363831996918, 417.2436192035675, 417.25438499450684, 417.26304602622986, 417.2691910266876, 421.2741119861603, 421.28062200546265, 421.28572702407837, 421.29095816612244, 425.3006660938263, 425.30754804611206, 425.3128340244293, 429.3268451690674, 429.3309190273285, 429.3354229927063, 433.3433611392975, 433.34980511665344, 433.3576831817627, 433.36343717575073, 433.3707342147827, 437.35904908180237, 437.36410903930664, 437.3704512119293, 437.38406109809875, 437.3888130187988, 441.37992906570435, 441.3857560157776, 441.40313601493835, 445.3929510116577, 445.3977551460266, 445.40315103530884, 449.41155910491943, 449.41678404808044, 449.4299991130829, 449.4345281124115, 453.4347140789032, 453.4397511482239, 453.4557430744171, 453.4603090286255, 453.4649360179901, 457.4763560295105, 457.4817461967468, 457.4878840446472, 461.4985032081604, 461.5034830570221, 461.50847911834717, 461.513708114624, 465.5217101573944, 465.52823519706726, 465.53422808647156, 465.5395941734314, 469.546355009079, 469.551940202713, 469.55657505989075, 469.5618350505829, 473.5723581314087, 473.57725405693054, 473.58222699165344, 477.5957181453705, 477.60149598121643, 477.60785007476807, 481.623642206192, 481.6295380592346, 481.63518714904785, 481.6411461830139, 485.64709305763245, 485.6564919948578, 485.6619551181793, 485.66804814338684, 485.67414712905884, 489.6883521080017, 489.69487500190735, 489.6999480724335, 489.7053520679474, 493.7155840396881, 493.72127509117126, 493.7266001701355, 493.7316880226135, 497.7512950897217, 497.75723814964294, 497.7634861469269, 501.7799451351166, 501.78584599494934, 501.7927541732788, 505.79580903053284, 505.80356216430664, 505.81421303749084, 505.8219940662384, 505.8289132118225, 505.8362112045288, 509.8452160358429, 509.8639211654663, 509.86976408958435, 513.8841300010681, 513.8933651447296, 513.9010100364685, 517.9025111198425, 517.9090821743011, 517.9150750637054, 517.9214081764221, 517.9278011322021, 521.9187431335449, 521.9241762161255, 521.9304740428925, 521.9440631866455, 521.9496800899506, 521.9559371471405, 525.9460911750793, 525.9521980285645, 525.9785871505737, 525.9858031272888, 529.9616980552673, 529.9678461551666, 529.9971370697021, 533.9861052036285, 533.9922242164612, 533.9979660511017, 537.9997220039368, 538.0074391365051, 538.0149040222168, 538.0228810310364, 542.0371770858765, 542.0442450046539, 542.0511322021484, 546.0622661113739, 546.0706510543823, 546.077388048172, 550.0707321166992, 550.0765180587769, 550.0973420143127, 550.1040050983429, 554.0893220901489, 554.0948641300201, 554.1167371273041, 554.1235361099243, 558.1083199977875, 558.1139421463013, 558.1218640804291, 558.1457340717316, 558.1544141769409, 562.1353089809418, 562.1434981822968, 562.1521670818329, 562.1671841144562, 562.1750311851501, 566.1648881435394, 566.1710591316223, 566.1877121925354, 566.1946120262146, 570.1947910785675, 570.2030022144318, 570.2131271362305, 574.2223320007324, 574.2301371097565, 574.2381870746613, 578.2513580322266, 578.2586719989777, 578.2663881778717, 582.2836580276489, 582.290146112442, 582.2965660095215, 582.3036901950836, 586.3205771446228, 586.3279221057892, 586.336263179779, 586.343747138977, 590.3427650928497, 590.359589099884, 590.3682250976562, 590.3753590583801]
noisy values: [56.41319345295263, 59.962338364486115, 85.59978474516566, 86.6053536421627, 86.6053536421627, 86.6053536421627, 86.6053536421627, 88.3975983615451, 98.45755423491572, 98.45755423491572, 98.45755423491572, 98.45755423491572, 98.4578496921392, 99.20006095367384, 99.20006095367384, 109.40248279087889, 109.40248279087889, 109.40248279087889, 109.40248279087889, 109.40248279087889, 109.40248279087889, 109.40248279087889, 109.40248279087889, 109.40248279087889, 109.40248279087889, 120.10753303186345, 120.10753303186345, 120.10753303186345, 120.10753303186345, 134.08760012812155, 134.08760012812155, 134.08760012812155, 135.5100320582884, 135.5100320582884, 135.5100320582884, 135.5100320582884, 135.5100320582884, 164.91651829798218, 165.6473116022034, 165.6473116022034, 167.77015226726206, 167.77015226726206, 175.98460287139727, 175.98460287139727, 175.9848487358666, 175.9848487358666, 177.12749978641722, 177.12749978641722, 177.12749978641722, 177.12749978641722, 184.98243309850653, 184.98243309850653, 184.98243309850653, 184.98243309850653, 185.37028650001128, 185.37028650001128, 197.11548061750074, 197.11548061750074, 197.11548061750074, 197.11548061750074, 197.11548061750074, 197.11548061750074, 197.11548061750074, 197.11548061750074, 202.69434519332026, 202.69434519332026, 202.69434519332026, 202.69434519332026, 202.69434519332026, 223.2104749417349, 224.27708578082422, 225.1152669810063, 225.1152669810063, 230.37039116693407, 230.37039116693407, 230.37039116693407, 230.37039116693407, 230.37039116693407, 230.37053675380886, 230.37053675380886, 230.37053675380886, 231.25008196866537, 231.25008196866537, 236.17497433715775, 236.17497433715775, 236.17497433715775, 236.17497433715775, 236.17497433715775, 236.17497433715775, 236.47315997293646, 236.47315997293646, 236.47315997293646, 236.47315997293646, 236.47315997293646, 236.47315997293646, 236.47315997293646, 236.47315997293646, 236.47315997293646, 236.47315997293646, 236.47315997293646, 236.47315997293646, 244.03883043438535, 244.03883043438535, 247.54094696654786, 247.54094696654786, 247.54094696654786, 247.54094696654786, 247.79214528989735, 247.79214528989735, 247.79214528989735, 247.79214528989735, 247.79214528989735, 247.79214528989735, 247.79214528989735, 258.9738634740984, 258.9738634740984, 259.8722372533824, 259.8722372533824, 259.8722372533824, 259.8722372533824, 259.8722372533824, 260.50084211828005, 260.50084211828005, 263.576668993664, 263.576668993664, 263.576668993664, 263.84120473323173, 263.84120473323173, 263.84130007863325, 264.21854890910527, 264.21854890910527, 267.2526531061212, 267.2526531061212, 267.2526531061212, 267.2526531061212, 267.2526531061212, 267.2526531061212, 267.2526531061212, 267.2526531061212, 267.2526531061212, 267.2526531061212, 267.2526531061212, 267.2526531061212, 267.2526531061212, 271.6938901418859, 271.6938901418859, 271.6938901418859, 271.8412314322999, 271.8412314322999, 273.88953149339613, 273.88953149339613, 273.88953149339613, 273.88953149339613, 273.88953149339613, 273.88953149339613, 273.88953149339613, 273.88962139020566, 273.88962139020566, 273.88962139020566, 273.88962139020566, 273.88962139020566, 273.88962139020566, 273.88962139020566, 273.88962139020566, 276.8534753620206, 276.8534753620206, 276.8534753620206, 276.8534753620206, 276.8534753620206, 276.8534753620206, 276.8534753620206, 277.31429019970477, 277.31429019970477, 277.31429019970477, 277.31429019970477, 277.31429019970477, 277.31429019970477, 277.31429019970477, 277.31429019970477, 277.31429019970477, 277.31429019970477, 277.31429019970477, 277.31429019970477, 280.166142007547, 280.166142007547, 280.166142007547, 280.166142007547, 280.166142007547, 280.166142007547, 280.166142007547, 280.166142007547, 280.166142007547, 280.166142007547, 280.166142007547, 280.166142007547, 280.166142007547, 280.166142007547, 280.166142007547, 280.166142007547, 280.166142007547, 280.166142007547, 280.166142007547, 280.166142007547, 280.166142007547, 280.166142007547, 280.166142007547, 280.166142007547, 280.166142007547, 280.166142007547, 280.88379975785836, 280.88379975785836, 281.3273167562663, 281.3273167562663, 281.3273167562663, 281.3273167562663, 283.0611316479668, 283.0611316479668, 283.0611316479668, 283.0611316479668, 283.0611316479668, 283.0611316479668, 283.0611316479668, 283.0611316479668, 283.0611316479668, 283.0611316479668, 283.0611316479668, 283.49815357759695, 283.49815357759695, 283.49815357759695, 283.49815357759695, 283.49815357759695, 283.49815357759695, 283.49815357759695, 283.49815357759695, 283.4981958569843, 283.4981958569843, 283.4981958569843, 285.12552742236716, 285.12552742236716, 285.12552742236716, 285.12552742236716, 285.12552742236716, 285.12552742236716, 285.12552742236716, 285.12552742236716, 285.12552742236716, 285.12552742236716, 285.12552742236716, 285.12552742236716, 285.12552742236716, 285.19650602104565, 285.19650602104565, 285.19650602104565, 285.19650602104565, 285.19650602104565, 285.19650602104565, 287.7477354990646, 287.7477354990646, 287.7477354990646, 287.7477354990646, 287.7477354990646, 287.7477354990646, 287.7477354990646, 287.7477354990646, 287.7477354990646, 287.7477354990646, 287.7477354990646, 287.7477354990646, 287.7477354990646, 287.7477354990646, 287.7477354990646, 287.7477354990646, 287.7477354990646, 287.7477354990646, 287.7477354990646, 287.7477354990646, 287.7477354990646, 287.7477354990646, 287.7477354990646, 287.7477354990646, 287.7477354990646, 287.7477354990646, 287.7477354990646, 287.7477354990646, 287.7477354990646, 287.7477354990646, 287.7477354990646, 287.7477354990646, 287.7477354990646, 287.7477354990646, 287.7477354990646, 287.7477354990646, 287.7477354990646, 287.7477354990646, 287.7477354990646, 287.7477354990646, 287.7477354990646, 287.7477354990646, 288.8371808652977, 288.8371808652977, 288.8371808652977, 288.8371808652977, 288.8371808652977, 288.8371808652977, 288.8371808652977, 288.8371808652977, 288.8371808652977, 288.8371808652977, 288.8371808652977, 288.8371808652977, 288.8371808652977, 288.90988190747754, 288.90988190747754, 288.90988190747754, 290.6146720037357, 290.6146720037357, 290.6146720037357, 290.6146720037357, 290.6146720037357, 290.6146720037357, 290.6146720037357, 290.6146720037357, 290.6146720037357, 290.6146720037357, 290.6146720037357, 290.6146720037357, 290.6146720037357, 290.6146720037357, 290.6146720037357, 290.6146720037357, 290.6146720037357, 290.6146720037357, 290.6146720037357, 290.6146720037357, 290.6146720037357, 290.6146720037357, 290.6146720037357, 290.6146720037357, 290.6146720037357, 290.6146720037357, 290.6146720037357, 290.6146720037357, 290.6146720037357, 290.6146720037357, 290.6146720037357, 290.6146720037357, 290.6146720037357, 290.6146720037357, 290.6146720037357, 290.6146720037357, 290.6146720037357, 290.6146720037357, 290.6146720037357, 290.6146720037357, 290.6146720037357, 292.18515697085826, 292.18515697085826, 292.18515697085826, 292.18515697085826, 292.18515697085826, 292.18515697085826, 292.18515697085826, 292.18515697085826, 292.18515697085826, 292.18515697085826, 292.18515697085826, 292.18515697085826, 292.18515697085826, 292.18515697085826, 292.18515697085826, 292.18515697085826, 292.18515697085826, 292.18515697085826, 292.18515697085826, 292.18515697085826, 292.18515697085826, 292.18515697085826, 292.18515697085826, 292.18515697085826, 292.18515697085826, 292.18515697085826, 292.18515697085826, 292.18515697085826, 292.18515697085826, 292.18515697085826, 292.18515697085826, 292.18515697085826]
data points:
values: [70.87291263681897, 70.87291263681897, 104.94235514585168, 104.94235514585168, 104.98893606238946, 104.98893606238946, 104.98893606238946, 104.98893606238946, 104.9888016384907, 115.84971215281733, 115.84971215281733, 115.84971215281733, 115.84971215281733, 115.84997079203517, 115.7013843419826, 115.7013843419826, 126.54838912404348, 126.54838912404348, 126.54838912404348, 126.54838912404348, 126.54838912404348, 126.54838912404348, 126.54838912404348, 126.54838912404348, 126.54838912404348, 126.54838912404348, 140.08682999431156, 140.08682999431156, 140.08682999431156, 155.10243539349992, 155.10243539349992, 155.10243539349992, 155.10243539349992, 155.52891428947217, 155.52891428947217, 155.52891428947217, 155.52891428947217, 187.89183641203908, 187.89183641203908, 187.41889968025268, 187.41889968025268, 187.41900048658587, 187.41900048658587, 195.45101871571137, 195.45101871571137, 195.4512433645824, 195.4512433645824, 195.63827103197326, 195.63827103197326, 195.63827103197326, 195.63827103197326, 203.25208483091183, 203.25208483091183, 203.25208483091183, 203.25208483091183, 203.67819997849273, 215.51913909013803, 215.51913909013803, 215.51913909013803, 215.51913909013803, 215.51913909013803, 215.51913909013803, 215.51913909013803, 215.51913909013803, 215.51913909013803, 220.589117963462, 220.589117963462, 220.589117963462, 220.589117963462, 240.84341640142299, 240.84341640142299, 241.0421848122436, 241.04211540913568, 241.04211540913568, 245.79952558168438, 245.79952558168438, 245.79952558168438, 245.79952558168438, 245.79952558168438, 245.79966299002018, 245.79966299002018, 245.79966299002018, 245.91460638544137, 245.91460638544137, 250.3580227611842, 250.3580227611842, 250.3580227611842, 250.3580227611842, 250.3580227611842, 250.3580227611842, 250.67410372950286, 250.67410372950286, 250.67410372950286, 250.67410372950286, 250.67410372950286, 250.67410372950286, 250.67410372950286, 250.67410372950286, 250.67410372950286, 250.67410372950286, 250.67410372950286, 257.91968032285234, 257.91968032285234, 257.91968032285234, 260.87906336946077, 260.87906336946077, 260.87906336946077, 260.87906336946077, 261.14379715463457, 261.14379715463457, 261.14379715463457, 261.14379715463457, 261.14379715463457, 261.14379715463457, 272.19469865154804, 272.19469865154804, 272.19469865154804, 272.4434941513202, 272.4434941513202, 272.4434941513202, 272.4434941513202, 272.4434941513202, 272.4435344944613, 272.4435344944613, 275.0299410093955, 275.0299410093955, 275.0299410093955, 274.70914531679796, 274.70914531679796, 274.70923721491044, 275.1020018358611, 275.1020018358611, 277.6891679973268, 277.6891679973268, 277.6891679973268, 277.6891679973268, 277.6891679973268, 277.6891679973268, 277.6891679973268, 277.6891679973268, 277.6891679973268, 277.6891679973268, 277.6891679973268, 277.6891679973268, 281.7537032930977, 281.7537032930977, 281.7537032930977, 281.7537032930977, 281.90650640166126, 281.90650640166126, 283.50579001579877, 283.50579001579877, 283.50579001579877, 283.50579001579877, 283.50579001579877, 283.50579001579877, 283.50579001579877, 283.5058771114307, 283.5058771114307, 283.5058771114307, 283.5058771114307, 283.5058771114307, 283.5058771114307, 283.5058771114307, 283.5058771114307, 286.071595110559, 286.071595110559, 286.071595110559, 286.071595110559, 286.071595110559, 286.071595110559, 286.071595110559, 286.0715065319239, 286.0715065319239, 286.0715065319239, 286.0715065319239, 286.0715065319239, 286.0715065319239, 286.0715065319239, 286.0715065319239, 286.0715065319239, 286.0715065319239, 286.0715065319239, 286.0715065319239, 289.4945625879351, 289.4945625879351, 289.4945625879351, 289.4945625879351, 289.4945625879351, 289.4945625879351, 289.4945625879351, 289.4945625879351, 289.4945625879351, 289.4945625879351, 289.4945625879351, 289.4945625879351, 289.4945625879351, 289.4945625879351, 289.4945625879351, 289.4945625879351, 289.4945625879351, 289.4945625879351, 289.4945625879351, 289.4945625879351, 289.4945625879351, 289.4945625879351, 289.4945625879351, 289.4945625879351, 289.4945625879351, 289.4945625879351, 289.75372111656395, 289.75372111656395, 289.7537414853652, 289.7537414853652, 289.7537414853652, 291.10352599539016, 291.10352599539016, 291.10352599539016, 291.10352599539016, 291.10352599539016, 291.10352599539016, 291.10352599539016, 291.10352599539016, 291.10352599539016, 291.10352599539016, 291.10352599539016, 291.10352599539016, 291.1393711215517, 291.1393711215517, 291.1393711215517, 291.1393711215517, 291.1393711215517, 291.1393711215517, 291.1393711215517, 291.1393711215517, 291.1394123743021, 291.1394123743021, 291.1394123743021, 292.41652613386, 292.41652613386, 292.41652613386, 292.41652613386, 292.41652613386, 292.41652613386, 292.41652613386, 292.41652613386, 292.41652613386, 292.41652613386, 292.41652613386, 292.41652613386, 292.41652613386, 292.48932183772575, 292.48932183772575, 292.48932183772575, 292.48932183772575, 292.48932183772575, 294.7289616974169, 294.7289616974169, 294.7289616974169, 294.7289616974169, 294.7289616974169, 294.7289616974169, 294.7289616974169, 294.7289616974169, 294.7289616974169, 294.7289616974169, 294.7289616974169, 294.7289616974169, 294.7289616974169, 294.7289616974169, 294.7289616974169, 294.7289616974169, 294.7289616974169, 294.7289616974169, 294.7289616974169, 294.7289616974169, 294.7289616974169, 294.7289616974169, 294.7289616974169, 294.7289616974169, 294.7289616974169, 294.7289616974169, 294.7289616974169, 294.7289616974169, 294.7289616974169, 294.7289616974169, 294.7289616974169, 294.7289616974169, 294.7289616974169, 294.7289616974169, 294.7289616974169, 294.7289616974169, 294.7289616974169, 294.7289616974169, 294.7289616974169, 294.7289616974169, 294.7289616974169, 294.7289616974169, 294.7289616974169, 295.4863882721513, 295.4863882721513, 295.4863882721513, 295.4863882721513, 295.4863882721513, 295.4863882721513, 295.4863882721513, 295.4863882721513, 295.4863882721513, 295.4863882721513, 295.4863882721513, 295.4863882721513, 295.5607629675033, 295.5607629675033, 295.5607629675033, 295.5607629675033, 296.96298543453963, 296.96298543453963, 296.96298543453963, 296.96298543453963, 296.96298543453963, 296.96298543453963, 296.96298543453963, 296.96298543453963, 296.96298543453963, 296.96298543453963, 296.96298543453963, 296.96298543453963, 296.96298543453963, 296.96298543453963, 296.96298543453963, 296.96298543453963, 296.96298543453963, 296.96298543453963, 296.96298543453963, 296.96298543453963, 296.96298543453963, 296.96298543453963, 296.96298543453963, 296.96298543453963, 296.96298543453963, 296.96298543453963, 296.96298543453963, 296.96298543453963, 296.96298543453963, 296.96298543453963, 296.96298543453963, 296.96298543453963, 296.96298543453963, 296.96298543453963, 296.96298543453963, 296.96298543453963, 296.96298543453963, 296.96298543453963, 296.96298543453963, 296.96298543453963, 296.96298543453963, 298.5677792367317, 298.5677792367317, 298.5677792367317, 298.5677792367317, 298.5677792367317, 298.5677792367317, 298.5677792367317, 298.5677792367317, 298.5677792367317, 298.5677792367317, 298.5677792367317, 298.5677792367317, 298.5677792367317, 298.5677792367317, 298.5677792367317, 298.5677792367317, 298.5677792367317, 298.5677792367317, 298.5677792367317, 298.5677792367317, 298.5677792367317, 298.5677792367317, 298.5677792367317, 298.5677792367317, 298.5677792367317, 298.5677792367317, 298.5677792367317, 298.5677792367317, 298.5677792367317, 298.5677792367317, 298.5677792367317]
real values1: [70.87291263681897, 74.39645309951365, 104.94235514585168, 104.98893606238946, 104.98893606238946, 104.98893606238946, 104.98893606238946, 104.9888016384907, 115.84971215281733, 115.84971215281733, 115.84971215281733, 115.84971215281733, 115.84997079203517, 115.7013843419826, 115.7013843419826, 126.54838912404348, 126.54838912404348, 126.54838912404348, 126.54838912404348, 126.54838912404348, 126.54838912404348, 126.54838912404348, 126.54838912404348, 126.54838912404348, 126.54838912404348, 140.08682999431156, 140.08682999431156, 140.08682999431156, 140.08682999431156, 155.10243539349992, 155.10243539349992, 155.10243539349992, 155.52891428947217, 155.52891428947217, 155.52891428947217, 155.52891428947217, 155.52891428947217, 187.89183641203908, 187.41889968025268, 187.41889968025268, 187.41900048658587, 187.41900048658587, 195.45101871571137, 195.45101871571137, 195.4512433645824, 195.4512433645824, 195.63827103197326, 195.63827103197326, 195.63827103197326, 195.63827103197326, 203.25208483091183, 203.25208483091183, 203.25208483091183, 203.25208483091183, 203.67819997849273, 203.67819997849273, 215.51913909013803, 215.51913909013803, 215.51913909013803, 215.51913909013803, 215.51913909013803, 215.51913909013803, 215.51913909013803, 215.51913909013803, 220.589117963462, 220.589117963462, 220.589117963462, 220.589117963462, 220.589117963462, 240.84341640142299, 241.0421848122436, 241.04211540913568, 241.04211540913568, 245.79952558168438, 245.79952558168438, 245.79952558168438, 245.79952558168438, 245.79952558168438, 245.79966299002018, 245.79966299002018, 245.79966299002018, 245.91460638544137, 245.91460638544137, 250.3580227611842, 250.3580227611842, 250.3580227611842, 250.3580227611842, 250.3580227611842, 250.3580227611842, 250.67410372950286, 250.67410372950286, 250.67410372950286, 250.67410372950286, 250.67410372950286, 250.67410372950286, 250.67410372950286, 250.67410372950286, 250.67410372950286, 250.67410372950286, 250.67410372950286, 250.67410372950286, 257.91968032285234, 257.91968032285234, 260.87906336946077, 260.87906336946077, 260.87906336946077, 260.87906336946077, 261.14379715463457, 261.14379715463457, 261.14379715463457, 261.14379715463457, 261.14379715463457, 261.14379715463457, 261.14379715463457, 272.19469865154804, 272.19469865154804, 272.4434941513202, 272.4434941513202, 272.4434941513202, 272.4434941513202, 272.4434941513202, 272.4435344944613, 272.4435344944613, 275.0299410093955, 275.0299410093955, 275.0299410093955, 274.70914531679796, 274.70914531679796, 274.70923721491044, 275.1020018358611, 275.1020018358611, 277.6891679973268, 277.6891679973268, 277.6891679973268, 277.6891679973268, 277.6891679973268, 277.6891679973268, 277.6891679973268, 277.6891679973268, 277.6891679973268, 277.6891679973268, 277.6891679973268, 277.6891679973268, 277.6891679973268, 281.7537032930977, 281.7537032930977, 281.7537032930977, 281.90650640166126, 281.90650640166126, 283.50579001579877, 283.50579001579877, 283.50579001579877, 283.50579001579877, 283.50579001579877, 283.50579001579877, 283.50579001579877, 283.5058771114307, 283.5058771114307, 283.5058771114307, 283.5058771114307, 283.5058771114307, 283.5058771114307, 283.5058771114307, 283.5058771114307, 286.071595110559, 286.071595110559, 286.071595110559, 286.071595110559, 286.071595110559, 286.071595110559, 286.071595110559, 286.0715065319239, 286.0715065319239, 286.0715065319239, 286.0715065319239, 286.0715065319239, 286.0715065319239, 286.0715065319239, 286.0715065319239, 286.0715065319239, 286.0715065319239, 286.0715065319239, 286.0715065319239, 289.4945625879351, 289.4945625879351, 289.4945625879351, 289.4945625879351, 289.4945625879351, 289.4945625879351, 289.4945625879351, 289.4945625879351, 289.4945625879351, 289.4945625879351, 289.4945625879351, 289.4945625879351, 289.4945625879351, 289.4945625879351, 289.4945625879351, 289.4945625879351, 289.4945625879351, 289.4945625879351, 289.4945625879351, 289.4945625879351, 289.4945625879351, 289.4945625879351, 289.4945625879351, 289.4945625879351, 289.4945625879351, 289.4945625879351, 289.75372111656395, 289.75372111656395, 289.7537414853652, 289.7537414853652, 289.7537414853652, 291.10352599539016, 291.10352599539016, 291.10352599539016, 291.10352599539016, 291.10352599539016, 291.10352599539016, 291.10352599539016, 291.10352599539016, 291.10352599539016, 291.10352599539016, 291.10352599539016, 291.10352599539016, 291.1393711215517, 291.1393711215517, 291.1393711215517, 291.1393711215517, 291.1393711215517, 291.1393711215517, 291.1393711215517, 291.1393711215517, 291.1394123743021, 291.1394123743021, 291.1394123743021, 292.41652613386, 292.41652613386, 292.41652613386, 292.41652613386, 292.41652613386, 292.41652613386, 292.41652613386, 292.41652613386, 292.41652613386, 292.41652613386, 292.41652613386, 292.41652613386, 292.41652613386, 292.48932183772575, 292.48932183772575, 292.48932183772575, 292.48932183772575, 292.48932183772575, 292.48932183772575, 294.7289616974169, 294.7289616974169, 294.7289616974169, 294.7289616974169, 294.7289616974169, 294.7289616974169, 294.7289616974169, 294.7289616974169, 294.7289616974169, 294.7289616974169, 294.7289616974169, 294.7289616974169, 294.7289616974169, 294.7289616974169, 294.7289616974169, 294.7289616974169, 294.7289616974169, 294.7289616974169, 294.7289616974169, 294.7289616974169, 294.7289616974169, 294.7289616974169, 294.7289616974169, 294.7289616974169, 294.7289616974169, 294.7289616974169, 294.7289616974169, 294.7289616974169, 294.7289616974169, 294.7289616974169, 294.7289616974169, 294.7289616974169, 294.7289616974169, 294.7289616974169, 294.7289616974169, 294.7289616974169, 294.7289616974169, 294.7289616974169, 294.7289616974169, 294.7289616974169, 294.7289616974169, 294.7289616974169, 295.4863882721513, 295.4863882721513, 295.4863882721513, 295.4863882721513, 295.4863882721513, 295.4863882721513, 295.4863882721513, 295.4863882721513, 295.4863882721513, 295.4863882721513, 295.4863882721513, 295.4863882721513, 295.5607629675033, 295.5607629675033, 295.5607629675033, 295.5607629675033, 296.96298543453963, 296.96298543453963, 296.96298543453963, 296.96298543453963, 296.96298543453963, 296.96298543453963, 296.96298543453963, 296.96298543453963, 296.96298543453963, 296.96298543453963, 296.96298543453963, 296.96298543453963, 296.96298543453963, 296.96298543453963, 296.96298543453963, 296.96298543453963, 296.96298543453963, 296.96298543453963, 296.96298543453963, 296.96298543453963, 296.96298543453963, 296.96298543453963, 296.96298543453963, 296.96298543453963, 296.96298543453963, 296.96298543453963, 296.96298543453963, 296.96298543453963, 296.96298543453963, 296.96298543453963, 296.96298543453963, 296.96298543453963, 296.96298543453963, 296.96298543453963, 296.96298543453963, 296.96298543453963, 296.96298543453963, 296.96298543453963, 296.96298543453963, 296.96298543453963, 296.96298543453963, 298.5677792367317, 298.5677792367317, 298.5677792367317, 298.5677792367317, 298.5677792367317, 298.5677792367317, 298.5677792367317, 298.5677792367317, 298.5677792367317, 298.5677792367317, 298.5677792367317, 298.5677792367317, 298.5677792367317, 298.5677792367317, 298.5677792367317, 298.5677792367317, 298.5677792367317, 298.5677792367317, 298.5677792367317, 298.5677792367317, 298.5677792367317, 298.5677792367317, 298.5677792367317, 298.5677792367317, 298.5677792367317, 298.5677792367317, 298.5677792367317, 298.5677792367317, 298.5677792367317, 298.5677792367317, 298.5677792367317, 298.5677792367317]
real values2: [70.87291263681897, 74.39645309951365, 104.94235514585168, 104.98893606238946, 104.98893606238946, 104.98893606238946, 104.98893606238946, 104.9888016384907, 115.84971215281733, 115.84971215281733, 115.84971215281733, 115.84971215281733, 115.84997079203517, 115.7013843419826, 115.7013843419826, 126.54838912404348, 126.54838912404348, 126.54838912404348, 126.54838912404348, 126.54838912404348, 126.54838912404348, 126.54838912404348, 126.54838912404348, 126.54838912404348, 126.54838912404348, 140.08682999431156, 140.08682999431156, 140.08682999431156, 140.08682999431156, 155.10243539349992, 155.10243539349992, 155.10243539349992, 155.52891428947217, 155.52891428947217, 155.52891428947217, 155.52891428947217, 155.52891428947217, 187.89183641203908, 187.41889968025268, 187.41889968025268, 187.41900048658587, 187.41900048658587, 195.45101871571137, 195.45101871571137, 195.4512433645824, 195.4512433645824, 195.63827103197326, 195.63827103197326, 195.63827103197326, 195.63827103197326, 203.25208483091183, 203.25208483091183, 203.25208483091183, 203.25208483091183, 203.67819997849273, 203.67819997849273, 215.51913909013803, 215.51913909013803, 215.51913909013803, 215.51913909013803, 215.51913909013803, 215.51913909013803, 215.51913909013803, 215.51913909013803, 220.589117963462, 220.589117963462, 220.589117963462, 220.589117963462, 220.589117963462, 240.84341640142299, 241.0421848122436, 241.04211540913568, 241.04211540913568, 245.79952558168438, 245.79952558168438, 245.79952558168438, 245.79952558168438, 245.79952558168438, 245.79966299002018, 245.79966299002018, 245.79966299002018, 245.91460638544137, 245.91460638544137, 250.3580227611842, 250.3580227611842, 250.3580227611842, 250.3580227611842, 250.3580227611842, 250.3580227611842, 250.67410372950286, 250.67410372950286, 250.67410372950286, 250.67410372950286, 250.67410372950286, 250.67410372950286, 250.67410372950286, 250.67410372950286, 250.67410372950286, 250.67410372950286, 250.67410372950286, 250.67410372950286, 257.91968032285234, 257.91968032285234, 260.87906336946077, 260.87906336946077, 260.87906336946077, 260.87906336946077, 261.14379715463457, 261.14379715463457, 261.14379715463457, 261.14379715463457, 261.14379715463457, 261.14379715463457, 261.14379715463457, 272.19469865154804, 272.19469865154804, 272.4434941513202, 272.4434941513202, 272.4434941513202, 272.4434941513202, 272.4434941513202, 272.4435344944613, 272.4435344944613, 275.0299410093955, 275.0299410093955, 275.0299410093955, 274.70914531679796, 274.70914531679796, 274.70923721491044, 275.1020018358611, 275.1020018358611, 277.6891679973268, 277.6891679973268, 277.6891679973268, 277.6891679973268, 277.6891679973268, 277.6891679973268, 277.6891679973268, 277.6891679973268, 277.6891679973268, 277.6891679973268, 277.6891679973268, 277.6891679973268, 277.6891679973268, 281.7537032930977, 281.7537032930977, 281.7537032930977, 281.90650640166126, 281.90650640166126, 283.50579001579877, 283.50579001579877, 283.50579001579877, 283.50579001579877, 283.50579001579877, 283.50579001579877, 283.50579001579877, 283.5058771114307, 283.5058771114307, 283.5058771114307, 283.5058771114307, 283.5058771114307, 283.5058771114307, 283.5058771114307, 283.5058771114307, 286.071595110559, 286.071595110559, 286.071595110559, 286.071595110559, 286.071595110559, 286.071595110559, 286.071595110559, 286.0715065319239, 286.0715065319239, 286.0715065319239, 286.0715065319239, 286.0715065319239, 286.0715065319239, 286.0715065319239, 286.0715065319239, 286.0715065319239, 286.0715065319239, 286.0715065319239, 286.0715065319239, 289.4945625879351, 289.4945625879351, 289.4945625879351, 289.4945625879351, 289.4945625879351, 289.4945625879351, 289.4945625879351, 289.4945625879351, 289.4945625879351, 289.4945625879351, 289.4945625879351, 289.4945625879351, 289.4945625879351, 289.4945625879351, 289.4945625879351, 289.4945625879351, 289.4945625879351, 289.4945625879351, 289.4945625879351, 289.4945625879351, 289.4945625879351, 289.4945625879351, 289.4945625879351, 289.4945625879351, 289.4945625879351, 289.4945625879351, 289.75372111656395, 289.75372111656395, 289.7537414853652, 289.7537414853652, 289.7537414853652, 291.10352599539016, 291.10352599539016, 291.10352599539016, 291.10352599539016, 291.10352599539016, 291.10352599539016, 291.10352599539016, 291.10352599539016, 291.10352599539016, 291.10352599539016, 291.10352599539016, 291.10352599539016, 291.1393711215517, 291.1393711215517, 291.1393711215517, 291.1393711215517, 291.1393711215517, 291.1393711215517, 291.1393711215517, 291.1393711215517, 291.1394123743021, 291.1394123743021, 291.1394123743021, 292.41652613386, 292.41652613386, 292.41652613386, 292.41652613386, 292.41652613386, 292.41652613386, 292.41652613386, 292.41652613386, 292.41652613386, 292.41652613386, 292.41652613386, 292.41652613386, 292.41652613386, 292.48932183772575, 292.48932183772575, 292.48932183772575, 292.48932183772575, 292.48932183772575, 292.48932183772575, 294.7289616974169, 294.7289616974169, 294.7289616974169, 294.7289616974169, 294.7289616974169, 294.7289616974169, 294.7289616974169, 294.7289616974169, 294.7289616974169, 294.7289616974169, 294.7289616974169, 294.7289616974169, 294.7289616974169, 294.7289616974169, 294.7289616974169, 294.7289616974169, 294.7289616974169, 294.7289616974169, 294.7289616974169, 294.7289616974169, 294.7289616974169, 294.7289616974169, 294.7289616974169, 294.7289616974169, 294.7289616974169, 294.7289616974169, 294.7289616974169, 294.7289616974169, 294.7289616974169, 294.7289616974169, 294.7289616974169, 294.7289616974169, 294.7289616974169, 294.7289616974169, 294.7289616974169, 294.7289616974169, 294.7289616974169, 294.7289616974169, 294.7289616974169, 294.7289616974169, 294.7289616974169, 294.7289616974169, 295.4863882721513, 295.4863882721513, 295.4863882721513, 295.4863882721513, 295.4863882721513, 295.4863882721513, 295.4863882721513, 295.4863882721513, 295.4863882721513, 295.4863882721513, 295.4863882721513, 295.4863882721513, 295.5607629675033, 295.5607629675033, 295.5607629675033, 295.5607629675033, 296.96298543453963, 296.96298543453963, 296.96298543453963, 296.96298543453963, 296.96298543453963, 296.96298543453963, 296.96298543453963, 296.96298543453963, 296.96298543453963, 296.96298543453963, 296.96298543453963, 296.96298543453963, 296.96298543453963, 296.96298543453963, 296.96298543453963, 296.96298543453963, 296.96298543453963, 296.96298543453963, 296.96298543453963, 296.96298543453963, 296.96298543453963, 296.96298543453963, 296.96298543453963, 296.96298543453963, 296.96298543453963, 296.96298543453963, 296.96298543453963, 296.96298543453963, 296.96298543453963, 296.96298543453963, 296.96298543453963, 296.96298543453963, 296.96298543453963, 296.96298543453963, 296.96298543453963, 296.96298543453963, 296.96298543453963, 296.96298543453963, 296.96298543453963, 296.96298543453963, 296.96298543453963, 298.5677792367317, 298.5677792367317, 298.5677792367317, 298.5677792367317, 298.5677792367317, 298.5677792367317, 298.5677792367317, 298.5677792367317, 298.5677792367317, 298.5677792367317, 298.5677792367317, 298.5677792367317, 298.5677792367317, 298.5677792367317, 298.5677792367317, 298.5677792367317, 298.5677792367317, 298.5677792367317, 298.5677792367317, 298.5677792367317, 298.5677792367317, 298.5677792367317, 298.5677792367317, 298.5677792367317, 298.5677792367317, 298.5677792367317, 298.5677792367317, 298.5677792367317, 298.5677792367317, 298.5677792367317, 298.5677792367317, 298.5677792367317]
Done!
