('generated stochastic delays:', [array([ 2, 11,  5, ...,  2,  3,  1])])
('opt_fidel_cost:', 1.1)
Running Experiment1: 
('total budget:', 600)
Auto Init: 
C: 20.469600578508693
nu: 20.469600578508693
Budget Remaining: 591.989773035
Number of MFHOO Instances: 1
Budget per MFHOO Instance:590.889773035
Running SOO number: 1 rho: 0.95 nu: 20.469600578508693
delay_type: DHOO
policy: UCBV
[0.984375 0.828125 0.734375 0.984375 0.234375 0.03125  0.03125  0.96875 ]
final iterations:61112917
final HOO number of nodes:571
final HOO height:42
final duration:590
final optimal value:281.931158 
time durations: [0.001233816146850586, 4.003319978713989, 8.011709928512573, 8.012050867080688, 12.020328998565674, 16.027070999145508, 16.028136014938354, 20.03086495399475, 24.034307956695557, 24.035496950149536, 28.04174304008484, 28.04286289215088, 32.04649591445923, 32.04748201370239, 36.052417039871216, 36.053401947021484, 40.05808186531067, 40.05923581123352, 44.07572293281555, 44.07646703720093, 48.09323501586914, 48.094305992126465, 52.09942698478699, 52.10036087036133, 56.107933044433594, 56.117931842803955, 56.119295835494995, 60.12411093711853, 64.13148903846741, 68.13848996162415, 72.1430938243866, 72.14421486854553, 72.1450560092926, 76.14835000038147, 76.1494128704071, 76.15049290657043, 80.17316484451294, 80.17421293258667, 80.17534303665161, 84.18236184120178, 84.18351197242737, 88.19202089309692, 88.19354391098022, 92.21666193008423, 92.21888303756714, 96.2262270450592, 100.22950887680054, 100.230633020401, 104.24161791801453, 104.24309587478638, 108.25227999687195, 108.2534909248352, 112.26119804382324, 112.2631208896637, 116.27607798576355, 116.27913498878479, 120.28594899177551, 124.29577088356018, 124.29793691635132, 128.30587792396545, 132.30955982208252, 132.31115984916687, 136.3218309879303, 140.32934093475342, 140.33080387115479, 140.33219981193542, 144.34868597984314, 144.35013699531555, 148.35594201087952, 148.35791683197021, 152.3668658733368, 152.36851692199707, 152.3705189228058, 156.38609099388123, 156.38819289207458, 160.3975749015808, 164.4025239944458, 164.40410089492798, 168.41085195541382, 168.41367983818054, 172.42180681228638, 172.42432188987732, 176.4372308254242, 176.43871593475342, 180.44557404518127, 184.4530909061432, 184.45557284355164, 188.46534490585327, 188.46754002571106, 192.47859382629395, 196.48717284202576, 196.48956894874573, 200.49850797653198, 200.5009958744049, 204.51101684570312, 204.51392889022827, 208.52294301986694, 208.52647995948792, 212.53382992744446, 212.53697299957275, 216.54192304611206, 220.55457186698914, 220.55800104141235, 224.5721778869629, 224.57509398460388, 224.57707285881042, 228.5880160331726, 232.59575295448303, 232.59825801849365, 232.60047888755798, 236.60736894607544, 236.60961389541626, 240.62055587768555, 240.6246018409729, 244.6382360458374, 244.64098596572876, 248.65483283996582, 248.65773797035217, 252.66573095321655, 252.6683759689331, 252.67085981369019, 256.6844370365143, 260.6923780441284, 260.6952018737793, 260.69804286956787, 264.7065029144287, 264.70972299575806, 268.71918392181396, 272.7266688346863, 272.72949385643005, 276.7416398525238, 276.74538493156433, 280.7544319629669, 280.757465839386, 284.76415491104126, 288.77006101608276, 288.77460503578186, 292.78650188446045, 292.78972482681274, 296.80432081222534, 296.8069820404053, 300.8182339668274, 304.8301749229431, 304.83352184295654, 308.84460496902466, 308.84720396995544, 312.86996603012085, 312.8721590042114, 312.8748688697815, 316.88185000419617, 316.8848729133606, 320.89357900619507, 324.9039888381958, 324.90767884254456, 328.92328786849976, 328.92695593833923, 332.9360120296478, 336.94474601745605, 336.9479088783264, 340.9647698402405, 344.97641491889954, 344.9806339740753, 348.9897549152374, 348.9941749572754, 353.0036120414734, 353.0068209171295, 357.0173439979553, 357.0207459926605, 361.0273368358612, 361.0308380126953, 365.04334592819214, 365.04731583595276, 369.06571793556213, 369.06878781318665, 373.0795068740845, 373.08237981796265, 377.0901849269867, 381.09619903564453, 381.09933400154114, 385.11509704589844, 385.11822986602783, 389.1279089450836, 389.1315538883209, 393.1428530216217, 393.1461730003357, 397.1551549434662, 397.16174697875977, 401.1736099720001, 401.176864862442, 405.1911590099335, 405.1952049732208, 409.21354484558105, 409.219202041626, 413.2304699420929, 417.24257493019104, 417.24716782569885, 421.2569968700409, 421.2618098258972, 425.2808828353882, 425.2844669818878, 429.3043029308319, 429.3076639175415, 433.3127338886261, 433.3173768520355, 433.3211998939514, 437.3325228691101, 437.3369998931885, 441.3453879356384, 441.3496148586273, 441.3541088104248, 445.37600684165955, 449.38820481300354, 449.39496088027954, 453.40764594078064, 453.4155738353729, 453.42172503471375, 457.43964290618896, 457.4464108943939, 457.4524338245392, 461.45978593826294, 461.46447587013245, 465.47941184043884, 465.4852600097656, 469.49570894241333, 469.50076603889465, 473.5217709541321, 477.5327458381653, 477.5372049808502, 481.545658826828, 481.5499038696289, 485.5695729255676, 485.57367396354675, 489.58424282073975, 489.5894889831543, 493.5978488922119, 493.6035029888153, 497.62583088874817, 501.6388268470764, 501.6430549621582, 505.6569628715515, 509.66892290115356, 509.6731719970703, 509.6767749786377, 513.6885759830475, 513.6939108371735, 513.699539899826, 517.7170188426971, 517.7225518226624, 521.7325010299683, 521.7377369403839, 525.7623829841614, 525.7712960243225, 529.7807860374451, 529.7868800163269, 533.7968859672546, 533.8032529354095, 533.808835029602, 537.8179550170898, 537.8224549293518, 537.8267469406128, 541.8484599590302, 541.852952003479, 541.857342004776, 545.8832879066467, 545.8900089263916, 549.9044468402863, 549.9102458953857, 553.9208629131317, 553.9272809028625, 557.9451978206635, 557.9501049518585, 561.9603519439697, 561.9645409584045, 565.9719619750977, 565.979574918747, 569.9958469867706, 574.0089509487152, 574.0154328346252, 578.0275008678436, 578.0340340137482, 582.0513198375702, 582.0562260150909, 586.0886540412903, 586.0949988365173, 586.1000459194183, 590.1072080135345, 590.1143658161163, 590.1210310459137, 590.1296899318695]
noisy values: [56.41319345295263, 59.962338364486115, 94.53204731537316, 94.53204731537316, 96.66212407998492, 97.62665068019264, 97.62665068019264, 108.73690134650317, 108.73690134650317, 108.73690134650317, 108.73690134650317, 108.73690134650317, 108.73690134650317, 108.73690134650317, 108.73690134650317, 108.73690134650317, 109.81296050859673, 109.81296050859673, 120.80798674539747, 120.80798674539747, 120.80798674539747, 121.10688806643265, 121.10688806643265, 121.10688806643265, 121.10688806643265, 121.97314160447019, 121.97314160447019, 121.97314160447019, 135.99949175541423, 165.3186982034381, 166.43887037401288, 166.43887037401288, 166.43887037401288, 168.45200344681587, 168.45200344681587, 168.45200344681587, 176.6429636125411, 176.6429636125411, 176.6429636125411, 176.6429636125411, 176.6429636125411, 176.6429636125411, 176.6429636125411, 176.6429636125411, 176.6429636125411, 177.5656937223502, 178.21014416700098, 178.21014416700098, 186.39996953588403, 186.39996953588403, 186.84816691455714, 186.84816691455714, 186.84816691455714, 186.84816691455714, 186.84816691455714, 186.84816691455714, 186.84816691455714, 186.84816691455714, 186.84816691455714, 186.84816691455714, 186.84816691455714, 186.84816691455714, 197.10479967607688, 197.6193625585871, 197.6193625585871, 197.6193625585871, 197.6193625585871, 197.6193625585871, 197.6193625585871, 197.6193625585871, 211.89269968504448, 211.89269968504448, 211.89269968504448, 222.0409203058038, 222.0409203058038, 222.94169854350216, 223.77485055222095, 223.77485055222095, 228.99869065870246, 228.99869065870246, 228.99869065870246, 228.99869065870246, 228.99869065870246, 228.99869065870246, 228.99869065870246, 228.99869065870246, 228.99869065870246, 229.90851381708316, 229.90851381708316, 229.90851381708316, 229.90851381708316, 229.90851381708316, 229.90874919405468, 229.90874919405468, 235.1016842800297, 235.1016842800297, 235.1016842800297, 235.1016842800297, 235.1016842800297, 235.1016842800297, 235.1016842800297, 235.1016842800297, 235.1016842800297, 235.1016842800297, 235.1016842800297, 235.1016842800297, 235.85396448574727, 242.8736290703771, 242.8736290703771, 242.8736290703771, 246.34553433972968, 246.34553433972968, 246.34553433972968, 246.34553433972968, 246.34553433972968, 246.34553433972968, 246.34553433972968, 246.34553433972968, 246.34553433972968, 246.34553433972968, 246.34553433972968, 247.88502661165975, 247.88502661165975, 247.88502661165975, 247.88502661165975, 247.88502661165975, 247.88502661165975, 247.88502661165975, 247.88502661165975, 247.88502661165975, 247.88502661165975, 247.88502661165975, 247.88502661165975, 247.88502661165975, 247.88502661165975, 247.88502661165975, 247.88502661165975, 247.88502661165975, 258.3279575720479, 258.3279575720479, 258.3279575720479, 258.4874164706042, 258.4874164706042, 258.4874164706042, 258.4874164706042, 258.4874164706042, 258.4874164706042, 258.4874164706042, 258.4874164706042, 258.4874164706042, 258.4874164706042, 258.4874164706042, 258.4874164706042, 258.4874164706042, 258.4874164706042, 258.4874164706042, 258.9382098112037, 259.53183103316564, 259.53183103316564, 262.56497394895285, 262.59499423168074, 262.59499423168074, 262.59499423168074, 262.59499423168074, 262.59512331981654, 262.59512331981654, 263.21505979268204, 263.21505979268204, 263.21505979268204, 263.21505979268204, 265.9829397609651, 265.9829397609651, 265.9829397609651, 265.9829397609651, 265.9829397609651, 265.9829397609651, 266.0141748438977, 266.23912130588315, 266.23912130588315, 270.7594488635871, 270.7594488635871, 270.7594488635871, 270.7594488635871, 270.7594488635871, 270.7594488635871, 270.7594488635871, 270.7594488635871, 270.7594488635871, 270.7594488635871, 270.7594488635871, 270.7594488635871, 270.7594488635871, 270.7594488635871, 270.7594488635871, 270.7594488635871, 270.7594488635871, 270.7594488635871, 270.7594488635871, 270.7594488635871, 270.7594488635871, 270.7594488635871, 270.7594488635871, 270.7594488635871, 270.7594488635871, 270.7594488635871, 270.7594488635871, 270.7594488635871, 270.7594488635871, 270.7594488635871, 270.7594488635871, 272.52911524721776, 272.52911524721776, 272.52911524721776, 272.52911524721776, 273.4835923880699, 273.4835923880699, 273.4835923880699, 273.4835923880699, 273.4835923880699, 273.4835923880699, 273.4835923880699, 273.4835923880699, 273.4835923880699, 273.4835923880699, 273.4835923880699, 273.4835923880699, 273.4835923880699, 273.4835923880699, 273.4835923880699, 273.4835923880699, 273.4835923880699, 273.4835923880699, 273.4835923880699, 273.4835923880699, 273.4835923880699, 273.4835923880699, 273.4835923880699, 273.4835923880699, 273.4835923880699, 273.4835923880699, 273.4835923880699, 273.4835923880699, 273.4835923880699, 273.4835923880699, 273.4835923880699, 273.4835923880699, 273.4835923880699, 273.4835923880699, 273.4835923880699, 273.4835923880699, 273.4835923880699, 273.4835923880699, 275.7960071994301, 275.7960071994301, 275.7960071994301, 275.7960071994301, 275.7960071994301, 275.7960071994301, 275.7960071994301, 275.7960071994301, 275.7960071994301, 278.9233466059701, 278.9233466059701, 279.3716953464675, 279.3716953464675, 279.77436061215553, 279.77436061215553, 279.77436061215553, 279.77436061215553, 279.77436061215553, 279.77436061215553, 279.77436061215553, 279.77436061215553, 279.77436061215553, 279.77436061215553, 279.79005767241534, 281.49275593674383, 281.49275593674383, 281.9310900757306, 281.9310900757306, 281.9310900757306, 281.9310900757306, 281.9310900757306, 281.9310900757306, 281.9310900757306, 281.93115828020353, 281.93115828020353, 281.93115828020353, 281.93115828020353]
data points:
values: [70.87291263681897, 70.87291263681897, 115.89303989857751, 115.89303989857751, 115.89303989857751, 115.94985205077386, 115.94997398170983, 115.94997398170983, 127.94479887636948, 127.94479887636948, 127.94479887636948, 127.94479887636948, 127.94479887636948, 127.94479887636948, 127.94479887636948, 127.94479887636948, 127.94479887636948, 128.0797035514305, 128.0797035514305, 139.7414288419944, 139.7414288419944, 139.7414288419944, 140.08717575937712, 140.08717575937712, 140.08717575937712, 140.08717575937712, 139.9922158545257, 139.9922158545257, 154.94620311847228, 187.0471653679007, 187.0471653679007, 187.08509388800672, 187.08509388800672, 187.08509388800672, 187.08520927156104, 187.08520927156104, 187.08520927156104, 195.10314681177078, 195.10314681177078, 195.10314681177078, 195.10314681177078, 195.10314681177078, 195.10314681177078, 195.10314681177078, 195.10314681177078, 195.10314681177078, 195.10288967730241, 194.8487808584377, 202.856265003305, 202.856265003305, 202.856265003305, 203.34398619904886, 203.34398619904886, 203.34398619904886, 203.34398619904886, 203.34398619904886, 203.34398619904886, 203.34398619904886, 203.34398619904886, 203.34398619904886, 203.34398619904886, 203.34398619904886, 214.5062043410893, 214.5062043410893, 215.06619657334102, 215.06619657334102, 215.06619657334102, 215.06619657334102, 215.06619657334102, 215.06619657334102, 228.63166717847156, 228.63166717847156, 228.63166717847156, 239.58159287378652, 239.58159287378652, 239.58159287378652, 239.6071097976914, 239.6069982333217, 239.6069982333217, 244.3360837247688, 244.3360837247688, 244.3360837247688, 244.3360837247688, 244.3360837247688, 244.3360837247688, 244.3360837247688, 244.3360837247688, 244.3360837247688, 244.4881075204887, 244.4881075204887, 244.4881075204887, 244.4881075204887, 244.4881075204887, 244.48833030088596, 244.48833030088596, 249.22036250025795, 249.22036250025795, 249.22036250025795, 249.22036250025795, 249.22036250025795, 249.22036250025795, 249.22036250025795, 249.22036250025795, 249.22036250025795, 249.22036250025795, 249.22036250025795, 249.22036250025795, 256.68832140356614, 256.68832140356614, 256.68832140356614, 256.68832140356614, 259.61935399803485, 259.61935399803485, 259.61935399803485, 259.61935399803485, 259.61935399803485, 259.61935399803485, 259.61935399803485, 259.61935399803485, 259.61935399803485, 259.61935399803485, 259.61935399803485, 260.5398812326299, 260.5398812326299, 260.5398812326299, 260.5398812326299, 260.5398812326299, 260.5398812326299, 260.5398812326299, 260.5398812326299, 260.5398812326299, 260.5398812326299, 260.5398812326299, 260.5398812326299, 260.5398812326299, 260.5398812326299, 260.5398812326299, 260.5398812326299, 270.8246149292615, 270.8246149292615, 270.8246149292615, 270.8246149292615, 270.33790401422596, 270.33790401422596, 270.33790401422596, 270.33790401422596, 270.33790401422596, 270.33790401422596, 270.33790401422596, 270.33790401422596, 270.33790401422596, 270.33790401422596, 270.33790401422596, 270.33790401422596, 270.33790401422596, 270.33790401422596, 270.33790401422596, 270.80936682715173, 270.80942779111274, 270.80942779111274, 273.38040337140814, 273.41166842846366, 273.41166842846366, 273.41166842846366, 273.41166842846366, 273.41179284939744, 273.41179284939744, 273.49399627500384, 273.49399627500384, 273.49399627500384, 273.49399627500384, 275.8313755674913, 275.8313755674913, 275.8313755674913, 275.8313755674913, 275.8313755674913, 275.8313755674913, 275.8637655573716, 276.09705030841997, 280.26588964738045, 280.26588964738045, 280.26588964738045, 280.26588964738045, 280.26588964738045, 280.26588964738045, 280.26588964738045, 280.26588964738045, 280.26588964738045, 280.26588964738045, 280.26588964738045, 280.26588964738045, 280.26588964738045, 280.26588964738045, 280.26588964738045, 280.26588964738045, 280.26588964738045, 280.26588964738045, 280.26588964738045, 280.26588964738045, 280.26588964738045, 280.26588964738045, 280.26588964738045, 280.26588964738045, 280.26588964738045, 280.26588964738045, 280.26588964738045, 280.26588964738045, 280.26588964738045, 280.26588964738045, 280.26588964738045, 280.26588964738045, 281.6033321277599, 281.6033321277599, 281.6033321277599, 281.6033321277599, 282.1199103192119, 282.1199103192119, 282.1199103192119, 282.1199103192119, 282.1199103192119, 282.1199103192119, 282.1199103192119, 282.1199103192119, 282.1199103192119, 282.1199103192119, 282.1199103192119, 282.1199103192119, 282.1199103192119, 282.1199103192119, 282.1199103192119, 282.1199103192119, 282.1199103192119, 282.1199103192119, 282.1199103192119, 282.1199103192119, 282.1199103192119, 282.1199103192119, 282.1199103192119, 282.1199103192119, 282.1199103192119, 282.1199103192119, 282.1199103192119, 282.1199103192119, 282.1199103192119, 282.1199103192119, 282.1199103192119, 282.1199103192119, 282.1199103192119, 282.1199103192119, 282.1199103192119, 282.1199103192119, 282.1199103192119, 282.1199103192119, 284.5053461438369, 284.5053461438369, 284.5053461438369, 284.5053461438369, 284.5053461438369, 284.5053461438369, 284.5053461438369, 284.5053461438369, 287.7314463512952, 287.7314463512952, 287.7314463512952, 287.7396276947184, 287.7396276947184, 287.7234482024286, 287.7234482024286, 287.7234482024286, 287.7234482024286, 287.7234482024286, 287.7234482024286, 287.7234482024286, 287.7234482024286, 287.7234482024286, 287.7234482024286, 287.7395942786064, 289.079996115308, 289.079996115308, 289.14047629110854, 289.14047629110854, 289.14047629110854, 289.14047629110854, 289.14047629110854, 289.14047629110854, 289.14047629110854, 289.14054292036775, 289.14054292036775, 289.14054292036775]
real values1: [70.87291263681897, 74.39645309951365, 115.89303989857751, 115.89303989857751, 115.94985205077386, 115.94997398170983, 115.94997398170983, 127.94479887636948, 127.94479887636948, 127.94479887636948, 127.94479887636948, 127.94479887636948, 127.94479887636948, 127.94479887636948, 127.94479887636948, 127.94479887636948, 128.0797035514305, 128.0797035514305, 139.7414288419944, 139.7414288419944, 139.7414288419944, 140.08717575937712, 140.08717575937712, 140.08717575937712, 140.08717575937712, 139.9922158545257, 139.9922158545257, 139.9922158545257, 154.94620311847228, 187.0471653679007, 187.08509388800672, 187.08509388800672, 187.08509388800672, 187.08520927156104, 187.08520927156104, 187.08520927156104, 195.10314681177078, 195.10314681177078, 195.10314681177078, 195.10314681177078, 195.10314681177078, 195.10314681177078, 195.10314681177078, 195.10314681177078, 195.10314681177078, 195.10288967730241, 194.8487808584377, 194.8487808584377, 202.856265003305, 202.856265003305, 203.34398619904886, 203.34398619904886, 203.34398619904886, 203.34398619904886, 203.34398619904886, 203.34398619904886, 203.34398619904886, 203.34398619904886, 203.34398619904886, 203.34398619904886, 203.34398619904886, 203.34398619904886, 214.5062043410893, 215.06619657334102, 215.06619657334102, 215.06619657334102, 215.06619657334102, 215.06619657334102, 215.06619657334102, 215.06619657334102, 228.63166717847156, 228.63166717847156, 228.63166717847156, 239.58159287378652, 239.58159287378652, 239.6071097976914, 239.6069982333217, 239.6069982333217, 244.3360837247688, 244.3360837247688, 244.3360837247688, 244.3360837247688, 244.3360837247688, 244.3360837247688, 244.3360837247688, 244.3360837247688, 244.3360837247688, 244.4881075204887, 244.4881075204887, 244.4881075204887, 244.4881075204887, 244.4881075204887, 244.48833030088596, 244.48833030088596, 249.22036250025795, 249.22036250025795, 249.22036250025795, 249.22036250025795, 249.22036250025795, 249.22036250025795, 249.22036250025795, 249.22036250025795, 249.22036250025795, 249.22036250025795, 249.22036250025795, 249.22036250025795, 249.26934104982377, 256.68832140356614, 256.68832140356614, 256.68832140356614, 259.61935399803485, 259.61935399803485, 259.61935399803485, 259.61935399803485, 259.61935399803485, 259.61935399803485, 259.61935399803485, 259.61935399803485, 259.61935399803485, 259.61935399803485, 259.61935399803485, 260.5398812326299, 260.5398812326299, 260.5398812326299, 260.5398812326299, 260.5398812326299, 260.5398812326299, 260.5398812326299, 260.5398812326299, 260.5398812326299, 260.5398812326299, 260.5398812326299, 260.5398812326299, 260.5398812326299, 260.5398812326299, 260.5398812326299, 260.5398812326299, 260.5398812326299, 270.8246149292615, 270.8246149292615, 270.8246149292615, 270.33790401422596, 270.33790401422596, 270.33790401422596, 270.33790401422596, 270.33790401422596, 270.33790401422596, 270.33790401422596, 270.33790401422596, 270.33790401422596, 270.33790401422596, 270.33790401422596, 270.33790401422596, 270.33790401422596, 270.33790401422596, 270.33790401422596, 270.80936682715173, 270.80942779111274, 270.80942779111274, 273.38040337140814, 273.41166842846366, 273.41166842846366, 273.41166842846366, 273.41166842846366, 273.41179284939744, 273.41179284939744, 273.49399627500384, 273.49399627500384, 273.49399627500384, 273.49399627500384, 275.8313755674913, 275.8313755674913, 275.8313755674913, 275.8313755674913, 275.8313755674913, 275.8313755674913, 275.8637655573716, 276.09705030841997, 276.09705030841997, 280.26588964738045, 280.26588964738045, 280.26588964738045, 280.26588964738045, 280.26588964738045, 280.26588964738045, 280.26588964738045, 280.26588964738045, 280.26588964738045, 280.26588964738045, 280.26588964738045, 280.26588964738045, 280.26588964738045, 280.26588964738045, 280.26588964738045, 280.26588964738045, 280.26588964738045, 280.26588964738045, 280.26588964738045, 280.26588964738045, 280.26588964738045, 280.26588964738045, 280.26588964738045, 280.26588964738045, 280.26588964738045, 280.26588964738045, 280.26588964738045, 280.26588964738045, 280.26588964738045, 280.26588964738045, 280.26588964738045, 281.6033321277599, 281.6033321277599, 281.6033321277599, 281.6033321277599, 282.1199103192119, 282.1199103192119, 282.1199103192119, 282.1199103192119, 282.1199103192119, 282.1199103192119, 282.1199103192119, 282.1199103192119, 282.1199103192119, 282.1199103192119, 282.1199103192119, 282.1199103192119, 282.1199103192119, 282.1199103192119, 282.1199103192119, 282.1199103192119, 282.1199103192119, 282.1199103192119, 282.1199103192119, 282.1199103192119, 282.1199103192119, 282.1199103192119, 282.1199103192119, 282.1199103192119, 282.1199103192119, 282.1199103192119, 282.1199103192119, 282.1199103192119, 282.1199103192119, 282.1199103192119, 282.1199103192119, 282.1199103192119, 282.1199103192119, 282.1199103192119, 282.1199103192119, 282.1199103192119, 282.1199103192119, 282.1199103192119, 284.5053461438369, 284.5053461438369, 284.5053461438369, 284.5053461438369, 284.5053461438369, 284.5053461438369, 284.5053461438369, 284.5053461438369, 284.5053461438369, 287.7314463512952, 287.7314463512952, 287.7396276947184, 287.7396276947184, 287.7234482024286, 287.7234482024286, 287.7234482024286, 287.7234482024286, 287.7234482024286, 287.7234482024286, 287.7234482024286, 287.7234482024286, 287.7234482024286, 287.7234482024286, 287.7395942786064, 289.079996115308, 289.079996115308, 289.14047629110854, 289.14047629110854, 289.14047629110854, 289.14047629110854, 289.14047629110854, 289.14047629110854, 289.14047629110854, 289.14054292036775, 289.14054292036775, 289.14054292036775, 289.14054292036775]
real values2: [70.87291263681897, 74.39645309951365, 115.89303989857751, 115.89303989857751, 115.94985205077386, 115.94997398170983, 115.94997398170983, 127.94479887636948, 127.94479887636948, 127.94479887636948, 127.94479887636948, 127.94479887636948, 127.94479887636948, 127.94479887636948, 127.94479887636948, 127.94479887636948, 128.0797035514305, 128.0797035514305, 139.7414288419944, 139.7414288419944, 139.7414288419944, 140.08717575937712, 140.08717575937712, 140.08717575937712, 140.08717575937712, 139.9922158545257, 139.9922158545257, 139.9922158545257, 154.94620311847228, 187.0471653679007, 187.08509388800672, 187.08509388800672, 187.08509388800672, 187.08520927156104, 187.08520927156104, 187.08520927156104, 195.10314681177078, 195.10314681177078, 195.10314681177078, 195.10314681177078, 195.10314681177078, 195.10314681177078, 195.10314681177078, 195.10314681177078, 195.10314681177078, 195.10288967730241, 194.8487808584377, 194.8487808584377, 202.856265003305, 202.856265003305, 203.34398619904886, 203.34398619904886, 203.34398619904886, 203.34398619904886, 203.34398619904886, 203.34398619904886, 203.34398619904886, 203.34398619904886, 203.34398619904886, 203.34398619904886, 203.34398619904886, 203.34398619904886, 214.5062043410893, 215.06619657334102, 215.06619657334102, 215.06619657334102, 215.06619657334102, 215.06619657334102, 215.06619657334102, 215.06619657334102, 228.63166717847156, 228.63166717847156, 228.63166717847156, 239.58159287378652, 239.58159287378652, 239.6071097976914, 239.6069982333217, 239.6069982333217, 244.3360837247688, 244.3360837247688, 244.3360837247688, 244.3360837247688, 244.3360837247688, 244.3360837247688, 244.3360837247688, 244.3360837247688, 244.3360837247688, 244.4881075204887, 244.4881075204887, 244.4881075204887, 244.4881075204887, 244.4881075204887, 244.48833030088596, 244.48833030088596, 249.22036250025795, 249.22036250025795, 249.22036250025795, 249.22036250025795, 249.22036250025795, 249.22036250025795, 249.22036250025795, 249.22036250025795, 249.22036250025795, 249.22036250025795, 249.22036250025795, 249.22036250025795, 249.26934104982377, 256.68832140356614, 256.68832140356614, 256.68832140356614, 259.61935399803485, 259.61935399803485, 259.61935399803485, 259.61935399803485, 259.61935399803485, 259.61935399803485, 259.61935399803485, 259.61935399803485, 259.61935399803485, 259.61935399803485, 259.61935399803485, 260.5398812326299, 260.5398812326299, 260.5398812326299, 260.5398812326299, 260.5398812326299, 260.5398812326299, 260.5398812326299, 260.5398812326299, 260.5398812326299, 260.5398812326299, 260.5398812326299, 260.5398812326299, 260.5398812326299, 260.5398812326299, 260.5398812326299, 260.5398812326299, 260.5398812326299, 270.8246149292615, 270.8246149292615, 270.8246149292615, 270.33790401422596, 270.33790401422596, 270.33790401422596, 270.33790401422596, 270.33790401422596, 270.33790401422596, 270.33790401422596, 270.33790401422596, 270.33790401422596, 270.33790401422596, 270.33790401422596, 270.33790401422596, 270.33790401422596, 270.33790401422596, 270.33790401422596, 270.80936682715173, 270.80942779111274, 270.80942779111274, 273.38040337140814, 273.41166842846366, 273.41166842846366, 273.41166842846366, 273.41166842846366, 273.41179284939744, 273.41179284939744, 273.49399627500384, 273.49399627500384, 273.49399627500384, 273.49399627500384, 275.8313755674913, 275.8313755674913, 275.8313755674913, 275.8313755674913, 275.8313755674913, 275.8313755674913, 275.8637655573716, 276.09705030841997, 276.09705030841997, 280.26588964738045, 280.26588964738045, 280.26588964738045, 280.26588964738045, 280.26588964738045, 280.26588964738045, 280.26588964738045, 280.26588964738045, 280.26588964738045, 280.26588964738045, 280.26588964738045, 280.26588964738045, 280.26588964738045, 280.26588964738045, 280.26588964738045, 280.26588964738045, 280.26588964738045, 280.26588964738045, 280.26588964738045, 280.26588964738045, 280.26588964738045, 280.26588964738045, 280.26588964738045, 280.26588964738045, 280.26588964738045, 280.26588964738045, 280.26588964738045, 280.26588964738045, 280.26588964738045, 280.26588964738045, 280.26588964738045, 281.6033321277599, 281.6033321277599, 281.6033321277599, 281.6033321277599, 282.1199103192119, 282.1199103192119, 282.1199103192119, 282.1199103192119, 282.1199103192119, 282.1199103192119, 282.1199103192119, 282.1199103192119, 282.1199103192119, 282.1199103192119, 282.1199103192119, 282.1199103192119, 282.1199103192119, 282.1199103192119, 282.1199103192119, 282.1199103192119, 282.1199103192119, 282.1199103192119, 282.1199103192119, 282.1199103192119, 282.1199103192119, 282.1199103192119, 282.1199103192119, 282.1199103192119, 282.1199103192119, 282.1199103192119, 282.1199103192119, 282.1199103192119, 282.1199103192119, 282.1199103192119, 282.1199103192119, 282.1199103192119, 282.1199103192119, 282.1199103192119, 282.1199103192119, 282.1199103192119, 282.1199103192119, 282.1199103192119, 284.5053461438369, 284.5053461438369, 284.5053461438369, 284.5053461438369, 284.5053461438369, 284.5053461438369, 284.5053461438369, 284.5053461438369, 284.5053461438369, 287.7314463512952, 287.7314463512952, 287.7396276947184, 287.7396276947184, 287.7234482024286, 287.7234482024286, 287.7234482024286, 287.7234482024286, 287.7234482024286, 287.7234482024286, 287.7234482024286, 287.7234482024286, 287.7234482024286, 287.7234482024286, 287.7395942786064, 289.079996115308, 289.079996115308, 289.14047629110854, 289.14047629110854, 289.14047629110854, 289.14047629110854, 289.14047629110854, 289.14047629110854, 289.14047629110854, 289.14054292036775, 289.14054292036775, 289.14054292036775, 289.14054292036775]
Done!
