('generated stochastic delays:', [array([ 2, 11,  5, ...,  2,  3,  1])])
('opt_fidel_cost:', 1.1)
Running Experiment1: 
('total budget:', 600)
Auto Init: 
C: 20.469600578508693
nu: 20.469600578508693
Budget Remaining: 591.990174055
Number of MFHOO Instances: 1
Budget per MFHOO Instance:590.890174055
Running SOO number: 1 rho: 0.95 nu: 20.469600578508693
delay_type: DHOO
policy: UCBV
[0.984375 0.796875 0.859375 0.984375 0.921875 0.015625 0.015625 0.984375]
final iterations:51134026
final HOO number of nodes:473
final HOO height:47
final duration:638
final optimal value:289.042087 
time durations: [0.001313924789428711, 4.0057690143585205, 8.010503053665161, 8.011754989624023, 12.017931938171387, 12.01833987236023, 12.019181966781616, 12.031759023666382, 16.0243718624115, 16.024677991867065, 16.06443691253662, 20.03006100654602, 20.030818939208984, 24.038288831710815, 24.038899898529053, 28.043853044509888, 32.05080795288086, 32.05152106285095, 36.061635971069336, 40.06442403793335, 44.06811499595642, 44.06919193267822, 48.0735878944397, 48.074190855026245, 52.09772086143494, 56.10326385498047, 56.10403084754944, 60.11107397079468, 64.11696195602417, 64.1177499294281, 64.11845898628235, 68.12951397895813, 68.1309130191803, 72.13348197937012, 72.13427591323853, 76.14444088935852, 76.14563083648682, 80.16337990760803, 80.16427493095398, 84.18020701408386, 84.1814239025116, 84.18239188194275, 88.19159984588623, 88.19278001785278, 92.20272493362427, 96.2124400138855, 96.21360397338867, 96.21492600440979, 100.22362685203552, 100.22490286827087, 104.22862792015076, 108.23304891586304, 108.23420691490173, 112.25484299659729, 116.2625789642334, 116.26548194885254, 120.27335095405579, 120.27450799942017, 124.28972291946411, 124.2911229133606, 128.29755902290344, 132.30308389663696, 132.30472803115845, 136.3124508857727, 136.3134958744049, 140.31780195236206, 140.31904292106628, 144.3472318649292, 144.3489809036255, 148.3610110282898, 148.36251282691956, 152.36616897583008, 152.36767983436584, 156.37764883041382, 156.3791630268097, 160.3899998664856, 164.3976469039917, 164.4001100063324, 164.40420603752136, 168.41112399101257, 168.4129409790039, 168.4145040512085, 172.42427682876587, 172.4254560470581, 172.42723083496094, 176.43765497207642, 176.43933391571045, 180.45217204093933, 180.45389986038208, 180.4555699825287, 184.47814798355103, 184.4805748462677, 188.48357796669006, 188.48545384407043, 192.49364304542542, 192.49547600746155, 192.49734902381897, 196.51407098770142, 196.51645398139954, 200.52692294120789, 200.52938103675842, 204.53720498085022, 208.54099988937378, 208.543625831604, 212.55447697639465, 212.55652499198914, 216.57073497772217, 216.57291388511658, 220.58585500717163, 220.58771300315857, 224.59925293922424, 224.60203385353088, 228.60864806175232, 232.61528205871582, 232.61779499053955, 236.63040900230408, 236.63251185417175, 236.63497686386108, 240.64986300468445, 240.65200185775757, 244.67271184921265, 244.67529487609863, 248.6821219921112, 248.68557691574097, 248.6885130405426, 252.69647097587585, 252.69924998283386, 256.7237708568573, 256.72664403915405, 260.7455909252167, 260.7481210231781, 264.76574087142944, 264.7676889896393, 268.7771198749542, 268.7796380519867, 268.78348684310913, 272.7959258556366, 272.79840183258057, 276.81096506118774, 276.81379890441895, 280.8335988521576, 280.83584785461426, 284.8637089729309, 284.8662459850311, 288.8758578300476, 288.87862396240234, 292.89394998550415, 292.8966670036316, 296.90560483932495, 300.9127609729767, 300.91521191596985, 304.94038105010986, 304.94275403022766, 308.95175290107727, 308.9545109272003, 312.98525190353394, 312.9881808757782, 317.0827970504761, 317.08540892601013, 317.0884928703308, 321.1055648326874, 325.13166904449463, 325.13476490974426, 329.1658020019531, 329.16913986206055, 333.19451785087585, 333.1984009742737, 381.12930488586426, 381.1364140510559, 381.14437985420227, 385.1654109954834, 385.17068791389465, 385.17672085762024, 389.19804406166077, 393.21880984306335, 393.22332406044006, 397.2381319999695, 397.2413649559021, 401.2677948474884, 401.271283864975, 401.27430295944214, 405.28570199012756, 409.29628586769104, 409.29950189590454, 413.72017097473145, 413.727068901062, 417.7382619380951, 417.7414610385895, 421.75214195251465, 421.7566418647766, 421.7619159221649, 425.7748758792877, 429.78488087654114, 429.78962302207947, 433.80194997787476, 433.8061490058899, 437.81556606292725, 437.81918692588806, 441.8442840576172, 441.84784483909607, 445.8603558540344, 445.8654799461365, 449.8751468658447, 449.8794388771057, 453.899512052536, 453.91619300842285, 457.92548990249634, 457.92906498908997, 457.93192982673645, 461.94559383392334, 461.94912004470825, 461.9529929161072, 465.98144602775574, 469.99922800064087, 470.0030188560486, 470.00760102272034, 470.0115280151367, 505.2156820297241, 505.22115302085876, 505.22789192199707, 509.24863600730896, 509.25480103492737, 513.2791578769684, 513.2878320217133, 517.3193278312683, 517.3401868343353, 521.351814031601, 525.3585269451141, 525.3631038665771, 550.6343410015106, 550.6446208953857, 554.667464017868, 554.6731469631195, 554.6790850162506, 558.7023210525513, 558.7140989303589, 562.7626039981842]
noisy values: [56.41319345295263, 59.962338364486115, 94.53204731537316, 94.53204731537316, 95.64698050257498, 95.64698050257498, 95.64698050257498, 95.64698050257498, 97.62665068019264, 97.62665068019264, 97.62665068019264, 97.62665068019264, 97.62665068019264, 109.6972962229965, 109.6972962229965, 111.21721571104203, 122.54235089387606, 122.54235089387606, 122.87409531697297, 137.35840296687638, 137.35840296687638, 137.35840296687638, 167.00463456078057, 167.00463456078057, 168.06586247201562, 169.05016774144036, 169.05016774144036, 177.27021365239364, 177.27021365239364, 177.27021365239364, 177.27021365239364, 178.26017623223902, 178.26017623223902, 178.26017623223902, 178.26017623223902, 186.24870503202231, 186.24870503202231, 186.24870503202231, 186.24870503202231, 186.50240048668178, 186.50240048668178, 186.50240048668178, 198.27946472494267, 198.27946472494267, 203.8456285048439, 223.5146837372548, 223.5146837372548, 223.5146837372548, 224.4128739508235, 224.4128739508235, 225.25172768358433, 225.25172768358433, 225.25172768358433, 225.25172768358433, 230.47943419657048, 230.47943419657048, 231.33081576734628, 231.33081576734628, 231.3606489618534, 231.3606489618534, 231.3606489618534, 231.3606489618534, 231.3606489618534, 236.3883421854586, 236.3883421854586, 236.3883421854586, 236.3883421854586, 236.3883421854586, 236.3883421854586, 236.58637560441798, 236.58637560441798, 244.4041235109119, 244.4041235109119, 244.4041235109119, 244.4041235109119, 244.4041235109119, 244.4041235109119, 244.4041235109119, 244.4041235109119, 248.58346121956075, 248.58346121956075, 248.58346121956075, 248.58346121956075, 248.58346121956075, 248.58346121956075, 260.04261525215105, 260.04261525215105, 260.6815467500202, 260.6815467500202, 260.6815467500202, 261.2791559849031, 261.2791559849031, 261.2791559849031, 261.2791559849031, 264.31280104825044, 264.31280104825044, 264.31280104825044, 264.31280104825044, 264.31280104825044, 264.3327188895801, 264.3327188895801, 264.3327188895801, 264.3327188895801, 264.3327188895801, 264.808876596672, 264.808876596672, 267.8211628459618, 267.8211628459618, 267.91745699212856, 267.91745699212856, 267.91745699212856, 267.91745699212856, 267.91745699212856, 267.93735906678546, 267.93735906678546, 267.93735906678546, 267.93735906678546, 267.93735906678546, 272.41393112258834, 272.41393112258834, 272.5127650289616, 272.5127650289616, 274.54083117091994, 274.54083117091994, 274.54083117091994, 274.54083117091994, 274.54083117091994, 274.54083117091994, 274.54083117091994, 277.53764077300906, 277.53764077300906, 277.53764077300906, 277.53764077300906, 280.70482956957943, 280.70482956957943, 280.70482956957943, 281.15389494662014, 281.15389494662014, 281.57498986288374, 281.57498986288374, 281.57498986288374, 281.57498986288374, 281.57498986288374, 281.57498986288374, 283.27688110046904, 283.28854969066674, 283.28854969066674, 283.28854969066674, 283.69720520440353, 283.69720520440353, 283.69720520440353, 285.3653877641339, 285.3653877641339, 285.3654486579933, 285.3654486579933, 285.3654486579933, 285.3654486579933, 285.3654486579933, 285.3654486579933, 285.3654486579933, 285.3654486579933, 285.3654486579933, 285.3654486579933, 285.37711756618, 285.37711756618, 287.90971543527803, 287.90971543527803, 287.90971543527803, 287.90971543527803, 287.90971543527803, 287.90971543527803, 287.90971543527803, 287.90971543527803, 287.90971543527803, 287.90971543527803, 287.90971543527803, 287.90971543527803, 287.90971543527803, 287.90971543527803, 287.90971543527803, 287.90971543527803, 287.90971543527803, 287.90971543527803, 287.90971543527803, 288.9860399412001, 288.9860399412001, 288.9860399412001, 288.9860399412001, 289.0420871314216, 289.0420871314216, 289.0420871314216, 289.0420871314216, 289.0420871314216, 289.0420871314216, 289.0420871314216, 289.0420871314216, 289.0420871314216, 289.0420871314216, 289.0420871314216, 289.0420871314216, 289.0420871314216, 289.0420871314216, 289.0420871314216, 289.0420871314216, 289.0420871314216, 289.0420871314216, 289.0420871314216, 289.0420871314216, 289.0420871314216, 289.0420871314216, 289.0420871314216, 289.0420871314216, 289.0420871314216, 289.0420871314216, 289.0420871314216, 289.0420871314216, 289.0420871314216, 289.0420871314216, 289.0420871314216, 289.0420871314216, 289.0420871314216, 289.0420871314216, 289.0420871314216, 289.0420871314216, 289.0420871314216, 289.0420871314216, 289.0420871314216, 289.0420871314216, 289.0420871314216, 289.0420871314216, 289.0420871314216, 289.0420871314216, 289.0420871314216, 289.0420871314216, 289.0420871314216, 289.0420871314216, 289.0420871314216]
data points:
values: [70.87291263681897, 70.87291263681897, 115.89303989857751, 115.89303989857751, 115.89303989857751, 115.94985205077386, 115.94985205077386, 115.94985205077386, 115.94985205077386, 115.94997398170983, 115.94997398170983, 115.94997398170983, 115.94997398170983, 115.94997398170983, 127.94479887636948, 127.94479887636948, 127.64731783536334, 139.61425388242867, 139.61425388242867, 155.41187455106737, 155.41187455106737, 155.41187455106737, 187.72104780985592, 187.72104780985592, 187.72104780985592, 187.7494242883328, 187.74954049278548, 187.74954049278548, 195.7959493710477, 195.7959493710477, 195.7959493710477, 195.7959493710477, 195.86592409476754, 195.86592409476754, 195.86592409476754, 195.86592409476754, 203.6378766734268, 203.6378766734268, 203.6378766734268, 203.6378766734268, 203.91520864660728, 203.91520864660728, 215.78452398553546, 215.78452398553546, 215.78452398553546, 241.17172370032193, 241.17172370032193, 241.17172370032193, 241.17172370032193, 241.18820610177653, 241.18820610177653, 241.18828809026715, 241.18828809026715, 241.18828809026715, 241.18828809026715, 245.91595404273883, 245.91595404273883, 246.00055472893249, 246.00055472893249, 246.03225436842888, 246.03225436842888, 246.03225436842888, 246.03225436842888, 246.03225436842888, 250.5842464747869, 250.5842464747869, 250.5842464747869, 250.5842464747869, 250.5842464747869, 250.5842464747869, 250.79416896910817, 258.3058023383281, 258.3058023383281, 258.3058023383281, 258.3058023383281, 258.3058023383281, 258.3058023383281, 258.3058023383281, 258.3058023383281, 258.3058023383281, 261.27391290542346, 261.27391290542346, 261.27391290542346, 261.27391290542346, 261.27391290542346, 272.6221996675753, 272.6221996675753, 272.6221996675753, 272.6326072337647, 272.6326072337647, 272.6326072337647, 272.63266130924234, 272.63266130924234, 272.63266130924234, 272.63266130924234, 275.2002184497827, 275.2002184497827, 275.2002184497827, 275.2002184497827, 275.2002184497827, 275.2209460685073, 275.2209460685073, 275.2209460685073, 275.2209460685073, 275.2209460685073, 275.15003707700913, 275.15003707700913, 277.7376549805547, 277.7376549805547, 277.8375146617222, 277.8375146617222, 277.8375146617222, 277.8375146617222, 277.8375146617222, 277.8581439594657, 277.8581439594657, 277.8581439594657, 277.8581439594657, 281.97843765995185, 281.97843765995185, 281.97843765995185, 282.0807417349469, 282.0807417349469, 283.6820084832694, 283.6820084832694, 283.6820084832694, 283.6820084832694, 283.6820084832694, 283.6820084832694, 283.6820084832694, 286.3019635655646, 286.3019635655646, 286.3019635655646, 289.5691712541337, 289.5691712541337, 289.5691712541337, 289.5691712541337, 289.57519436035585, 289.57519436035585, 289.57522354151234, 289.57522354151234, 289.57522354151234, 289.57522354151234, 289.57522354151234, 289.57522354151234, 290.91219398296846, 290.9241764462088, 290.9241764462088, 290.9241764462088, 290.9517407944869, 290.9517407944869, 290.9517407944869, 292.2888698828674, 292.2888698828674, 292.28892943912234, 292.28892943912234, 292.28892943912234, 292.28892943912234, 292.28892943912234, 292.28892943912234, 292.28892943912234, 292.28892943912234, 292.28892943912234, 292.28892943912234, 292.3008808801493, 294.537624786922, 294.537624786922, 294.537624786922, 294.537624786922, 294.537624786922, 294.537624786922, 294.537624786922, 294.537624786922, 294.537624786922, 294.537624786922, 294.537624786922, 294.537624786922, 294.537624786922, 294.537624786922, 294.537624786922, 294.537624786922, 294.537624786922, 294.537624786922, 294.537624786922, 294.537624786922, 295.29882747525915, 295.29882747525915, 295.29882747525915, 295.29882747525915, 295.3560990271106, 295.3560990271106, 295.3560990271106, 295.3560990271106, 295.3560990271106, 295.3560990271106, 295.3560990271106, 295.3560990271106, 295.3560990271106, 295.3560990271106, 295.3560990271106, 295.3560990271106, 295.3560990271106, 295.3560990271106, 295.3560990271106, 295.3560990271106, 295.3560990271106, 295.3560990271106, 295.3560990271106, 295.3560990271106, 295.3560990271106, 295.3560990271106, 295.3560990271106, 295.3560990271106, 295.3560990271106, 295.3560990271106, 295.3560990271106, 295.3560990271106, 295.3560990271106, 295.3560990271106, 295.3560990271106, 295.3560990271106, 295.3560990271106, 295.3560990271106, 295.3560990271106, 295.3560990271106, 295.3560990271106, 295.3560990271106, 295.3560990271106, 295.3560990271106, 295.3560990271106, 295.3560990271106, 295.3560990271106, 295.3560990271106, 295.3560990271106, 295.3560990271106, 295.3560990271106, 295.3560990271106]
real values1: [70.87291263681897, 74.39645309951365, 115.89303989857751, 115.89303989857751, 115.94985205077386, 115.94985205077386, 115.94985205077386, 115.94985205077386, 115.94997398170983, 115.94997398170983, 115.94997398170983, 115.94997398170983, 115.94997398170983, 127.94479887636948, 127.94479887636948, 127.64731783536334, 139.61425388242867, 139.61425388242867, 139.9922158545257, 155.41187455106737, 155.41187455106737, 155.41187455106737, 187.72104780985592, 187.72104780985592, 187.7494242883328, 187.74954049278548, 187.74954049278548, 195.7959493710477, 195.7959493710477, 195.7959493710477, 195.7959493710477, 195.86592409476754, 195.86592409476754, 195.86592409476754, 195.86592409476754, 203.6378766734268, 203.6378766734268, 203.6378766734268, 203.6378766734268, 203.91520864660728, 203.91520864660728, 203.91520864660728, 215.78452398553546, 215.78452398553546, 220.86714386826185, 241.17172370032193, 241.17172370032193, 241.17172370032193, 241.18820610177653, 241.18820610177653, 241.18828809026715, 241.18828809026715, 241.18828809026715, 241.18828809026715, 245.91595404273883, 245.91595404273883, 246.00055472893249, 246.00055472893249, 246.03225436842888, 246.03225436842888, 246.03225436842888, 246.03225436842888, 246.03225436842888, 250.5842464747869, 250.5842464747869, 250.5842464747869, 250.5842464747869, 250.5842464747869, 250.5842464747869, 250.79416896910817, 250.79416896910817, 258.3058023383281, 258.3058023383281, 258.3058023383281, 258.3058023383281, 258.3058023383281, 258.3058023383281, 258.3058023383281, 258.3058023383281, 261.27391290542346, 261.27391290542346, 261.27391290542346, 261.27391290542346, 261.27391290542346, 261.27391290542346, 272.6221996675753, 272.6221996675753, 272.6326072337647, 272.6326072337647, 272.6326072337647, 272.63266130924234, 272.63266130924234, 272.63266130924234, 272.63266130924234, 275.2002184497827, 275.2002184497827, 275.2002184497827, 275.2002184497827, 275.2002184497827, 275.2209460685073, 275.2209460685073, 275.2209460685073, 275.2209460685073, 275.2209460685073, 275.15003707700913, 275.15003707700913, 277.7376549805547, 277.7376549805547, 277.8375146617222, 277.8375146617222, 277.8375146617222, 277.8375146617222, 277.8375146617222, 277.8581439594657, 277.8581439594657, 277.8581439594657, 277.8581439594657, 277.8581439594657, 281.97843765995185, 281.97843765995185, 282.0807417349469, 282.0807417349469, 283.6820084832694, 283.6820084832694, 283.6820084832694, 283.6820084832694, 283.6820084832694, 283.6820084832694, 283.6820084832694, 286.3019635655646, 286.3019635655646, 286.3019635655646, 286.3019635655646, 289.5691712541337, 289.5691712541337, 289.5691712541337, 289.57519436035585, 289.57519436035585, 289.57522354151234, 289.57522354151234, 289.57522354151234, 289.57522354151234, 289.57522354151234, 289.57522354151234, 290.91219398296846, 290.9241764462088, 290.9241764462088, 290.9241764462088, 290.9517407944869, 290.9517407944869, 290.9517407944869, 292.2888698828674, 292.2888698828674, 292.28892943912234, 292.28892943912234, 292.28892943912234, 292.28892943912234, 292.28892943912234, 292.28892943912234, 292.28892943912234, 292.28892943912234, 292.28892943912234, 292.28892943912234, 292.3008808801493, 292.3008808801493, 294.537624786922, 294.537624786922, 294.537624786922, 294.537624786922, 294.537624786922, 294.537624786922, 294.537624786922, 294.537624786922, 294.537624786922, 294.537624786922, 294.537624786922, 294.537624786922, 294.537624786922, 294.537624786922, 294.537624786922, 294.537624786922, 294.537624786922, 294.537624786922, 294.537624786922, 295.29882747525915, 295.29882747525915, 295.29882747525915, 295.29882747525915, 295.3560990271106, 295.3560990271106, 295.3560990271106, 295.3560990271106, 295.3560990271106, 295.3560990271106, 295.3560990271106, 295.3560990271106, 295.3560990271106, 295.3560990271106, 295.3560990271106, 295.3560990271106, 295.3560990271106, 295.3560990271106, 295.3560990271106, 295.3560990271106, 295.3560990271106, 295.3560990271106, 295.3560990271106, 295.3560990271106, 295.3560990271106, 295.3560990271106, 295.3560990271106, 295.3560990271106, 295.3560990271106, 295.3560990271106, 295.3560990271106, 295.3560990271106, 295.3560990271106, 295.3560990271106, 295.3560990271106, 295.3560990271106, 295.3560990271106, 295.3560990271106, 295.3560990271106, 295.3560990271106, 295.3560990271106, 295.3560990271106, 295.3560990271106, 295.3560990271106, 295.3560990271106, 295.3560990271106, 295.3560990271106, 295.3560990271106, 295.3560990271106, 295.3560990271106, 295.3560990271106, 295.3560990271106, 295.3560990271106]
real values2: [70.87291263681897, 74.39645309951365, 115.89303989857751, 115.89303989857751, 115.94985205077386, 115.94985205077386, 115.94985205077386, 115.94985205077386, 115.94997398170983, 115.94997398170983, 115.94997398170983, 115.94997398170983, 115.94997398170983, 127.94479887636948, 127.94479887636948, 127.64731783536334, 139.61425388242867, 139.61425388242867, 139.9922158545257, 155.41187455106737, 155.41187455106737, 155.41187455106737, 187.72104780985592, 187.72104780985592, 187.7494242883328, 187.74954049278548, 187.74954049278548, 195.7959493710477, 195.7959493710477, 195.7959493710477, 195.7959493710477, 195.86592409476754, 195.86592409476754, 195.86592409476754, 195.86592409476754, 203.6378766734268, 203.6378766734268, 203.6378766734268, 203.6378766734268, 203.91520864660728, 203.91520864660728, 203.91520864660728, 215.78452398553546, 215.78452398553546, 220.86714386826185, 241.17172370032193, 241.17172370032193, 241.17172370032193, 241.18820610177653, 241.18820610177653, 241.18828809026715, 241.18828809026715, 241.18828809026715, 241.18828809026715, 245.91595404273883, 245.91595404273883, 246.00055472893249, 246.00055472893249, 246.03225436842888, 246.03225436842888, 246.03225436842888, 246.03225436842888, 246.03225436842888, 250.5842464747869, 250.5842464747869, 250.5842464747869, 250.5842464747869, 250.5842464747869, 250.5842464747869, 250.79416896910817, 250.79416896910817, 258.3058023383281, 258.3058023383281, 258.3058023383281, 258.3058023383281, 258.3058023383281, 258.3058023383281, 258.3058023383281, 258.3058023383281, 261.27391290542346, 261.27391290542346, 261.27391290542346, 261.27391290542346, 261.27391290542346, 261.27391290542346, 272.6221996675753, 272.6221996675753, 272.6326072337647, 272.6326072337647, 272.6326072337647, 272.63266130924234, 272.63266130924234, 272.63266130924234, 272.63266130924234, 275.2002184497827, 275.2002184497827, 275.2002184497827, 275.2002184497827, 275.2002184497827, 275.2209460685073, 275.2209460685073, 275.2209460685073, 275.2209460685073, 275.2209460685073, 275.15003707700913, 275.15003707700913, 277.7376549805547, 277.7376549805547, 277.8375146617222, 277.8375146617222, 277.8375146617222, 277.8375146617222, 277.8375146617222, 277.8581439594657, 277.8581439594657, 277.8581439594657, 277.8581439594657, 277.8581439594657, 281.97843765995185, 281.97843765995185, 282.0807417349469, 282.0807417349469, 283.6820084832694, 283.6820084832694, 283.6820084832694, 283.6820084832694, 283.6820084832694, 283.6820084832694, 283.6820084832694, 286.3019635655646, 286.3019635655646, 286.3019635655646, 286.3019635655646, 289.5691712541337, 289.5691712541337, 289.5691712541337, 289.57519436035585, 289.57519436035585, 289.57522354151234, 289.57522354151234, 289.57522354151234, 289.57522354151234, 289.57522354151234, 289.57522354151234, 290.91219398296846, 290.9241764462088, 290.9241764462088, 290.9241764462088, 290.9517407944869, 290.9517407944869, 290.9517407944869, 292.2888698828674, 292.2888698828674, 292.28892943912234, 292.28892943912234, 292.28892943912234, 292.28892943912234, 292.28892943912234, 292.28892943912234, 292.28892943912234, 292.28892943912234, 292.28892943912234, 292.28892943912234, 292.3008808801493, 292.3008808801493, 294.537624786922, 294.537624786922, 294.537624786922, 294.537624786922, 294.537624786922, 294.537624786922, 294.537624786922, 294.537624786922, 294.537624786922, 294.537624786922, 294.537624786922, 294.537624786922, 294.537624786922, 294.537624786922, 294.537624786922, 294.537624786922, 294.537624786922, 294.537624786922, 294.537624786922, 295.29882747525915, 295.29882747525915, 295.29882747525915, 295.29882747525915, 295.3560990271106, 295.3560990271106, 295.3560990271106, 295.3560990271106, 295.3560990271106, 295.3560990271106, 295.3560990271106, 295.3560990271106, 295.3560990271106, 295.3560990271106, 295.3560990271106, 295.3560990271106, 295.3560990271106, 295.3560990271106, 295.3560990271106, 295.3560990271106, 295.3560990271106, 295.3560990271106, 295.3560990271106, 295.3560990271106, 295.3560990271106, 295.3560990271106, 295.3560990271106, 295.3560990271106, 295.3560990271106, 295.3560990271106, 295.3560990271106, 295.3560990271106, 295.3560990271106, 295.3560990271106, 295.3560990271106, 295.3560990271106, 295.3560990271106, 295.3560990271106, 295.3560990271106, 295.3560990271106, 295.3560990271106, 295.3560990271106, 295.3560990271106, 295.3560990271106, 295.3560990271106, 295.3560990271106, 295.3560990271106, 295.3560990271106, 295.3560990271106, 295.3560990271106, 295.3560990271106, 295.3560990271106, 295.3560990271106]
Done!
