('generated stochastic delays:', [array([ 2, 11,  5, ...,  2,  3,  1])])
('opt_fidel_cost:', 1.1)
Running Experiment1: 
('total budget:', 600)
Auto Init: 
C: 20.469600578508693
nu: 20.469600578508693
Budget Remaining: 591.990854979
Number of MFHOO Instances: 1
Budget per MFHOO Instance:590.890854979
Running SOO number: 1 rho: 0.95 nu: 20.469600578508693
delay_type: DHOO
policy: UCBV
[0.9921875 0.046875  0.828125  0.984375  0.265625  0.015625  0.015625
 0.984375 ]
final iterations:57715517
final HOO number of nodes:581
final HOO height:45
final duration:590
final optimal value:291.576297 
time durations: [0.0009369850158691406, 4.003673076629639, 8.009734153747559, 8.010571956634521, 12.015119075775146, 12.016067028045654, 16.02296209335327, 20.0295889377594, 20.030656099319458, 24.035006046295166, 28.036477088928223, 28.037271976470947, 32.04482316970825, 36.04905605316162, 36.0497260093689, 40.061002016067505, 40.06199502944946, 40.062726974487305, 44.069178104400635, 44.079363107681274, 44.08004117012024, 44.080968141555786, 48.08706998825073, 48.0877959728241, 48.08910608291626, 52.09527397155762, 56.10107707977295, 60.10586595535278, 60.10701107978821, 60.108076095581055, 64.12031197547913, 68.12489008903503, 68.12598299980164, 72.14402198791504, 72.14560294151306, 76.15302896499634, 76.15458297729492, 80.1596930027008, 80.16088795661926, 84.16928696632385, 84.17077112197876, 88.1785900592804, 88.1814820766449, 92.18775796890259, 92.18914198875427, 92.19127011299133, 96.2018940448761, 96.20391416549683, 100.21031904220581, 100.21218800544739, 104.21879816055298, 104.22054100036621, 108.22896695137024, 108.23054003715515, 108.23257303237915, 112.24187302589417, 112.24339294433594, 116.25082516670227, 116.25251793861389, 120.25961899757385, 120.26319813728333, 124.26745700836182, 124.27290511131287, 128.27810907363892, 132.28259897232056, 132.2843520641327, 136.29143404960632, 140.299574136734, 140.30182695388794, 144.30982494354248, 148.3143811225891, 148.3160059452057, 152.32322096824646, 152.3253300189972, 152.32720303535461, 156.33686208724976, 156.3386881351471, 160.34934210777283, 160.3515429496765, 164.35750102996826, 164.35971307754517, 168.36979293823242, 172.37539911270142, 176.38084506988525, 176.3841540813446, 180.3875060081482, 180.38980913162231, 184.39947605133057, 188.40842199325562, 188.4112479686737, 192.4214539527893, 192.42400002479553, 196.43391013145447, 196.4371509552002, 200.44772601127625, 200.45021200180054, 204.46347999572754, 208.47110295295715, 208.47346901893616, 212.48096108436584, 212.48427414894104, 216.49387097358704, 220.50855612754822, 220.51095604896545, 220.51353311538696, 224.52363395690918, 224.5256359577179, 224.5280511379242, 228.54493403434753, 228.54859495162964, 232.55681705474854, 236.55940198898315, 236.5633180141449, 240.57163906097412, 244.57724499702454, 244.58062100410461, 248.59017395973206, 248.59271502494812, 252.60244512557983, 252.60502696037292, 252.6088409423828, 256.61803007125854, 256.6205041408539, 256.62323904037476, 260.63115215301514, 260.6343891620636, 264.6440899372101, 268.6571660041809, 268.6598949432373, 268.66274094581604, 272.67453598976135, 276.67958211898804, 276.68243193626404, 280.68919014930725, 280.69255113601685, 280.69612097740173, 284.70872712135315, 284.7135181427002, 288.7226710319519, 288.72635316848755, 292.7344641685486, 292.73934507369995, 296.7492730617523, 296.7526340484619, 300.7597680091858, 300.76303696632385, 304.77218198776245, 308.7817189693451, 308.78555703163147, 312.8023850917816, 312.80569100379944, 316.81578612327576, 316.82073497772217, 320.8463909626007, 324.8551959991455, 324.8613221645355, 328.88035702705383, 328.8854970932007, 332.89259004592896, 332.89616107940674, 336.9111680984497, 336.91482496261597, 340.92498207092285, 344.92958998680115, 344.9341950416565, 348.9419400691986, 348.9456651210785, 352.96025800704956, 352.9631609916687, 356.9762439727783, 356.9801490306854, 360.9898159503937, 360.99354910850525, 365.00425696372986, 369.0105650424957, 369.01430797576904, 373.02350306510925, 373.0274450778961, 377.0419819355011, 377.0461390018463, 381.0638370513916, 381.0683100223541, 385.07990312576294, 385.0834369659424, 385.08805894851685, 389.09773898124695, 389.1009130477905, 393.11590600013733, 393.1203601360321, 397.1338300704956, 397.1378149986267, 397.1416211128235, 401.1533889770508, 401.1577320098877, 401.16185307502747, 405.1804201602936, 409.19688606262207, 409.20129108428955, 413.2143249511719, 413.2201991081238, 413.22494411468506, 417.24011301994324, 417.24593710899353, 421.2535631656647, 425.26829409599304, 425.2720320224762, 429.28267216682434, 433.29398798942566, 433.2976460456848, 433.30173110961914, 437.3312129974365, 437.3352110385895, 441.3478510379791, 441.35190296173096, 445.3654601573944, 445.37062096595764, 449.3813841342926, 449.38494515419006, 453.3999309539795, 453.4078960418701, 457.4233150482178, 457.4281680583954, 461.4450099468231, 461.448979139328, 465.46254801750183, 465.4681820869446, 469.48651695251465, 469.4911301136017, 473.50703597068787, 477.51663398742676, 477.5236999988556, 481.53520011901855, 481.53924202919006, 485.5537760257721, 485.5587739944458, 489.57295393943787, 489.5775351524353, 493.5915729999542, 493.5967950820923, 497.611300945282, 497.617614030838, 501.6334490776062, 505.6412799358368, 505.64813709259033, 509.65779399871826, 509.66310715675354, 513.6725170612335, 513.6786651611328, 513.684317111969, 517.6944601535797, 517.6989090442657, 517.7034549713135, 521.735377073288, 521.7398021221161, 521.743931055069, 525.7580239772797, 529.7712309360504, 529.7763869762421, 533.7859151363373, 533.7905220985413, 537.8057870864868, 541.8275101184845, 541.8318710327148, 545.8463060855865, 545.8512899875641, 545.8559989929199, 549.8733241558075, 549.878350019455, 553.8901200294495, 553.8946521282196, 557.9066560268402, 557.9112260341644, 557.916109085083, 561.9415271282196, 561.9466731548309, 561.9513759613037, 565.9743950366974, 565.9794270992279, 570.0017549991608, 570.0056500434875, 574.0230231285095, 574.0276191234589, 574.032201051712, 574.0370950698853, 578.0617661476135, 578.0671401023865, 582.0841009616852, 582.0891721248627, 586.1118021011353, 586.1155760288239, 590.1279599666595, 590.1328101158142]
noisy values: [56.41319345295263, 59.962338364486115, 59.962338364486115, 94.53204731537316, 94.53204731537316, 94.53204731537316, 95.64698050257498, 96.66193426208731, 96.66226524327068, 96.66226524327068, 96.66226524327068, 96.66226524327068, 107.64223251152376, 107.64223251152376, 107.64223251152376, 108.73690134650317, 108.73690134650317, 108.73690134650317, 109.5419335249783, 109.81296050859673, 109.81296050859673, 109.81296050859673, 120.80798674539747, 120.80798674539747, 120.80798674539747, 122.95708026113262, 135.5100320582884, 135.5100320582884, 164.91651829798218, 164.91651829798218, 166.16005596030084, 167.25211706258176, 167.25211706258176, 175.50162540080072, 175.50162540080072, 175.50162540080072, 175.50162540080072, 175.50187391325605, 175.50187391325605, 176.47463729378396, 176.47463729378396, 184.50870354456157, 184.50870354456157, 184.50870354456157, 184.50870354456157, 184.50870354456157, 184.74287869324476, 184.74287869324476, 184.74287869324476, 184.74287869324476, 184.90026999246288, 184.90026999246288, 196.70245612026184, 196.70245612026184, 196.70245612026184, 196.70245612026184, 196.70245612026184, 196.70245612026184, 196.70245612026184, 196.70245612026184, 196.70245612026184, 196.70245612026184, 196.70245612026184, 196.70245612026184, 196.70245612026184, 196.70245612026184, 196.70245612026184, 196.70245612026184, 196.70245612026184, 196.70245612026184, 196.70245612026184, 196.70245612026184, 196.70245612026184, 196.70245612026184, 196.70245612026184, 196.70245612026184, 196.70245612026184, 196.70245612026184, 196.70245612026184, 196.70245612026184, 196.70245612026184, 196.70245612026184, 196.70245612026184, 201.75251504752333, 201.75251504752333, 221.30553112753034, 221.30553112753034, 222.17419104545843, 223.10186662074997, 223.10186662074997, 228.40364180393374, 228.40364180393374, 228.40364180393374, 228.40364180393374, 228.40364180393374, 228.40364180393374, 228.40364180393374, 228.70353177032666, 228.70353177032666, 229.66567971431783, 229.66567971431783, 229.66567971431783, 229.66567971431783, 229.66567971431783, 229.66567971431783, 229.66567971431783, 229.66567971431783, 229.66567971431783, 234.9389859936952, 234.9389859936952, 234.9389859936952, 234.93913453720978, 234.93913453720978, 234.93913453720978, 234.93913453720978, 234.93913453720978, 242.53939404615704, 242.53939404615704, 242.53939404615704, 242.53939404615704, 242.53939404615704, 243.55251551628064, 243.55251551628064, 243.55251551628064, 247.0895866898587, 247.0895866898587, 247.0895866898587, 247.0895866898587, 247.0895866898587, 247.0895866898587, 247.0895866898587, 247.0895866898587, 247.0895866898587, 258.2780300437063, 258.2780300437063, 258.2780300437063, 258.2780300437063, 258.2780300437063, 259.21059215349095, 259.21059215349095, 259.8722793616389, 259.8722793616389, 259.8722793616389, 259.8722793616389, 259.8722793616389, 259.8722793616389, 259.8722793616389, 262.5907045186445, 262.5907045186445, 263.2692078604125, 263.2692078604125, 263.2692078604125, 263.2692078604125, 263.2692078604125, 263.2692078604125, 263.2693033872502, 266.16440037765926, 266.16440037765926, 266.16440037765926, 266.16440037765926, 266.16440037765926, 266.16440037765926, 266.7033628486893, 266.7033628486893, 266.7033628486893, 271.164337203879, 271.164337203879, 271.311480118123, 271.311480118123, 271.311480118123, 271.311480118123, 271.311480118123, 271.311480118123, 271.311480118123, 271.311480118123, 271.311480118123, 273.23439528721815, 273.23439528721815, 273.38350266803593, 273.38350266803593, 273.38350266803593, 273.38350266803593, 273.38350266803593, 273.38350266803593, 273.38350266803593, 273.38350266803593, 273.38350266803593, 273.38350266803593, 273.38350266803593, 273.38350266803593, 273.38350266803593, 273.38350266803593, 279.51958968083227, 279.51958968083227, 279.51958968083227, 279.51958968083227, 279.51958968083227, 279.51958968083227, 279.51958968083227, 279.51958968083227, 279.51958968083227, 280.2714509270105, 280.2714509270105, 280.7380675806402, 280.7380675806402, 280.7380675806402, 280.7380675806402, 280.7380675806402, 280.7380675806402, 280.7380675806402, 280.7380675806402, 280.7380675806402, 280.7380675806402, 280.7380675806402, 282.49118441304796, 282.49118441304796, 282.9521102949094, 282.9521102949094, 282.9521102949094, 282.9521102949094, 282.9521102949094, 282.9521102949094, 282.9521102949094, 282.9521102949094, 282.9521102949094, 282.9521102949094, 284.5908966134016, 284.5908966134016, 284.5908966134016, 284.5908966134016, 284.5908966134016, 287.08381396494883, 287.08381396494883, 287.08381396494883, 287.08381396494883, 287.08381396494883, 287.08381396494883, 287.08381396494883, 287.08381396494883, 287.08381396494883, 287.08381396494883, 287.1548570471437, 287.2330902109432, 287.2330902109432, 288.4115587909275, 288.4115587909275, 288.4115587909275, 288.4115587909275, 288.4115587909275, 288.4115587909275, 288.4115587909275, 288.4115587909275, 288.4115587909275, 288.4115587909275, 288.4115587909275, 288.4115587909275, 288.4115587909275, 288.4115587909275, 288.4115587909275, 288.4115587909275, 288.4115587909275, 288.4115587909275, 288.4115587909275, 288.4115587909275, 288.4115587909275, 288.4115587909275, 289.0786969878288, 289.0786969878288, 289.0786969878288, 289.0786969878288, 289.0786969878288, 289.0786969878288, 289.0786969878288, 289.0786969878288, 289.0786969878288, 289.0786969878288, 289.0786969878288, 289.0786969878288, 289.0786969878288, 289.0786969878288, 291.5762971232616, 291.5762971232616, 291.5762971232616, 291.5762971232616, 291.5762971232616, 291.5762971232616, 291.5762971232616, 291.5762971232616, 291.5762971232616, 291.5762971232616, 291.5762971232616, 291.5762971232616]
data points:
values: [70.87291263681897, 70.87291263681897, 74.39645309951365, 115.89303989857751, 115.89303989857751, 115.89303989857751, 115.89303989857751, 115.94985205077386, 115.9496880938515, 115.94997398170983, 115.94997398170983, 115.94997398170983, 115.94997398170983, 127.84538896890261, 127.84538896890261, 127.84538896890261, 127.94479887636948, 127.94479887636948, 127.94479887636948, 127.76359208410916, 128.0797035514305, 128.0797035514305, 128.0797035514305, 139.7414288419944, 139.7414288419944, 139.7414288419944, 140.08682999431156, 155.52891428947217, 187.89183641203908, 187.89183641203908, 187.89183641203908, 187.99903709955328, 187.99913853092542, 187.99913853092542, 196.0560184261831, 196.0560184261831, 196.0560184261831, 196.0560184261831, 196.05624446796506, 196.05624446796506, 195.99524641967966, 195.99524641967966, 203.79088560042473, 203.79088560042473, 203.79088560042473, 203.79088560042473, 203.79088560042473, 204.04958657340725, 204.04958657340725, 204.04958657340725, 204.04958657340725, 204.22338620411958, 216.1296522810247, 216.1296522810247, 216.1296522810247, 216.1296522810247, 216.1296522810247, 216.1296522810247, 216.1296522810247, 216.1296522810247, 216.1296522810247, 216.1296522810247, 216.1296522810247, 216.1296522810247, 216.1296522810247, 216.1296522810247, 216.1296522810247, 216.1296522810247, 216.1296522810247, 216.1296522810247, 216.1296522810247, 216.1296522810247, 216.1296522810247, 216.1296522810247, 216.1296522810247, 216.1296522810247, 216.1296522810247, 216.1296522810247, 216.1296522810247, 216.1296522810247, 216.1296522810247, 216.1296522810247, 216.1296522810247, 216.1296522810247, 220.589117963462, 240.84341640142299, 240.84341640142299, 240.84341640142299, 240.7261585921061, 240.72623077880664, 240.72623077880664, 245.4772545927862, 245.4772545927862, 245.4772545927862, 245.4772545927862, 245.4772545927862, 245.4772545927862, 245.4772545927862, 245.79952558168438, 245.79952558168438, 245.9144688485629, 245.9144688485629, 245.9144688485629, 245.9144688485629, 245.9144688485629, 245.9144688485629, 245.9144688485629, 245.9144688485629, 245.9144688485629, 250.67410372950286, 250.67410372950286, 250.67410372950286, 250.6742439283854, 250.6742439283854, 250.6742439283854, 250.6742439283854, 257.9198287435885, 257.9198287435885, 257.9198287435885, 257.9198287435885, 257.9198287435885, 257.9198287435885, 258.17858769380626, 258.17858769380626, 258.17858769380626, 261.1439493092216, 261.1439493092216, 261.1439493092216, 261.1439493092216, 261.1439493092216, 261.1439493092216, 261.1439493092216, 261.1439493092216, 272.19469865154804, 272.19469865154804, 272.19469865154804, 272.19469865154804, 272.19469865154804, 272.19469865154804, 272.4434941513202, 272.4434941513202, 272.4435344944613, 272.4435344944613, 272.4435344944613, 272.4435344944613, 272.4435344944613, 272.4435344944613, 272.4435344944613, 274.62924122833704, 274.62924122833704, 274.70914531679796, 274.70914531679796, 274.70914531679796, 274.70914531679796, 274.70914531679796, 274.70914531679796, 274.70923721491044, 277.1280286397663, 277.1280286397663, 277.1280286397663, 277.1280286397663, 277.1280286397663, 277.1280286397663, 277.6891679973268, 277.6891679973268, 281.75361727070685, 281.75361727070685, 281.75361727070685, 281.90650640166126, 281.90650640166126, 281.90650640166126, 281.90650640166126, 281.90650640166126, 281.90650640166126, 281.90650640166126, 281.90650640166126, 281.90650640166126, 283.3512487302012, 283.3512487302012, 283.5058771114307, 283.5058771114307, 283.5058771114307, 283.5058771114307, 283.5058771114307, 283.5058771114307, 283.5058771114307, 283.5058771114307, 283.5058771114307, 283.5058771114307, 283.5058771114307, 283.5058771114307, 283.5058771114307, 289.3335171460641, 289.3335171460641, 289.3335171460641, 289.3335171460641, 289.3335171460641, 289.3335171460641, 289.3335171460641, 289.3335171460641, 289.3335171460641, 289.3335171460641, 289.60336523385894, 289.60336523385894, 289.60338558152654, 289.60338558152654, 289.60338558152654, 289.60338558152654, 289.60338558152654, 289.60338558152654, 289.60338558152654, 289.60338558152654, 289.60338558152654, 289.60338558152654, 289.60338558152654, 290.9524696758504, 290.9524696758504, 290.9914070469117, 290.9914070469117, 290.9914070469117, 290.9914070469117, 290.9914070469117, 290.9914070469117, 290.9914070469117, 290.9914070469117, 290.9914070469117, 290.9914070469117, 292.261567102661, 292.261567102661, 292.261567102661, 292.261567102661, 294.0489473709748, 294.0489473709748, 294.0489473709748, 294.0489473709748, 294.0489473709748, 294.0489473709748, 294.0489473709748, 294.0489473709748, 294.0489473709748, 294.0489473709748, 294.0489473709748, 294.4977490900568, 294.577984900425, 294.577984900425, 295.4088907208828, 295.4088907208828, 295.4088907208828, 295.4088907208828, 295.4088907208828, 295.4088907208828, 295.4088907208828, 295.4088907208828, 295.4088907208828, 295.4088907208828, 295.4088907208828, 295.4088907208828, 295.4088907208828, 295.4088907208828, 295.4088907208828, 295.4088907208828, 295.4088907208828, 295.4088907208828, 295.4088907208828, 295.4088907208828, 295.4088907208828, 295.4088907208828, 295.73346733647776, 295.73346733647776, 295.73346733647776, 295.73346733647776, 295.73346733647776, 295.73346733647776, 295.73346733647776, 295.73346733647776, 295.73346733647776, 295.73346733647776, 295.73346733647776, 295.73346733647776, 295.73346733647776, 297.9456330955869, 297.9456330955869, 297.9456330955869, 297.9456330955869, 297.9456330955869, 297.9456330955869, 297.9456330955869, 297.9456330955869, 297.9456330955869, 297.9456330955869, 297.9456330955869, 297.9456330955869]
real values1: [70.87291263681897, 74.39645309951365, 74.39645309951365, 115.89303989857751, 115.89303989857751, 115.89303989857751, 115.94985205077386, 115.9496880938515, 115.94997398170983, 115.94997398170983, 115.94997398170983, 115.94997398170983, 127.84538896890261, 127.84538896890261, 127.84538896890261, 127.94479887636948, 127.94479887636948, 127.94479887636948, 127.76359208410916, 128.0797035514305, 128.0797035514305, 128.0797035514305, 139.7414288419944, 139.7414288419944, 139.7414288419944, 140.08682999431156, 155.52891428947217, 155.52891428947217, 187.89183641203908, 187.89183641203908, 187.99903709955328, 187.99913853092542, 187.99913853092542, 196.0560184261831, 196.0560184261831, 196.0560184261831, 196.0560184261831, 196.05624446796506, 196.05624446796506, 195.99524641967966, 195.99524641967966, 203.79088560042473, 203.79088560042473, 203.79088560042473, 203.79088560042473, 203.79088560042473, 204.04958657340725, 204.04958657340725, 204.04958657340725, 204.04958657340725, 204.22338620411958, 204.22338620411958, 216.1296522810247, 216.1296522810247, 216.1296522810247, 216.1296522810247, 216.1296522810247, 216.1296522810247, 216.1296522810247, 216.1296522810247, 216.1296522810247, 216.1296522810247, 216.1296522810247, 216.1296522810247, 216.1296522810247, 216.1296522810247, 216.1296522810247, 216.1296522810247, 216.1296522810247, 216.1296522810247, 216.1296522810247, 216.1296522810247, 216.1296522810247, 216.1296522810247, 216.1296522810247, 216.1296522810247, 216.1296522810247, 216.1296522810247, 216.1296522810247, 216.1296522810247, 216.1296522810247, 216.1296522810247, 216.1296522810247, 220.589117963462, 220.589117963462, 240.84341640142299, 240.84341640142299, 240.7261585921061, 240.72623077880664, 240.72623077880664, 245.4772545927862, 245.4772545927862, 245.4772545927862, 245.4772545927862, 245.4772545927862, 245.4772545927862, 245.4772545927862, 245.79952558168438, 245.79952558168438, 245.9144688485629, 245.9144688485629, 245.9144688485629, 245.9144688485629, 245.9144688485629, 245.9144688485629, 245.9144688485629, 245.9144688485629, 245.9144688485629, 250.67410372950286, 250.67410372950286, 250.67410372950286, 250.6742439283854, 250.6742439283854, 250.6742439283854, 250.6742439283854, 250.6742439283854, 257.9198287435885, 257.9198287435885, 257.9198287435885, 257.9198287435885, 257.9198287435885, 258.17858769380626, 258.17858769380626, 258.17858769380626, 261.1439493092216, 261.1439493092216, 261.1439493092216, 261.1439493092216, 261.1439493092216, 261.1439493092216, 261.1439493092216, 261.1439493092216, 261.1439493092216, 272.19469865154804, 272.19469865154804, 272.19469865154804, 272.19469865154804, 272.19469865154804, 272.4434941513202, 272.4434941513202, 272.4435344944613, 272.4435344944613, 272.4435344944613, 272.4435344944613, 272.4435344944613, 272.4435344944613, 272.4435344944613, 274.62924122833704, 274.62924122833704, 274.70914531679796, 274.70914531679796, 274.70914531679796, 274.70914531679796, 274.70914531679796, 274.70914531679796, 274.70923721491044, 277.1280286397663, 277.1280286397663, 277.1280286397663, 277.1280286397663, 277.1280286397663, 277.1280286397663, 277.6891679973268, 277.6891679973268, 277.6891679973268, 281.75361727070685, 281.75361727070685, 281.90650640166126, 281.90650640166126, 281.90650640166126, 281.90650640166126, 281.90650640166126, 281.90650640166126, 281.90650640166126, 281.90650640166126, 281.90650640166126, 283.3512487302012, 283.3512487302012, 283.5058771114307, 283.5058771114307, 283.5058771114307, 283.5058771114307, 283.5058771114307, 283.5058771114307, 283.5058771114307, 283.5058771114307, 283.5058771114307, 283.5058771114307, 283.5058771114307, 283.5058771114307, 283.5058771114307, 283.5058771114307, 289.3335171460641, 289.3335171460641, 289.3335171460641, 289.3335171460641, 289.3335171460641, 289.3335171460641, 289.3335171460641, 289.3335171460641, 289.3335171460641, 289.60336523385894, 289.60336523385894, 289.60338558152654, 289.60338558152654, 289.60338558152654, 289.60338558152654, 289.60338558152654, 289.60338558152654, 289.60338558152654, 289.60338558152654, 289.60338558152654, 289.60338558152654, 289.60338558152654, 290.9524696758504, 290.9524696758504, 290.9914070469117, 290.9914070469117, 290.9914070469117, 290.9914070469117, 290.9914070469117, 290.9914070469117, 290.9914070469117, 290.9914070469117, 290.9914070469117, 290.9914070469117, 292.261567102661, 292.261567102661, 292.261567102661, 292.261567102661, 292.261567102661, 294.0489473709748, 294.0489473709748, 294.0489473709748, 294.0489473709748, 294.0489473709748, 294.0489473709748, 294.0489473709748, 294.0489473709748, 294.0489473709748, 294.0489473709748, 294.4977490900568, 294.577984900425, 294.577984900425, 295.4088907208828, 295.4088907208828, 295.4088907208828, 295.4088907208828, 295.4088907208828, 295.4088907208828, 295.4088907208828, 295.4088907208828, 295.4088907208828, 295.4088907208828, 295.4088907208828, 295.4088907208828, 295.4088907208828, 295.4088907208828, 295.4088907208828, 295.4088907208828, 295.4088907208828, 295.4088907208828, 295.4088907208828, 295.4088907208828, 295.4088907208828, 295.4088907208828, 295.73346733647776, 295.73346733647776, 295.73346733647776, 295.73346733647776, 295.73346733647776, 295.73346733647776, 295.73346733647776, 295.73346733647776, 295.73346733647776, 295.73346733647776, 295.73346733647776, 295.73346733647776, 295.73346733647776, 295.73346733647776, 297.9456330955869, 297.9456330955869, 297.9456330955869, 297.9456330955869, 297.9456330955869, 297.9456330955869, 297.9456330955869, 297.9456330955869, 297.9456330955869, 297.9456330955869, 297.9456330955869, 297.9456330955869]
real values2: [70.87291263681897, 74.39645309951365, 74.39645309951365, 115.89303989857751, 115.89303989857751, 115.89303989857751, 115.94985205077386, 115.9496880938515, 115.94997398170983, 115.94997398170983, 115.94997398170983, 115.94997398170983, 127.84538896890261, 127.84538896890261, 127.84538896890261, 127.94479887636948, 127.94479887636948, 127.94479887636948, 127.76359208410916, 128.0797035514305, 128.0797035514305, 128.0797035514305, 139.7414288419944, 139.7414288419944, 139.7414288419944, 140.08682999431156, 155.52891428947217, 155.52891428947217, 187.89183641203908, 187.89183641203908, 187.99903709955328, 187.99913853092542, 187.99913853092542, 196.0560184261831, 196.0560184261831, 196.0560184261831, 196.0560184261831, 196.05624446796506, 196.05624446796506, 195.99524641967966, 195.99524641967966, 203.79088560042473, 203.79088560042473, 203.79088560042473, 203.79088560042473, 203.79088560042473, 204.04958657340725, 204.04958657340725, 204.04958657340725, 204.04958657340725, 204.22338620411958, 204.22338620411958, 216.1296522810247, 216.1296522810247, 216.1296522810247, 216.1296522810247, 216.1296522810247, 216.1296522810247, 216.1296522810247, 216.1296522810247, 216.1296522810247, 216.1296522810247, 216.1296522810247, 216.1296522810247, 216.1296522810247, 216.1296522810247, 216.1296522810247, 216.1296522810247, 216.1296522810247, 216.1296522810247, 216.1296522810247, 216.1296522810247, 216.1296522810247, 216.1296522810247, 216.1296522810247, 216.1296522810247, 216.1296522810247, 216.1296522810247, 216.1296522810247, 216.1296522810247, 216.1296522810247, 216.1296522810247, 216.1296522810247, 220.589117963462, 220.589117963462, 240.84341640142299, 240.84341640142299, 240.7261585921061, 240.72623077880664, 240.72623077880664, 245.4772545927862, 245.4772545927862, 245.4772545927862, 245.4772545927862, 245.4772545927862, 245.4772545927862, 245.4772545927862, 245.79952558168438, 245.79952558168438, 245.9144688485629, 245.9144688485629, 245.9144688485629, 245.9144688485629, 245.9144688485629, 245.9144688485629, 245.9144688485629, 245.9144688485629, 245.9144688485629, 250.67410372950286, 250.67410372950286, 250.67410372950286, 250.6742439283854, 250.6742439283854, 250.6742439283854, 250.6742439283854, 257.9198287435885, 257.9198287435885, 257.9198287435885, 257.9198287435885, 257.9198287435885, 257.9198287435885, 258.17858769380626, 258.17858769380626, 258.17858769380626, 261.1439493092216, 261.1439493092216, 261.1439493092216, 261.1439493092216, 261.1439493092216, 261.1439493092216, 261.1439493092216, 261.1439493092216, 261.1439493092216, 272.19469865154804, 272.19469865154804, 272.19469865154804, 272.19469865154804, 272.19469865154804, 272.4434941513202, 272.4434941513202, 272.4435344944613, 272.4435344944613, 272.4435344944613, 272.4435344944613, 272.4435344944613, 272.4435344944613, 272.4435344944613, 274.62924122833704, 274.62924122833704, 274.70914531679796, 274.70914531679796, 274.70914531679796, 274.70914531679796, 274.70914531679796, 274.70914531679796, 274.70923721491044, 277.1280286397663, 277.1280286397663, 277.1280286397663, 277.1280286397663, 277.1280286397663, 277.1280286397663, 277.6891679973268, 277.6891679973268, 277.6891679973268, 281.75361727070685, 281.75361727070685, 281.90650640166126, 281.90650640166126, 281.90650640166126, 281.90650640166126, 281.90650640166126, 281.90650640166126, 281.90650640166126, 281.90650640166126, 281.90650640166126, 283.3512487302012, 283.3512487302012, 283.5058771114307, 283.5058771114307, 283.5058771114307, 283.5058771114307, 283.5058771114307, 283.5058771114307, 283.5058771114307, 283.5058771114307, 283.5058771114307, 283.5058771114307, 283.5058771114307, 283.5058771114307, 283.5058771114307, 283.5058771114307, 289.3335171460641, 289.3335171460641, 289.3335171460641, 289.3335171460641, 289.3335171460641, 289.3335171460641, 289.3335171460641, 289.3335171460641, 289.3335171460641, 289.60336523385894, 289.60336523385894, 289.60338558152654, 289.60338558152654, 289.60338558152654, 289.60338558152654, 289.60338558152654, 289.60338558152654, 289.60338558152654, 289.60338558152654, 289.60338558152654, 289.60338558152654, 289.60338558152654, 290.9524696758504, 290.9524696758504, 290.9914070469117, 290.9914070469117, 290.9914070469117, 290.9914070469117, 290.9914070469117, 290.9914070469117, 290.9914070469117, 290.9914070469117, 290.9914070469117, 290.9914070469117, 292.261567102661, 292.261567102661, 292.261567102661, 292.261567102661, 292.261567102661, 294.0489473709748, 294.0489473709748, 294.0489473709748, 294.0489473709748, 294.0489473709748, 294.0489473709748, 294.0489473709748, 294.0489473709748, 294.0489473709748, 294.0489473709748, 294.4977490900568, 294.577984900425, 294.577984900425, 295.4088907208828, 295.4088907208828, 295.4088907208828, 295.4088907208828, 295.4088907208828, 295.4088907208828, 295.4088907208828, 295.4088907208828, 295.4088907208828, 295.4088907208828, 295.4088907208828, 295.4088907208828, 295.4088907208828, 295.4088907208828, 295.4088907208828, 295.4088907208828, 295.4088907208828, 295.4088907208828, 295.4088907208828, 295.4088907208828, 295.4088907208828, 295.4088907208828, 295.73346733647776, 295.73346733647776, 295.73346733647776, 295.73346733647776, 295.73346733647776, 295.73346733647776, 295.73346733647776, 295.73346733647776, 295.73346733647776, 295.73346733647776, 295.73346733647776, 295.73346733647776, 295.73346733647776, 295.73346733647776, 297.9456330955869, 297.9456330955869, 297.9456330955869, 297.9456330955869, 297.9456330955869, 297.9456330955869, 297.9456330955869, 297.9456330955869, 297.9456330955869, 297.9456330955869, 297.9456330955869, 297.9456330955869]
Done!
