('generated stochastic delays:', [array([ 2, 11,  5, ...,  2,  3,  1])])
('opt_fidel_cost:', 1.1)
Running Experiment1: 
('total budget:', 600)
Auto Init: 
C: 20.469600578508693
nu: 20.469600578508693
Budget Remaining: 591.993731022
Number of MFHOO Instances: 1
Budget per MFHOO Instance:590.893731022
Running SOO number: 1 rho: 0.95 nu: 20.469600578508693
delay_type: DHOO
policy: UCBV
[0.9375 0.0625 0.625  0.875  0.125  0.125  0.125  0.875 ]
final iterations:124392590
final HOO number of nodes:599
final HOO height:21
final duration:590
final optimal value:221.952194 
time durations: [0.0013871192932128906, 4.004063129425049, 8.011018991470337, 8.011673927307129, 12.023709058761597, 16.025999069213867, 16.026538133621216, 20.041170120239258, 20.041659116744995, 20.042239904403687, 24.05605912208557, 24.056405067443848, 28.089716911315918, 28.09098792076111, 32.09547400474548, 36.103923082351685, 36.10461497306824, 40.125483989715576, 44.135977029800415, 44.136682987213135, 44.13766407966614, 48.24321699142456, 52.25391602516174, 52.25542211532593, 56.27858090400696, 56.279747009277344, 60.28974509239197, 60.29064393043518, 64.29549098014832, 64.29625797271729, 68.31006813049316, 68.31097197532654, 72.31682801246643, 72.31764507293701, 76.3208999633789, 76.32175302505493, 80.33000993728638, 80.33095002174377, 84.33758306503296, 84.33871603012085, 84.33959603309631, 88.3569540977478, 88.35800409317017, 92.37310409545898, 92.37429308891296, 96.47726011276245, 96.47880101203918, 100.48955392837524, 100.49120211601257, 104.50431203842163, 108.51426696777344, 112.51803398132324, 112.52021193504333, 112.5213930606842, 116.53398394584656, 116.53589510917664, 120.54477596282959, 120.54636311531067, 124.55078792572021, 124.55209112167358, 124.55333304405212, 128.569806098938, 128.5713050365448, 132.5880959033966, 136.59086108207703, 136.59225702285767, 140.6081509590149, 144.6176300048828, 144.6190230846405, 148.62600803375244, 148.62744307518005, 148.62919998168945, 152.6442060470581, 152.64549803733826, 156.6533980369568, 156.655091047287, 160.66695404052734, 160.6686110496521, 164.67522192001343, 164.67714095115662, 168.68751692771912, 168.68925499916077, 172.69416403770447, 172.69613695144653, 176.70432305335999, 176.70546698570251, 176.7073130607605, 180.71706700325012, 180.72014808654785, 180.72209811210632, 184.7285509109497, 184.73050212860107, 184.73249506950378, 188.73958206176758, 188.74156594276428, 188.74368000030518, 192.76799201965332, 196.7752959728241, 196.7773609161377, 196.77931094169617, 200.80212306976318, 200.80451607704163, 204.82015991210938, 204.82241296768188, 208.83321905136108, 208.83534812927246, 212.84052300453186, 212.8431680202484, 212.845281124115, 216.8672490119934, 216.86976599693298, 220.89013409614563, 220.8925850391388, 224.89761805534363, 228.90364003181458, 228.90568900108337, 232.9131429195404, 232.91500210762024, 236.9198350906372, 236.92219996452332, 240.94096994400024, 240.9431939125061, 244.95381999015808, 244.95618605613708, 248.96481013298035, 248.96728610992432, 253.01160597801208, 257.02114605903625, 257.0237469673157, 261.0304720401764, 261.03329491615295, 265.0459780693054, 265.0491499900818, 269.0587229728699, 269.0618751049042, 273.07008695602417, 273.07242703437805, 273.0752899646759, 277.079656124115, 277.08236503601074, 281.09580993652344, 285.1041820049286, 285.10712695121765, 289.11552810668945, 293.1203079223633, 293.1230790615082, 297.12822103500366, 297.13206911087036, 297.1357190608978, 301.1578199863434, 301.1610541343689, 301.1633110046387, 305.1878979206085, 305.19141006469727, 309.1991491317749, 309.2026960849762, 313.20694613456726, 317.2200629711151, 317.2227580547333, 321.22695112228394, 321.2297019958496, 325.25626611709595, 325.2587161064148, 329.2705750465393, 329.27456402778625, 333.2919490337372, 333.29420495033264, 337.3072040081024, 337.3105549812317, 341.3265619277954, 345.3329961299896, 345.3358459472656, 345.3389060497284, 349.36326909065247, 349.36655497550964, 353.3817501068115, 357.39076709747314, 357.3937919139862, 361.40465092658997, 361.4091351032257, 365.4135990142822, 365.4167540073395, 369.4258840084076, 369.4311969280243, 373.4475910663605, 373.4517390727997, 373.4551661014557, 373.4582419395447, 377.49226999282837, 381.5102710723877, 381.51508498191833, 385.52562713623047, 385.5291039943695, 389.5411820411682, 389.54492592811584, 393.55681896209717, 397.56751799583435, 397.5733799934387, 401.5808970928192, 401.5844421386719, 401.58780097961426, 405.60043597221375, 405.6040711402893, 405.60779309272766, 409.62235593795776, 409.62575507164, 413.63221502304077, 413.6353280544281, 417.64605593681335, 417.6509621143341, 417.6545569896698, 417.6581709384918, 421.67560505867004, 421.6792709827423, 425.70042610168457, 425.70509791374207, 429.71259212493896, 429.71658205986023, 433.7222669124603, 437.73759412765503, 437.7434480190277, 441.7561089992523, 441.7602300643921, 445.7751729488373, 445.7792570590973, 449.7983000278473, 449.8025279045105, 449.80631399154663, 453.8164300918579, 453.8205270767212, 457.8295159339905, 457.83285093307495, 461.8389799594879, 461.84366512298584, 465.85179710388184, 465.8560140132904, 469.8630139827728, 469.8674781322479, 473.885293006897, 473.8891689777374, 477.8967249393463, 477.9015769958496, 481.9104371070862, 481.91481709480286, 485.92588210105896, 485.93019008636475, 489.94583892822266, 489.9513831138611, 493.96330213546753, 497.97722601890564, 497.9821479320526, 501.9909620285034, 501.9954879283905, 506.0010259151459, 506.0054130554199, 510.01366996765137, 510.018923997879, 514.0545499324799, 514.0594260692596, 518.0779829025269, 518.0837540626526, 522.0925359725952, 522.0984179973602, 526.1069309711456, 526.111377954483, 530.1425321102142, 530.147390127182, 534.1551549434662, 534.1594479084015, 538.1803240776062, 538.1853799819946, 542.2021670341492, 542.2069249153137, 546.2160840034485, 546.2213530540466, 550.2318570613861, 550.2424650192261, 554.2542181015015, 554.2597560882568, 554.2651400566101, 558.2757709026337, 558.2807719707489, 562.2920179367065, 562.3027191162109, 566.3167610168457, 566.3215620517731, 570.3383369445801, 570.3429429531097, 570.3476669788361, 574.36301612854, 574.370491027832, 574.3784410953522, 578.3882939815521, 578.3934540748596, 582.4017131328583, 582.4077870845795, 582.4130320549011, 586.4218649864197, 586.4262781143188, 590.4342970848083, 590.43963098526]
noisy values: [56.41319345295263, 56.41319345295263, 85.59978474516566, 85.59978474516566, 85.59978474516566, 94.53204731537316, 94.53204731537316, 94.53204731537316, 94.53204731537316, 94.53204731537316, 94.53204731537316, 94.53204731537316, 94.53204731537316, 94.53204731537316, 95.64698050257498, 96.66193426208731, 96.66193426208731, 96.66226524327068, 107.72559663853852, 107.72559663853852, 107.72559663853852, 107.72559663853852, 107.72595937124706, 107.72595937124706, 108.5825395148214, 108.85119185048819, 119.81109920369789, 119.81109920369789, 120.02605341611027, 120.02605341611027, 120.02605341611027, 120.02605341611027, 120.02605341611027, 120.02605341611027, 120.02605341611027, 120.02605341611027, 120.10792555627768, 120.10792555627768, 120.10792555627768, 120.10792555627768, 120.10792555627768, 134.35519388719104, 134.35519388719104, 134.35519388719104, 134.35519388719104, 134.4559257306102, 134.4559257306102, 163.55768604071153, 163.55768604071153, 163.55768604071153, 163.55768604071153, 163.55768604071153, 163.55768604071153, 163.55768604071153, 163.55768604071153, 163.55768604071153, 163.55768604071153, 163.55768604071153, 163.55768604071153, 163.55768604071153, 163.55768604071153, 163.55768604071153, 163.55768604071153, 163.55768604071153, 163.55768604071153, 163.55768604071153, 163.55768604071153, 163.55768604071153, 163.55768604071153, 163.55768604071153, 163.55768604071153, 163.55768604071153, 163.55768604071153, 163.55768604071153, 163.55768604071153, 163.55768604071153, 163.55768604071153, 163.55768604071153, 163.55768604071153, 163.55768604071153, 163.55768604071153, 163.55768604071153, 163.55768604071153, 163.55768604071153, 163.55768604071153, 163.55768604071153, 163.55768604071153, 164.20765498644082, 164.20765498644082, 164.20765498644082, 165.35172081155338, 165.35172081155338, 165.35172081155338, 165.35172081155338, 165.35172081155338, 165.35172081155338, 165.35172081155338, 165.35172081155338, 165.35172081155338, 165.35172081155338, 165.35172081155338, 165.35172081155338, 165.35172081155338, 165.35172081155338, 165.35172081155338, 165.35172081155338, 165.35172081155338, 165.35172081155338, 165.35172081155338, 165.35172081155338, 165.35172081155338, 165.35172081155338, 165.35172081155338, 165.35172081155338, 165.35172081155338, 165.35172081155338, 165.35172081155338, 165.35172081155338, 165.35172081155338, 165.35172081155338, 165.35172081155338, 165.35172081155338, 165.35172081155338, 165.35172081155338, 165.35172081155338, 165.35172081155338, 165.35172081155338, 165.35172081155338, 165.35172081155338, 165.35172081155338, 165.35172081155338, 165.35172081155338, 165.35172081155338, 165.35172081155338, 165.35172081155338, 165.35172081155338, 165.35172081155338, 165.35172081155338, 166.16005596030084, 166.16005596030084, 167.25211706258176, 167.25211706258176, 167.25211706258176, 167.25211706258176, 167.25211706258176, 167.25211706258176, 167.25211706258176, 167.25211706258176, 167.25211706258176, 167.25211706258176, 167.25211706258176, 167.25211706258176, 167.25211706258176, 167.25211706258176, 167.25211706258176, 167.25211706258176, 167.25211706258176, 167.25211706258176, 167.25211706258176, 167.25211706258176, 167.25211706258176, 167.25211706258176, 167.25211706258176, 167.25211706258176, 167.25211706258176, 174.96005466906496, 174.96005466906496, 174.96005466906496, 174.96005466906496, 175.95615217286337, 175.95615217286337, 175.95615217286337, 175.95615217286337, 176.15300233300061, 176.15300233300061, 184.2001021226833, 184.2001021226833, 184.2001021226833, 184.2001021226833, 184.2001021226833, 184.40645675430005, 184.40645675430005, 196.14658228551687, 196.14658228551687, 196.14658228551687, 196.14658228551687, 196.14658228551687, 196.14658228551687, 196.14658228551687, 196.14658228551687, 196.14658228551687, 201.29571418374553, 201.29571418374553, 201.29571418374553, 201.29571418374553, 201.29571418374553, 201.29571418374553, 201.29571418374553, 201.29571418374553, 201.29571418374553, 201.29571418374553, 201.75251504752333, 201.75251504752333, 201.75251504752333, 201.75251504752333, 201.75251504752333, 201.75251504752333, 201.75251504752333, 201.75251504752333, 201.75251504752333, 201.75251504752333, 201.75251504752333, 201.75251504752333, 201.75251504752333, 201.75251504752333, 201.75251504752333, 201.75251504752333, 201.75251504752333, 201.75251504752333, 201.75251504752333, 201.75251504752333, 201.75251504752333, 201.75251504752333, 201.75251504752333, 201.75251504752333, 201.75251504752333, 201.75251504752333, 201.75251504752333, 201.75251504752333, 201.75251504752333, 201.75251504752333, 201.75251504752333, 201.75251504752333, 201.75251504752333, 201.75251504752333, 201.75251504752333, 201.75251504752333, 201.75251504752333, 201.75251504752333, 201.75251504752333, 201.75251504752333, 201.75251504752333, 221.30517973851917, 221.30517973851917, 221.30517973851917, 221.30517973851917, 221.30517973851917, 221.30517973851917, 221.30517973851917, 221.30517973851917, 221.30517973851917, 221.30517973851917, 221.30517973851917, 221.30517973851917, 221.30517973851917, 221.30517973851917, 221.30517973851917, 221.30517973851917, 221.30517973851917, 221.30517973851917, 221.30517973851917, 221.30517973851917, 221.30517973851917, 221.30517973851917, 221.30517973851917, 221.30517973851917, 221.30517973851917, 221.30517973851917, 221.30517973851917, 221.30517973851917, 221.30517973851917, 221.30517973851917, 221.30517973851917, 221.30517973851917, 221.30517973851917, 221.30517973851917, 221.30517973851917, 221.30517973851917, 221.30517973851917, 221.30517973851917, 221.30517973851917, 221.30517973851917, 221.30517973851917, 221.30517973851917, 221.30517973851917, 221.30517973851917, 221.30517973851917, 221.30517973851917, 221.30517973851917, 221.30517973851917, 221.30517973851917, 221.30517973851917, 221.30517973851917, 221.30517973851917, 221.30517973851917, 221.30517973851917, 221.30517973851917, 221.9521943316691, 221.9521943316691, 221.9521943316691, 221.9521943316691]
data points:
values: [70.87291263681897, 70.87291263681897, 104.94235514585168, 104.94235514585168, 104.94235514585168, 104.94235514585168, 115.89303989857751, 115.89303989857751, 115.89303989857751, 115.89303989857751, 115.89303989857751, 115.89303989857751, 115.89303989857751, 115.89303989857751, 115.89303989857751, 115.94985205077386, 115.9496880938515, 115.9496880938515, 115.94997398170983, 127.9444834139051, 127.9444834139051, 127.9444834139051, 127.9444834139051, 127.94479887636948, 127.94479887636948, 127.76327751458285, 128.07938742337058, 139.74108478157498, 139.74108478157498, 139.99183778495103, 139.99183778495103, 139.99183778495103, 139.99183778495103, 139.99183778495103, 139.99183778495103, 139.99183778495103, 139.99183778495103, 140.08717575937712, 140.08717575937712, 140.08717575937712, 140.08717575937712, 155.41187455106737, 155.41187455106737, 155.41187455106737, 155.41187455106737, 155.41187455106737, 155.5284880962732, 187.7203731341286, 187.7203731341286, 187.7203731341286, 187.7203731341286, 187.7203731341286, 187.7203731341286, 187.7203731341286, 187.7203731341286, 187.7203731341286, 187.7203731341286, 187.7203731341286, 187.7203731341286, 187.7203731341286, 187.7203731341286, 187.7203731341286, 187.7203731341286, 187.7203731341286, 187.7203731341286, 187.7203731341286, 187.7203731341286, 187.7203731341286, 187.7203731341286, 187.7203731341286, 187.7203731341286, 187.7203731341286, 187.7203731341286, 187.7203731341286, 187.7203731341286, 187.7203731341286, 187.7203731341286, 187.7203731341286, 187.7203731341286, 187.7203731341286, 187.7203731341286, 187.7203731341286, 187.7203731341286, 187.7203731341286, 187.7203731341286, 187.7203731341286, 187.7203731341286, 187.7203731341286, 187.0844335081267, 187.0844335081267, 187.0844335081267, 187.08463789477753, 187.08463789477753, 187.08463789477753, 187.08463789477753, 187.08463789477753, 187.08463789477753, 187.08463789477753, 187.08463789477753, 187.08463789477753, 187.08463789477753, 187.08463789477753, 187.08463789477753, 187.08463789477753, 187.08463789477753, 187.08463789477753, 187.08463789477753, 187.08463789477753, 187.08463789477753, 187.08463789477753, 187.08463789477753, 187.08463789477753, 187.08463789477753, 187.08463789477753, 187.08463789477753, 187.08463789477753, 187.08463789477753, 187.08463789477753, 187.08463789477753, 187.08463789477753, 187.08463789477753, 187.08463789477753, 187.08463789477753, 187.08463789477753, 187.08463789477753, 187.08463789477753, 187.08463789477753, 187.08463789477753, 187.08463789477753, 187.08463789477753, 187.08463789477753, 187.08463789477753, 187.08463789477753, 187.08463789477753, 187.08463789477753, 187.08463789477753, 187.08463789477753, 187.08463789477753, 187.08463789477753, 187.99903709955328, 187.99903709955328, 187.99913853092542, 187.99913853092542, 187.99913853092542, 187.99913853092542, 187.99913853092542, 187.99913853092542, 187.99913853092542, 187.99913853092542, 187.99913853092542, 187.99913853092542, 187.99913853092542, 187.99913853092542, 187.99913853092542, 187.99913853092542, 187.99913853092542, 187.99913853092542, 187.99913853092542, 187.99913853092542, 187.99913853092542, 187.99913853092542, 187.99913853092542, 187.99913853092542, 187.99913853092542, 187.99913853092542, 187.99913853092542, 195.45101871571137, 195.45101871571137, 195.45101871571137, 195.45101871571137, 195.4194083105765, 195.4194083105765, 195.4194083105765, 195.4194083105765, 195.6380459529629, 195.6380459529629, 203.45008540421944, 203.45008540421944, 203.45008540421944, 203.45008540421944, 203.45008540421944, 203.67796564966, 215.51887672369304, 215.51887672369304, 215.51887672369304, 215.51887672369304, 215.51887672369304, 215.51887672369304, 215.51887672369304, 215.51887672369304, 215.51887672369304, 215.51887672369304, 220.0896671090332, 220.0896671090332, 220.0896671090332, 220.0896671090332, 220.0896671090332, 220.0896671090332, 220.0896671090332, 220.0896671090332, 220.0896671090332, 220.0896671090332, 220.589117963462, 220.589117963462, 220.589117963462, 220.589117963462, 220.589117963462, 220.589117963462, 220.589117963462, 220.589117963462, 220.589117963462, 220.589117963462, 220.589117963462, 220.589117963462, 220.589117963462, 220.589117963462, 220.589117963462, 220.589117963462, 220.589117963462, 220.589117963462, 220.589117963462, 220.589117963462, 220.589117963462, 220.589117963462, 220.589117963462, 220.589117963462, 220.589117963462, 220.589117963462, 220.589117963462, 220.589117963462, 220.589117963462, 220.589117963462, 220.589117963462, 220.589117963462, 220.589117963462, 220.589117963462, 220.589117963462, 220.589117963462, 220.589117963462, 220.589117963462, 220.589117963462, 220.589117963462, 240.8430901107965, 240.8430901107965, 240.8430901107965, 240.8430901107965, 240.8430901107965, 240.8430901107965, 240.8430901107965, 240.8430901107965, 240.8430901107965, 240.8430901107965, 240.8430901107965, 240.8430901107965, 240.8430901107965, 240.8430901107965, 240.8430901107965, 240.8430901107965, 240.8430901107965, 240.8430901107965, 240.8430901107965, 240.8430901107965, 240.8430901107965, 240.8430901107965, 240.8430901107965, 240.8430901107965, 240.8430901107965, 240.8430901107965, 240.8430901107965, 240.8430901107965, 240.8430901107965, 240.8430901107965, 240.8430901107965, 240.8430901107965, 240.8430901107965, 240.8430901107965, 240.8430901107965, 240.8430901107965, 240.8430901107965, 240.8430901107965, 240.8430901107965, 240.8430901107965, 240.8430901107965, 240.8430901107965, 240.8430901107965, 240.8430901107965, 240.8430901107965, 240.8430901107965, 240.8430901107965, 240.8430901107965, 240.8430901107965, 240.8430901107965, 240.8430901107965, 240.8430901107965, 240.8430901107965, 240.8430901107965, 240.8430901107965, 240.8430901107965, 240.48563495258438, 240.48563495258438, 240.48563495258438]
real values1: [70.87291263681897, 70.87291263681897, 104.94235514585168, 104.94235514585168, 104.94235514585168, 115.89303989857751, 115.89303989857751, 115.89303989857751, 115.89303989857751, 115.89303989857751, 115.89303989857751, 115.89303989857751, 115.89303989857751, 115.89303989857751, 115.94985205077386, 115.9496880938515, 115.9496880938515, 115.94997398170983, 127.9444834139051, 127.9444834139051, 127.9444834139051, 127.9444834139051, 127.94479887636948, 127.94479887636948, 127.76327751458285, 128.07938742337058, 139.74108478157498, 139.74108478157498, 139.99183778495103, 139.99183778495103, 139.99183778495103, 139.99183778495103, 139.99183778495103, 139.99183778495103, 139.99183778495103, 139.99183778495103, 140.08717575937712, 140.08717575937712, 140.08717575937712, 140.08717575937712, 140.08717575937712, 155.41187455106737, 155.41187455106737, 155.41187455106737, 155.41187455106737, 155.5284880962732, 155.5284880962732, 187.7203731341286, 187.7203731341286, 187.7203731341286, 187.7203731341286, 187.7203731341286, 187.7203731341286, 187.7203731341286, 187.7203731341286, 187.7203731341286, 187.7203731341286, 187.7203731341286, 187.7203731341286, 187.7203731341286, 187.7203731341286, 187.7203731341286, 187.7203731341286, 187.7203731341286, 187.7203731341286, 187.7203731341286, 187.7203731341286, 187.7203731341286, 187.7203731341286, 187.7203731341286, 187.7203731341286, 187.7203731341286, 187.7203731341286, 187.7203731341286, 187.7203731341286, 187.7203731341286, 187.7203731341286, 187.7203731341286, 187.7203731341286, 187.7203731341286, 187.7203731341286, 187.7203731341286, 187.7203731341286, 187.7203731341286, 187.7203731341286, 187.7203731341286, 187.7203731341286, 187.0844335081267, 187.0844335081267, 187.0844335081267, 187.08463789477753, 187.08463789477753, 187.08463789477753, 187.08463789477753, 187.08463789477753, 187.08463789477753, 187.08463789477753, 187.08463789477753, 187.08463789477753, 187.08463789477753, 187.08463789477753, 187.08463789477753, 187.08463789477753, 187.08463789477753, 187.08463789477753, 187.08463789477753, 187.08463789477753, 187.08463789477753, 187.08463789477753, 187.08463789477753, 187.08463789477753, 187.08463789477753, 187.08463789477753, 187.08463789477753, 187.08463789477753, 187.08463789477753, 187.08463789477753, 187.08463789477753, 187.08463789477753, 187.08463789477753, 187.08463789477753, 187.08463789477753, 187.08463789477753, 187.08463789477753, 187.08463789477753, 187.08463789477753, 187.08463789477753, 187.08463789477753, 187.08463789477753, 187.08463789477753, 187.08463789477753, 187.08463789477753, 187.08463789477753, 187.08463789477753, 187.08463789477753, 187.08463789477753, 187.08463789477753, 187.08463789477753, 187.99903709955328, 187.99903709955328, 187.99913853092542, 187.99913853092542, 187.99913853092542, 187.99913853092542, 187.99913853092542, 187.99913853092542, 187.99913853092542, 187.99913853092542, 187.99913853092542, 187.99913853092542, 187.99913853092542, 187.99913853092542, 187.99913853092542, 187.99913853092542, 187.99913853092542, 187.99913853092542, 187.99913853092542, 187.99913853092542, 187.99913853092542, 187.99913853092542, 187.99913853092542, 187.99913853092542, 187.99913853092542, 187.99913853092542, 187.99913853092542, 195.45101871571137, 195.45101871571137, 195.45101871571137, 195.45101871571137, 195.4194083105765, 195.4194083105765, 195.4194083105765, 195.4194083105765, 195.6380459529629, 195.6380459529629, 203.45008540421944, 203.45008540421944, 203.45008540421944, 203.45008540421944, 203.45008540421944, 203.67796564966, 203.67796564966, 215.51887672369304, 215.51887672369304, 215.51887672369304, 215.51887672369304, 215.51887672369304, 215.51887672369304, 215.51887672369304, 215.51887672369304, 215.51887672369304, 220.0896671090332, 220.0896671090332, 220.0896671090332, 220.0896671090332, 220.0896671090332, 220.0896671090332, 220.0896671090332, 220.0896671090332, 220.0896671090332, 220.0896671090332, 220.589117963462, 220.589117963462, 220.589117963462, 220.589117963462, 220.589117963462, 220.589117963462, 220.589117963462, 220.589117963462, 220.589117963462, 220.589117963462, 220.589117963462, 220.589117963462, 220.589117963462, 220.589117963462, 220.589117963462, 220.589117963462, 220.589117963462, 220.589117963462, 220.589117963462, 220.589117963462, 220.589117963462, 220.589117963462, 220.589117963462, 220.589117963462, 220.589117963462, 220.589117963462, 220.589117963462, 220.589117963462, 220.589117963462, 220.589117963462, 220.589117963462, 220.589117963462, 220.589117963462, 220.589117963462, 220.589117963462, 220.589117963462, 220.589117963462, 220.589117963462, 220.589117963462, 220.589117963462, 220.589117963462, 240.8430901107965, 240.8430901107965, 240.8430901107965, 240.8430901107965, 240.8430901107965, 240.8430901107965, 240.8430901107965, 240.8430901107965, 240.8430901107965, 240.8430901107965, 240.8430901107965, 240.8430901107965, 240.8430901107965, 240.8430901107965, 240.8430901107965, 240.8430901107965, 240.8430901107965, 240.8430901107965, 240.8430901107965, 240.8430901107965, 240.8430901107965, 240.8430901107965, 240.8430901107965, 240.8430901107965, 240.8430901107965, 240.8430901107965, 240.8430901107965, 240.8430901107965, 240.8430901107965, 240.8430901107965, 240.8430901107965, 240.8430901107965, 240.8430901107965, 240.8430901107965, 240.8430901107965, 240.8430901107965, 240.8430901107965, 240.8430901107965, 240.8430901107965, 240.8430901107965, 240.8430901107965, 240.8430901107965, 240.8430901107965, 240.8430901107965, 240.8430901107965, 240.8430901107965, 240.8430901107965, 240.8430901107965, 240.8430901107965, 240.8430901107965, 240.8430901107965, 240.8430901107965, 240.8430901107965, 240.8430901107965, 240.8430901107965, 240.48563495258438, 240.48563495258438, 240.48563495258438, 240.48563495258438]
real values2: [70.87291263681897, 70.87291263681897, 104.94235514585168, 104.94235514585168, 104.94235514585168, 115.89303989857751, 115.89303989857751, 115.89303989857751, 115.89303989857751, 115.89303989857751, 115.89303989857751, 115.89303989857751, 115.89303989857751, 115.89303989857751, 115.94985205077386, 115.9496880938515, 115.9496880938515, 115.94997398170983, 127.9444834139051, 127.9444834139051, 127.9444834139051, 127.9444834139051, 127.94479887636948, 127.94479887636948, 127.76327751458285, 128.07938742337058, 139.74108478157498, 139.74108478157498, 139.99183778495103, 139.99183778495103, 139.99183778495103, 139.99183778495103, 139.99183778495103, 139.99183778495103, 139.99183778495103, 139.99183778495103, 140.08717575937712, 140.08717575937712, 140.08717575937712, 140.08717575937712, 140.08717575937712, 155.41187455106737, 155.41187455106737, 155.41187455106737, 155.41187455106737, 155.5284880962732, 155.5284880962732, 187.7203731341286, 187.7203731341286, 187.7203731341286, 187.7203731341286, 187.7203731341286, 187.7203731341286, 187.7203731341286, 187.7203731341286, 187.7203731341286, 187.7203731341286, 187.7203731341286, 187.7203731341286, 187.7203731341286, 187.7203731341286, 187.7203731341286, 187.7203731341286, 187.7203731341286, 187.7203731341286, 187.7203731341286, 187.7203731341286, 187.7203731341286, 187.7203731341286, 187.7203731341286, 187.7203731341286, 187.7203731341286, 187.7203731341286, 187.7203731341286, 187.7203731341286, 187.7203731341286, 187.7203731341286, 187.7203731341286, 187.7203731341286, 187.7203731341286, 187.7203731341286, 187.7203731341286, 187.7203731341286, 187.7203731341286, 187.7203731341286, 187.7203731341286, 187.7203731341286, 187.0844335081267, 187.0844335081267, 187.0844335081267, 187.08463789477753, 187.08463789477753, 187.08463789477753, 187.08463789477753, 187.08463789477753, 187.08463789477753, 187.08463789477753, 187.08463789477753, 187.08463789477753, 187.08463789477753, 187.08463789477753, 187.08463789477753, 187.08463789477753, 187.08463789477753, 187.08463789477753, 187.08463789477753, 187.08463789477753, 187.08463789477753, 187.08463789477753, 187.08463789477753, 187.08463789477753, 187.08463789477753, 187.08463789477753, 187.08463789477753, 187.08463789477753, 187.08463789477753, 187.08463789477753, 187.08463789477753, 187.08463789477753, 187.08463789477753, 187.08463789477753, 187.08463789477753, 187.08463789477753, 187.08463789477753, 187.08463789477753, 187.08463789477753, 187.08463789477753, 187.08463789477753, 187.08463789477753, 187.08463789477753, 187.08463789477753, 187.08463789477753, 187.08463789477753, 187.08463789477753, 187.08463789477753, 187.08463789477753, 187.08463789477753, 187.08463789477753, 187.99903709955328, 187.99903709955328, 187.99913853092542, 187.99913853092542, 187.99913853092542, 187.99913853092542, 187.99913853092542, 187.99913853092542, 187.99913853092542, 187.99913853092542, 187.99913853092542, 187.99913853092542, 187.99913853092542, 187.99913853092542, 187.99913853092542, 187.99913853092542, 187.99913853092542, 187.99913853092542, 187.99913853092542, 187.99913853092542, 187.99913853092542, 187.99913853092542, 187.99913853092542, 187.99913853092542, 187.99913853092542, 187.99913853092542, 187.99913853092542, 195.45101871571137, 195.45101871571137, 195.45101871571137, 195.45101871571137, 195.4194083105765, 195.4194083105765, 195.4194083105765, 195.4194083105765, 195.6380459529629, 195.6380459529629, 203.45008540421944, 203.45008540421944, 203.45008540421944, 203.45008540421944, 203.45008540421944, 203.67796564966, 203.67796564966, 215.51887672369304, 215.51887672369304, 215.51887672369304, 215.51887672369304, 215.51887672369304, 215.51887672369304, 215.51887672369304, 215.51887672369304, 215.51887672369304, 220.0896671090332, 220.0896671090332, 220.0896671090332, 220.0896671090332, 220.0896671090332, 220.0896671090332, 220.0896671090332, 220.0896671090332, 220.0896671090332, 220.0896671090332, 220.589117963462, 220.589117963462, 220.589117963462, 220.589117963462, 220.589117963462, 220.589117963462, 220.589117963462, 220.589117963462, 220.589117963462, 220.589117963462, 220.589117963462, 220.589117963462, 220.589117963462, 220.589117963462, 220.589117963462, 220.589117963462, 220.589117963462, 220.589117963462, 220.589117963462, 220.589117963462, 220.589117963462, 220.589117963462, 220.589117963462, 220.589117963462, 220.589117963462, 220.589117963462, 220.589117963462, 220.589117963462, 220.589117963462, 220.589117963462, 220.589117963462, 220.589117963462, 220.589117963462, 220.589117963462, 220.589117963462, 220.589117963462, 220.589117963462, 220.589117963462, 220.589117963462, 220.589117963462, 220.589117963462, 240.8430901107965, 240.8430901107965, 240.8430901107965, 240.8430901107965, 240.8430901107965, 240.8430901107965, 240.8430901107965, 240.8430901107965, 240.8430901107965, 240.8430901107965, 240.8430901107965, 240.8430901107965, 240.8430901107965, 240.8430901107965, 240.8430901107965, 240.8430901107965, 240.8430901107965, 240.8430901107965, 240.8430901107965, 240.8430901107965, 240.8430901107965, 240.8430901107965, 240.8430901107965, 240.8430901107965, 240.8430901107965, 240.8430901107965, 240.8430901107965, 240.8430901107965, 240.8430901107965, 240.8430901107965, 240.8430901107965, 240.8430901107965, 240.8430901107965, 240.8430901107965, 240.8430901107965, 240.8430901107965, 240.8430901107965, 240.8430901107965, 240.8430901107965, 240.8430901107965, 240.8430901107965, 240.8430901107965, 240.8430901107965, 240.8430901107965, 240.8430901107965, 240.8430901107965, 240.8430901107965, 240.8430901107965, 240.8430901107965, 240.8430901107965, 240.8430901107965, 240.8430901107965, 240.8430901107965, 240.8430901107965, 240.8430901107965, 240.48563495258438, 240.48563495258438, 240.48563495258438, 240.48563495258438]
Done!
