('generated stochastic delays:', [array([ 2, 11,  5, ...,  2,  3,  1])])
('opt_fidel_cost:', 1.1)
Running Experiment1: 
('total budget:', 600)
Auto Init: 
C: 20.469600578508693
nu: 20.469600578508693
Budget Remaining: 591.995419025
Number of MFHOO Instances: 1
Budget per MFHOO Instance:590.895419025
Running SOO number: 1 rho: 0.95 nu: 20.469600578508693
delay_type: DHOO
policy: UCBV
[0.984375 0.484375 0.171875 0.984375 0.421875 0.015625 0.015625 0.46875 ]
final iterations:56322683
final HOO number of nodes:577
final HOO height:41
final duration:590
final optimal value:259.725441 
time durations: [0.001363992691040039, 4.004487037658691, 8.0088050365448, 12.02437710762024, 16.037914991378784, 16.0387601852417, 20.065019130706787, 20.065859079360962, 24.071855068206787, 24.072896003723145, 28.084020137786865, 28.084726095199585, 32.09700608253479, 32.09768509864807, 36.105380058288574, 40.11193299293518, 40.11277103424072, 44.13844013214111, 44.1391441822052, 48.144060134887695, 48.14473605155945, 52.1555540561676, 52.15637016296387, 52.15724802017212, 56.162395000457764, 60.172856092453, 60.17404007911682, 64.17994809150696, 68.18436002731323, 68.18524718284607, 68.18623518943787, 72.19122505187988, 72.19255518913269, 72.19353699684143, 76.2017171382904, 76.20272707939148, 80.20700097084045, 80.20880818367004, 84.2131290435791, 84.21433901786804, 88.21673202514648, 88.21790218353271, 92.24225401878357, 96.24625706672668, 100.25245904922485, 100.25416016578674, 100.25539898872375, 104.26577615737915, 104.26736998558044, 108.27620601654053, 108.27757000923157, 112.29029107093811, 112.29146599769592, 116.3034451007843, 120.31408905982971, 120.31623411178589, 124.32607817649841, 124.3280291557312, 128.33592009544373, 132.34251809120178, 136.34621906280518, 136.34820008277893, 140.35474014282227, 140.35610818862915, 144.36530303955078, 148.37091398239136, 148.37254118919373, 152.38409805297852, 156.38788199424744, 156.38922715187073, 160.39629101753235, 164.41376900672913, 164.41539812088013, 168.42328906059265, 168.4256410598755, 172.43044519424438, 172.43314218521118, 176.43828296661377, 176.43996214866638, 180.446918964386, 180.4565110206604, 184.4721221923828, 184.47426509857178, 188.48103213310242, 188.48292112350464, 192.4950931072235, 196.50718116760254, 196.5094940662384, 196.5114619731903, 200.51342701911926, 200.5246901512146, 200.52715015411377, 200.52956914901733, 204.55278301239014, 204.55525398254395, 208.56436109542847, 212.57446002960205, 212.57675409317017, 216.593425989151, 216.597097158432, 216.59984016418457, 220.61247301101685, 224.6268332004547, 224.63025617599487, 228.63911414146423, 228.64177703857422, 232.64801597595215, 232.6504180431366, 236.65771913528442, 236.66111612319946, 240.66700410842896, 240.66943502426147, 244.67873096466064, 248.68744206428528, 248.69101214408875, 252.69890713691711, 252.70186614990234, 256.713406085968, 260.7227580547333, 260.726047039032, 264.74287509918213, 268.7482211589813, 268.75108218193054, 272.7577049732208, 276.7629051208496, 276.7666211128235, 280.7732620239258, 284.7811291217804, 284.7847681045532, 288.79342103004456, 292.80260705947876, 292.80697202682495, 296.81540513038635, 296.81956696510315, 300.8327910900116, 304.84202098846436, 304.84693598747253, 308.84969902038574, 308.8536331653595, 312.86638712882996, 312.8704721927643, 316.88099217414856, 320.8919470310211, 320.895555973053, 324.9046540260315, 324.9080901145935, 328.9183461666107, 328.92272114753723, 332.9372081756592, 332.94037413597107, 332.9435091018677, 336.9544839859009, 340.96328020095825, 340.96690797805786, 344.97993206977844, 344.98366117477417, 348.9930989742279, 353.0094530582428, 353.01414012908936, 357.0245771408081, 361.03551506996155, 361.0403730869293, 365.0520169734955, 365.05561208724976, 365.0593011379242, 369.08369302749634, 369.0879421234131, 373.1005630493164, 377.106271982193, 377.1098370552063, 381.12404799461365, 381.12809109687805, 385.1398150920868, 385.14450216293335, 389.1559200286865, 389.15925002098083, 389.162770986557, 393.1746439933777, 393.1783561706543, 397.18618607521057, 401.1995589733124, 401.20381116867065, 405.22961497306824, 409.23809814453125, 409.2422580718994, 413.24823212623596, 413.25298619270325, 417.2665090560913, 421.2727801799774, 421.2781059741974, 421.2824549674988, 425.30113315582275, 425.30594205856323, 429.32747316360474, 429.3338990211487, 433.3502860069275, 433.35547614097595, 437.36727118492126, 437.3721890449524, 437.3769941329956, 441.3899049758911, 441.3948311805725, 445.40555906295776, 449.41583704948425, 449.4199960231781, 453.4254951477051, 453.4309811592102, 457.44739603996277, 457.45251417160034, 461.46592712402344, 465.4764370918274, 465.4809350967407, 469.4871141910553, 469.49233508110046, 473.49520206451416, 473.50369000434875, 477.5193040370941, 477.52676606178284, 477.5336821079254, 481.54282903671265, 481.5488531589508, 481.5550630092621, 481.5605080127716, 485.56455302238464, 485.5743269920349, 485.579638004303, 485.585088968277, 489.59602904319763, 489.6026690006256, 489.60909509658813, 493.6179690361023, 493.6260151863098, 497.6344850063324, 501.6407871246338, 501.64740014076233, 505.66091108322144, 509.671373128891, 509.67567205429077, 513.6918661594391, 513.6986150741577, 517.717490196228, 517.7222340106964, 517.727462053299, 521.7322511672974, 521.7378261089325, 521.7519199848175, 521.7587151527405, 525.7551651000977, 525.7638680934906, 529.7810380458832, 529.7879660129547, 533.7933340072632, 533.798082113266, 537.8143379688263, 537.8206009864807, 541.8381819725037, 541.8459160327911, 541.8554890155792, 545.8576431274414, 545.866651058197, 545.8723661899567, 545.8799910545349, 549.8938670158386, 549.9003660678864, 549.9081389904022, 553.9206111431122, 553.927493095398, 553.9346520900726, 557.945620059967, 557.9533340930939, 557.9589531421661, 557.9664671421051, 561.9707970619202, 561.978404045105, 565.9928271770477, 565.9997081756592, 570.0140070915222, 570.0194411277771, 574.0308310985565, 574.0373651981354, 578.0591020584106, 578.0691821575165, 582.0761880874634, 582.0858960151672, 582.0935521125793, 582.1022651195526, 586.1171460151672, 586.1259710788727, 590.1389420032501, 590.1454980373383]
noisy values: [56.41319345295263, 59.962338364486115, 85.59978474516566, 86.6053536421627, 87.5246484992229, 87.5246484992229, 97.5421775023946, 97.5421775023946, 97.5421775023946, 97.5421775023946, 97.54247489740784, 97.54247489740784, 97.54247489740784, 97.54247489740784, 98.55154412486976, 108.4997463484763, 108.4997463484763, 121.44062207054513, 121.44062207054513, 121.44062207054513, 121.44062207054513, 147.8092959403815, 147.8092959403815, 147.8092959403815, 148.84042361207844, 149.87739194121093, 149.87739194121093, 157.32787008110256, 157.50083083259648, 157.50083083259648, 157.50083083259648, 157.50083083259648, 157.50120020791132, 157.50120020791132, 158.4546195089872, 158.4546195089872, 158.4546195089872, 165.93248300418895, 165.93248300418895, 165.93248300418895, 165.93248300418895, 165.93248300418895, 176.55002254022895, 176.55002254022895, 176.55002254022895, 181.67518655282413, 181.67518655282413, 189.225119829344, 189.225119829344, 189.225119829344, 189.225119829344, 189.225119829344, 189.225119829344, 199.29555239965856, 199.78693199988373, 199.78693199988373, 199.78693199988373, 199.78693199988373, 199.78693199988373, 199.78693199988373, 199.78693199988373, 199.78693199988373, 199.78693199988373, 199.78693199988373, 200.75979651821842, 201.57164363916263, 201.57164363916263, 206.40823081105026, 206.40823081105026, 206.40823081105026, 206.48454267263324, 207.32779561965248, 207.32779561965248, 207.32779561965248, 212.13050724133586, 212.13050724133586, 212.13050724133586, 212.13050724133586, 212.13050724133586, 212.13050724133586, 212.13050724133586, 212.13050724133586, 212.13050724133586, 212.13050724133586, 212.13050724133586, 219.01036492752002, 219.01036492752002, 219.2479713433318, 219.2479713433318, 219.2479713433318, 219.2479713433318, 219.2479713433318, 219.2479713433318, 219.2479713433318, 219.2479713433318, 219.2479713433318, 219.2479713433318, 219.2479713433318, 224.30921308961672, 224.30921308961672, 224.30921308961672, 233.16352413262786, 233.88358942518684, 233.88358942518684, 234.54885152229784, 234.54885152229784, 234.54885152229784, 234.54885152229784, 234.54885152229784, 234.54885152229784, 234.54885152229784, 234.54885152229784, 234.54885152229784, 237.37439317999798, 237.37439317999798, 237.41349139772913, 237.41349139772913, 238.08073158055475, 238.08073158055475, 238.08073158055475, 238.08073158055475, 238.08073158055475, 238.08073158055475, 240.73411651766156, 240.73411651766156, 240.73411651766156, 240.73411651766156, 240.73411651766156, 240.73411651766156, 240.73411651766156, 240.73430976833077, 240.73430976833077, 244.9450284301617, 244.9450284301617, 245.07700189906018, 245.07700189906018, 245.07700189906018, 245.07700189906018, 245.07700189906018, 245.07700189906018, 245.07700189906018, 245.07700189906018, 245.07700189906018, 245.07700189906018, 245.07700189906018, 245.07700189906018, 247.00826279619957, 247.00826279619957, 247.00826279619957, 247.00826279619957, 247.00826279619957, 248.02726474251375, 248.02726474251375, 248.02726474251375, 249.7401094086082, 249.7401094086082, 249.7401094086082, 249.7401094086082, 249.7401094086082, 249.7401094086082, 249.7401094086082, 249.7401094086082, 249.7401094086082, 249.7401094086082, 249.7401094086082, 249.74031334691097, 249.74031334691097, 249.74031334691097, 249.74031334691097, 249.74031334691097, 249.74031334691097, 249.74031334691097, 249.74031334691097, 249.74031334691097, 249.74031334691097, 249.74031334691097, 249.74031334691097, 249.74031334691097, 249.74031334691097, 249.74031334691097, 249.74031334691097, 249.74031334691097, 249.74031334691097, 249.74031334691097, 249.74031334691097, 249.74031334691097, 249.74031334691097, 249.74031334691097, 249.74031334691097, 249.74031334691097, 249.74031334691097, 249.74031334691097, 249.74031334691097, 249.74031334691097, 249.74031334691097, 249.74031334691097, 249.74031334691097, 249.74031334691097, 249.74031334691097, 249.74031334691097, 252.73664318699184, 252.73664318699184, 253.2406399910891, 253.2406399910891, 253.2406399910891, 253.2406399910891, 253.2406399910891, 253.70942027453393, 253.70952886538197, 255.3387647999552, 255.3387647999552, 255.3387647999552, 255.7795663772383, 255.7795663772383, 255.7795663772383, 255.80024496323318, 257.31839165959104, 257.31839165959104, 257.31839165959104, 257.31839165959104, 257.31839165959104, 257.31839165959104, 257.31839165959104, 257.3919966901972, 257.3919966901972, 257.3919966901972, 257.3919966901972, 257.3919966901972, 257.3919966901972, 257.3919966901972, 257.3919966901972, 257.3919966901972, 257.3919966901972, 257.3919966901972, 257.3919966901972, 257.3919966901972, 257.3919966901972, 257.3919966901972, 257.3919966901972, 257.3919966901972, 257.3919966901972, 257.3919966901972, 257.3919966901972, 257.3919966901972, 257.3919966901972, 257.3919966901972, 257.3919966901972, 257.3919966901972, 257.3919966901972, 257.3919966901972, 257.3919966901972, 257.3919966901972, 257.3919966901972, 257.3919966901972, 257.3919966901972, 257.3919966901972, 257.3919966901972, 257.3919966901972, 257.3919966901972, 257.3919966901972, 257.3919966901972, 257.3919966901972, 257.3919966901972, 257.3919966901972, 257.3919966901972, 259.7254413753725, 259.7254413753725, 259.7254413753725, 259.7254413753725, 259.7254413753725, 259.7254413753725, 259.7254413753725, 259.7254413753725, 259.7254413753725, 259.7254413753725, 259.7254413753725, 259.7254413753725, 259.7254413753725, 259.7254413753725, 259.7254413753725, 259.7254413753725, 259.7254413753725, 259.7254413753725, 259.7254413753725, 259.7254413753725, 259.7254413753725, 259.7254413753725, 259.7254413753725, 259.7254413753725, 259.7254413753725]
data points:
values: [70.87291263681897, 70.87291263681897, 104.94235514585168, 104.94235514585168, 104.98893606238946, 104.98903603028187, 104.98903603028187, 115.84971215281733, 115.84971215281733, 115.84971215281733, 115.84971215281733, 115.84997079203517, 115.84997079203517, 115.84997079203517, 115.84997079203517, 115.96030533635302, 126.54810696258028, 126.54810696258028, 140.47332070699898, 140.47332070699898, 140.47332070699898, 169.6453235442572, 169.6453235442572, 169.6453235442572, 169.6453235442572, 169.57621559346796, 169.57637659019227, 169.57637659019227, 176.8439355869148, 177.03838952930192, 177.03838952930192, 177.03838952930192, 177.03838952930192, 177.0387239144887, 177.0387239144887, 177.01256072550515, 177.01256072550515, 177.01256072550515, 184.28704952244368, 184.28704952244368, 184.28704952244368, 184.28704952244368, 195.00066145126073, 195.00066145126073, 195.00066145126073, 199.61837980361207, 199.61837980361207, 199.61837980361207, 206.89231308197992, 206.89231308197992, 206.89231308197992, 206.89231308197992, 206.89231308197992, 217.9030126232195, 217.9030126232195, 218.4402719620142, 218.4402719620142, 218.4402719620142, 218.4402719620142, 218.4402719620142, 218.4402719620142, 218.4402719620142, 218.4402719620142, 218.4402719620142, 218.4402719620142, 218.4840095146678, 218.40342676296078, 218.40342676296078, 222.71402071222974, 222.71402071222974, 222.71402071222974, 222.79634683057958, 222.82613922749618, 222.82613922749618, 227.13890321254453, 227.13890321254453, 227.13890321254453, 227.13890321254453, 227.13890321254453, 227.13890321254453, 227.13890321254453, 227.13890321254453, 227.13890321254453, 227.13890321254453, 227.13890321254453, 233.67888260443317, 233.67888260443317, 233.67888260443317, 233.93235699273498, 233.93235699273498, 233.93235699273498, 233.93235699273498, 233.93235699273498, 233.93235699273498, 233.93235699273498, 233.93235699273498, 233.93235699273498, 233.93235699273498, 233.93235699273498, 237.7798607753745, 237.7798607753745, 247.1659079112445, 247.1659079112445, 247.1869858363411, 247.1869858363411, 247.1870738463978, 247.1870738463978, 247.1870738463978, 247.1870738463978, 247.1870738463978, 247.1870738463978, 247.1870738463978, 247.1870738463978, 247.1870738463978, 249.49269699177847, 249.49269699177847, 249.53378657278765, 249.53378657278765, 249.59797389477794, 249.59797389477794, 249.59797389477794, 249.59797389477794, 249.59797389477794, 249.59797389477794, 251.77076282020917, 251.77076282020917, 251.77076282020917, 251.77076282020917, 251.77076282020917, 251.77076282020917, 251.77076282020917, 251.7709483592818, 255.5888329782021, 255.5888329782021, 255.5888329782021, 255.72654139188137, 255.72654139188137, 255.72654139188137, 255.72654139188137, 255.72654139188137, 255.72654139188137, 255.72654139188137, 255.72654139188137, 255.72654139188137, 255.72654139188137, 255.72654139188137, 255.72654139188137, 257.1829609946657, 257.1829609946657, 257.1829609946657, 257.1829609946657, 257.1829609946657, 257.7131616003347, 257.7131616003347, 257.7131616003347, 259.4928917527456, 259.4928917527456, 259.4928917527456, 259.4928917527456, 259.4928917527456, 259.4928917527456, 259.4928917527456, 259.4928917527456, 259.4928917527456, 259.4928917527456, 259.4928917527456, 259.49308867374174, 259.49308867374174, 259.49308867374174, 259.49308867374174, 259.49308867374174, 259.49308867374174, 259.49308867374174, 259.49308867374174, 259.49308867374174, 259.49308867374174, 259.49308867374174, 259.49308867374174, 259.49308867374174, 259.49308867374174, 259.49308867374174, 259.49308867374174, 259.49308867374174, 259.49308867374174, 259.49308867374174, 259.49308867374174, 259.49308867374174, 259.49308867374174, 259.49308867374174, 259.49308867374174, 259.49308867374174, 259.49308867374174, 259.49308867374174, 259.49308867374174, 259.49308867374174, 259.49308867374174, 259.49308867374174, 259.49308867374174, 259.49308867374174, 259.49308867374174, 259.49308867374174, 262.606449478822, 262.606449478822, 262.61734407272615, 262.61734407272615, 262.61734407272615, 262.61734407272615, 262.61734407272615, 262.61739607065147, 262.61739607065147, 263.8406633363001, 263.8406633363001, 263.8406633363001, 263.85686105609375, 263.85686105609375, 263.85686105609375, 263.8781911234555, 265.0258154004743, 265.0258154004743, 265.0258154004743, 265.0258154004743, 265.0258154004743, 265.0258154004743, 265.0258154004743, 265.1016313870739, 265.1016313870739, 265.1016313870739, 265.1016313870739, 265.1016313870739, 265.1016313870739, 265.1016313870739, 265.1016313870739, 265.1016313870739, 265.1016313870739, 265.1016313870739, 265.1016313870739, 265.1016313870739, 265.1016313870739, 265.1016313870739, 265.1016313870739, 265.1016313870739, 265.1016313870739, 265.1016313870739, 265.1016313870739, 265.1016313870739, 265.1016313870739, 265.1016313870739, 265.1016313870739, 265.1016313870739, 265.1016313870739, 265.1016313870739, 265.1016313870739, 265.1016313870739, 265.1016313870739, 265.1016313870739, 265.1016313870739, 265.1016313870739, 265.1016313870739, 265.1016313870739, 265.1016313870739, 265.1016313870739, 265.1016313870739, 265.1016313870739, 265.1016313870739, 265.1016313870739, 265.1016313870739, 267.10493863775423, 267.10493863775423, 267.10493863775423, 267.10493863775423, 267.10493863775423, 267.10493863775423, 267.10493863775423, 267.10493863775423, 267.10493863775423, 267.10493863775423, 267.10493863775423, 267.10493863775423, 267.10493863775423, 267.10493863775423, 267.10493863775423, 267.10493863775423, 267.10493863775423, 267.10493863775423, 267.10493863775423, 267.10493863775423, 267.10493863775423, 267.10493863775423, 267.10493863775423, 267.10493863775423]
real values1: [70.87291263681897, 74.39645309951365, 104.94235514585168, 104.98893606238946, 104.98903603028187, 104.98903603028187, 115.84971215281733, 115.84971215281733, 115.84971215281733, 115.84971215281733, 115.84997079203517, 115.84997079203517, 115.84997079203517, 115.84997079203517, 115.96030533635302, 126.54810696258028, 126.54810696258028, 140.47332070699898, 140.47332070699898, 140.47332070699898, 140.47332070699898, 169.6453235442572, 169.6453235442572, 169.6453235442572, 169.57621559346796, 169.57637659019227, 169.57637659019227, 176.8439355869148, 177.03838952930192, 177.03838952930192, 177.03838952930192, 177.03838952930192, 177.0387239144887, 177.0387239144887, 177.01256072550515, 177.01256072550515, 177.01256072550515, 184.28704952244368, 184.28704952244368, 184.28704952244368, 184.28704952244368, 184.28704952244368, 195.00066145126073, 195.00066145126073, 195.00066145126073, 199.61837980361207, 199.61837980361207, 206.89231308197992, 206.89231308197992, 206.89231308197992, 206.89231308197992, 206.89231308197992, 206.89231308197992, 217.9030126232195, 218.4402719620142, 218.4402719620142, 218.4402719620142, 218.4402719620142, 218.4402719620142, 218.4402719620142, 218.4402719620142, 218.4402719620142, 218.4402719620142, 218.4402719620142, 218.4840095146678, 218.40342676296078, 218.40342676296078, 222.71402071222974, 222.71402071222974, 222.71402071222974, 222.79634683057958, 222.82613922749618, 222.82613922749618, 222.82613922749618, 227.13890321254453, 227.13890321254453, 227.13890321254453, 227.13890321254453, 227.13890321254453, 227.13890321254453, 227.13890321254453, 227.13890321254453, 227.13890321254453, 227.13890321254453, 227.13890321254453, 233.67888260443317, 233.67888260443317, 233.93235699273498, 233.93235699273498, 233.93235699273498, 233.93235699273498, 233.93235699273498, 233.93235699273498, 233.93235699273498, 233.93235699273498, 233.93235699273498, 233.93235699273498, 233.93235699273498, 237.7798607753745, 237.7798607753745, 237.7798607753745, 247.1659079112445, 247.1869858363411, 247.1869858363411, 247.1870738463978, 247.1870738463978, 247.1870738463978, 247.1870738463978, 247.1870738463978, 247.1870738463978, 247.1870738463978, 247.1870738463978, 247.1870738463978, 249.49269699177847, 249.49269699177847, 249.53378657278765, 249.53378657278765, 249.59797389477794, 249.59797389477794, 249.59797389477794, 249.59797389477794, 249.59797389477794, 249.59797389477794, 251.77076282020917, 251.77076282020917, 251.77076282020917, 251.77076282020917, 251.77076282020917, 251.77076282020917, 251.77076282020917, 251.7709483592818, 251.7709483592818, 255.5888329782021, 255.5888329782021, 255.72654139188137, 255.72654139188137, 255.72654139188137, 255.72654139188137, 255.72654139188137, 255.72654139188137, 255.72654139188137, 255.72654139188137, 255.72654139188137, 255.72654139188137, 255.72654139188137, 255.72654139188137, 257.1829609946657, 257.1829609946657, 257.1829609946657, 257.1829609946657, 257.1829609946657, 257.7131616003347, 257.7131616003347, 257.7131616003347, 259.4928917527456, 259.4928917527456, 259.4928917527456, 259.4928917527456, 259.4928917527456, 259.4928917527456, 259.4928917527456, 259.4928917527456, 259.4928917527456, 259.4928917527456, 259.4928917527456, 259.49308867374174, 259.49308867374174, 259.49308867374174, 259.49308867374174, 259.49308867374174, 259.49308867374174, 259.49308867374174, 259.49308867374174, 259.49308867374174, 259.49308867374174, 259.49308867374174, 259.49308867374174, 259.49308867374174, 259.49308867374174, 259.49308867374174, 259.49308867374174, 259.49308867374174, 259.49308867374174, 259.49308867374174, 259.49308867374174, 259.49308867374174, 259.49308867374174, 259.49308867374174, 259.49308867374174, 259.49308867374174, 259.49308867374174, 259.49308867374174, 259.49308867374174, 259.49308867374174, 259.49308867374174, 259.49308867374174, 259.49308867374174, 259.49308867374174, 259.49308867374174, 259.49308867374174, 262.606449478822, 262.606449478822, 262.61734407272615, 262.61734407272615, 262.61734407272615, 262.61734407272615, 262.61734407272615, 262.61739607065147, 262.61739607065147, 263.8406633363001, 263.8406633363001, 263.8406633363001, 263.85686105609375, 263.85686105609375, 263.85686105609375, 263.8781911234555, 265.0258154004743, 265.0258154004743, 265.0258154004743, 265.0258154004743, 265.0258154004743, 265.0258154004743, 265.0258154004743, 265.1016313870739, 265.1016313870739, 265.1016313870739, 265.1016313870739, 265.1016313870739, 265.1016313870739, 265.1016313870739, 265.1016313870739, 265.1016313870739, 265.1016313870739, 265.1016313870739, 265.1016313870739, 265.1016313870739, 265.1016313870739, 265.1016313870739, 265.1016313870739, 265.1016313870739, 265.1016313870739, 265.1016313870739, 265.1016313870739, 265.1016313870739, 265.1016313870739, 265.1016313870739, 265.1016313870739, 265.1016313870739, 265.1016313870739, 265.1016313870739, 265.1016313870739, 265.1016313870739, 265.1016313870739, 265.1016313870739, 265.1016313870739, 265.1016313870739, 265.1016313870739, 265.1016313870739, 265.1016313870739, 265.1016313870739, 265.1016313870739, 265.1016313870739, 265.1016313870739, 265.1016313870739, 265.1016313870739, 267.10493863775423, 267.10493863775423, 267.10493863775423, 267.10493863775423, 267.10493863775423, 267.10493863775423, 267.10493863775423, 267.10493863775423, 267.10493863775423, 267.10493863775423, 267.10493863775423, 267.10493863775423, 267.10493863775423, 267.10493863775423, 267.10493863775423, 267.10493863775423, 267.10493863775423, 267.10493863775423, 267.10493863775423, 267.10493863775423, 267.10493863775423, 267.10493863775423, 267.10493863775423, 267.10493863775423, 267.10493863775423]
real values2: [70.87291263681897, 74.39645309951365, 104.94235514585168, 104.98893606238946, 104.98903603028187, 104.98903603028187, 115.84971215281733, 115.84971215281733, 115.84971215281733, 115.84971215281733, 115.84997079203517, 115.84997079203517, 115.84997079203517, 115.84997079203517, 115.96030533635302, 126.54810696258028, 126.54810696258028, 140.47332070699898, 140.47332070699898, 140.47332070699898, 140.47332070699898, 169.6453235442572, 169.6453235442572, 169.6453235442572, 169.57621559346796, 169.57637659019227, 169.57637659019227, 176.8439355869148, 177.03838952930192, 177.03838952930192, 177.03838952930192, 177.03838952930192, 177.0387239144887, 177.0387239144887, 177.01256072550515, 177.01256072550515, 177.01256072550515, 184.28704952244368, 184.28704952244368, 184.28704952244368, 184.28704952244368, 184.28704952244368, 195.00066145126073, 195.00066145126073, 199.61837980361207, 199.61837980361207, 199.61837980361207, 206.89231308197992, 206.89231308197992, 206.89231308197992, 206.89231308197992, 206.89231308197992, 206.89231308197992, 217.9030126232195, 218.4402719620142, 218.4402719620142, 218.4402719620142, 218.4402719620142, 218.4402719620142, 218.4402719620142, 218.4402719620142, 218.4402719620142, 218.4402719620142, 218.4402719620142, 218.4840095146678, 218.40342676296078, 218.40342676296078, 222.71402071222974, 222.71402071222974, 222.71402071222974, 222.79634683057958, 222.82613922749618, 222.82613922749618, 227.13890321254453, 227.13890321254453, 227.13890321254453, 227.13890321254453, 227.13890321254453, 227.13890321254453, 227.13890321254453, 227.13890321254453, 227.13890321254453, 227.13890321254453, 227.13890321254453, 227.13890321254453, 233.67888260443317, 233.67888260443317, 233.93235699273498, 233.93235699273498, 233.93235699273498, 233.93235699273498, 233.93235699273498, 233.93235699273498, 233.93235699273498, 233.93235699273498, 233.93235699273498, 233.93235699273498, 233.93235699273498, 237.7798607753745, 237.7798607753745, 237.7798607753745, 247.1659079112445, 247.1869858363411, 247.1869858363411, 247.1870738463978, 247.1870738463978, 247.1870738463978, 247.1870738463978, 247.1870738463978, 247.1870738463978, 247.1870738463978, 247.1870738463978, 247.1870738463978, 249.49269699177847, 249.49269699177847, 249.53378657278765, 249.53378657278765, 249.59797389477794, 249.59797389477794, 249.59797389477794, 249.59797389477794, 249.59797389477794, 249.59797389477794, 251.77076282020917, 251.77076282020917, 251.77076282020917, 251.77076282020917, 251.77076282020917, 251.77076282020917, 251.77076282020917, 251.7709483592818, 251.7709483592818, 255.5888329782021, 255.5888329782021, 255.72654139188137, 255.72654139188137, 255.72654139188137, 255.72654139188137, 255.72654139188137, 255.72654139188137, 255.72654139188137, 255.72654139188137, 255.72654139188137, 255.72654139188137, 255.72654139188137, 255.72654139188137, 257.1829609946657, 257.1829609946657, 257.1829609946657, 257.1829609946657, 257.1829609946657, 257.7131616003347, 257.7131616003347, 257.7131616003347, 259.4928917527456, 259.4928917527456, 259.4928917527456, 259.4928917527456, 259.4928917527456, 259.4928917527456, 259.4928917527456, 259.4928917527456, 259.4928917527456, 259.4928917527456, 259.4928917527456, 259.49308867374174, 259.49308867374174, 259.49308867374174, 259.49308867374174, 259.49308867374174, 259.49308867374174, 259.49308867374174, 259.49308867374174, 259.49308867374174, 259.49308867374174, 259.49308867374174, 259.49308867374174, 259.49308867374174, 259.49308867374174, 259.49308867374174, 259.49308867374174, 259.49308867374174, 259.49308867374174, 259.49308867374174, 259.49308867374174, 259.49308867374174, 259.49308867374174, 259.49308867374174, 259.49308867374174, 259.49308867374174, 259.49308867374174, 259.49308867374174, 259.49308867374174, 259.49308867374174, 259.49308867374174, 259.49308867374174, 259.49308867374174, 259.49308867374174, 259.49308867374174, 259.49308867374174, 262.606449478822, 262.606449478822, 262.61734407272615, 262.61734407272615, 262.61734407272615, 262.61734407272615, 262.61734407272615, 262.61739607065147, 262.61739607065147, 263.8406633363001, 263.8406633363001, 263.8406633363001, 263.85686105609375, 263.85686105609375, 263.85686105609375, 263.8781911234555, 265.0258154004743, 265.0258154004743, 265.0258154004743, 265.0258154004743, 265.0258154004743, 265.0258154004743, 265.0258154004743, 265.1016313870739, 265.1016313870739, 265.1016313870739, 265.1016313870739, 265.1016313870739, 265.1016313870739, 265.1016313870739, 265.1016313870739, 265.1016313870739, 265.1016313870739, 265.1016313870739, 265.1016313870739, 265.1016313870739, 265.1016313870739, 265.1016313870739, 265.1016313870739, 265.1016313870739, 265.1016313870739, 265.1016313870739, 265.1016313870739, 265.1016313870739, 265.1016313870739, 265.1016313870739, 265.1016313870739, 265.1016313870739, 265.1016313870739, 265.1016313870739, 265.1016313870739, 265.1016313870739, 265.1016313870739, 265.1016313870739, 265.1016313870739, 265.1016313870739, 265.1016313870739, 265.1016313870739, 265.1016313870739, 265.1016313870739, 265.1016313870739, 265.1016313870739, 265.1016313870739, 265.1016313870739, 265.1016313870739, 267.10493863775423, 267.10493863775423, 267.10493863775423, 267.10493863775423, 267.10493863775423, 267.10493863775423, 267.10493863775423, 267.10493863775423, 267.10493863775423, 267.10493863775423, 267.10493863775423, 267.10493863775423, 267.10493863775423, 267.10493863775423, 267.10493863775423, 267.10493863775423, 267.10493863775423, 267.10493863775423, 267.10493863775423, 267.10493863775423, 267.10493863775423, 267.10493863775423, 267.10493863775423, 267.10493863775423, 267.10493863775423]
Done!
