('generated stochastic delays:', [array([ 2, 11,  5, ...,  2,  3,  1])])
('opt_fidel_cost:', 1.1)
Running Experiment1: 
('total budget:', 600)
Auto Init: 
C: 20.469600578508693
nu: 20.469600578508693
Budget Remaining: 591.99208498
Number of MFHOO Instances: 1
Budget per MFHOO Instance:590.89208498
Running SOO number: 1 rho: 0.95 nu: 20.469600578508693
delay_type: DHOO
policy: UCBV
[0.9921875 0.2578125 0.4453125 0.9921875 0.4765625 0.0078125 0.0078125
 0.984375 ]
final iterations:54844439
final HOO number of nodes:581
final HOO height:53
final duration:590
final optimal value:296.100423 
time durations: [0.0008258819580078125, 4.006831884384155, 8.009449005126953, 8.010421991348267, 12.015289783477783, 16.021432876586914, 16.02212381362915, 16.02277898788452, 20.02651286125183, 24.032463788986206, 24.033442974090576, 28.041552782058716, 28.04222083091736, 32.05121183395386, 32.05188798904419, 36.061362981796265, 40.06739091873169, 44.07569479942322, 44.077372789382935, 44.078163862228394, 48.09855580329895, 48.099790811538696, 52.10886096954346, 56.11309194564819, 60.11851978302002, 60.11915683746338, 64.13010787963867, 64.13209199905396, 68.1384289264679, 68.13928890228271, 72.14147090911865, 72.14272093772888, 76.1533088684082, 76.15429878234863, 80.1595938205719, 80.16046094894409, 80.16141891479492, 84.17154288291931, 84.17270684242249, 88.18104887008667, 88.18193483352661, 88.18322396278381, 92.18994879722595, 92.1910138130188, 92.1922128200531, 96.20737981796265, 96.20849680900574, 100.21447491645813, 104.22054696083069, 104.2215268611908, 108.22846984863281, 108.22988080978394, 108.23087096214294, 112.25966095924377, 112.26131796836853, 112.26285791397095, 112.26426291465759, 116.29828596115112, 116.29997396469116, 120.30696082115173, 120.30891680717468, 124.32018399238586, 124.3215959072113, 128.33417677879333, 132.34252786636353, 132.3439269065857, 136.35190987586975, 140.36227798461914, 140.3643078804016, 144.36707997322083, 144.3686819076538, 148.37429285049438, 148.37578082084656, 152.38018894195557, 152.382169008255, 156.38811683654785, 156.39011979103088, 160.39528679847717, 164.40117192268372, 164.4028799533844, 168.42232489585876, 168.42447590827942, 172.43684101104736, 172.43870496749878, 176.4507999420166, 176.45256185531616, 180.45741987228394, 184.46517300605774, 184.46741390228271, 188.47288393974304, 188.47510600090027, 192.48729586601257, 192.4897539615631, 192.49170589447021, 196.5039598941803, 200.51021099090576, 200.5124797821045, 204.51933479309082, 204.52117395401, 208.53225779533386, 212.5363907814026, 212.53843784332275, 216.55854487419128, 220.56664896011353, 220.56819701194763, 220.57017993927002, 224.57697296142578, 224.57898497581482, 228.58784198760986, 232.59667587280273, 232.60018491744995, 232.60288000106812, 236.61400198936462, 236.61687994003296, 240.62352800369263, 244.62653589248657, 244.62920594215393, 248.6381299495697, 248.6416118144989, 252.6506769657135, 252.65289998054504, 252.65512585639954, 256.66873383522034, 256.67118287086487, 260.68651485443115, 260.68936586380005, 264.6980998516083, 264.70090079307556, 268.7104609012604, 268.71223187446594, 268.71501183509827, 272.72353887557983, 272.7258520126343, 272.728698015213, 276.74068093299866, 280.7514088153839, 280.75393199920654, 284.7616238594055, 284.7646358013153, 288.7715268135071, 288.774169921875, 292.7849688529968, 292.7876179218292, 296.8009738922119, 300.8078398704529, 300.8106269836426, 304.82366490364075, 308.83375883102417, 308.83662486076355, 312.8435468673706, 312.84634494781494, 316.85934495925903, 316.86502599716187, 316.8693997859955, 320.87300086021423, 320.8975508213043, 324.90725088119507, 324.9107418060303, 324.9148108959198, 328.9267349243164, 328.9302189350128, 332.9416148662567, 332.95203280448914, 332.959303855896, 336.96871280670166, 336.9719707965851, 340.98448300361633, 340.9878468513489, 345.00499200820923, 349.0265939235687, 349.0298948287964, 353.03821778297424, 353.04128193855286, 353.04490089416504, 357.0628387928009, 357.0660238265991, 361.07944083213806, 361.08249378204346, 365.0953879356384, 369.1060538291931, 369.10936284065247, 369.1128628253937, 373.1334300041199, 373.1368319988251, 377.1476249694824, 377.1513018608093, 381.16263484954834, 385.1708059310913, 385.1752429008484, 389.187371969223, 389.19299578666687, 393.20408391952515, 393.2074158191681, 397.21723794937134, 397.2216079235077, 397.22550201416016, 401.23719096183777, 401.2412669658661, 401.244863986969, 405.25641679763794, 405.26206493377686, 409.2869818210602, 413.29643297195435, 413.3003089427948, 417.31323885917664, 417.3185439109802, 421.33543395996094, 421.33955788612366, 425.34859681129456, 425.35445499420166, 429.36678099632263, 429.37301993370056, 433.3849239349365, 433.38993787765503, 433.39390993118286, 437.41007900238037, 437.41436290740967, 441.43253993988037, 441.4375228881836, 445.44926285743713, 445.45323181152344, 449.4774839878082, 449.48179483413696, 453.5040338039398, 453.508003950119, 457.5177128314972, 457.52182483673096, 461.53571701049805, 461.54128098487854, 465.55942487716675, 465.5633099079132, 469.5735077857971, 469.57834100723267, 473.5934817790985, 473.5984468460083, 477.6141757965088, 477.61916995048523, 477.6232719421387, 481.6311728954315, 485.6535699367523, 485.6595618724823, 485.6653609275818, 489.66344380378723, 489.6814730167389, 489.68767499923706, 493.7182288169861, 493.7247498035431, 497.7489218711853, 497.75429582595825, 501.7607629299164, 501.7661588191986, 505.77684688568115, 505.7816460132599, 505.7861359119415, 509.80045795440674, 509.8045039176941, 513.8188519477844, 517.8252468109131, 517.8303279876709, 521.8488719463348, 521.8559429645538, 525.871691942215, 525.8769979476929, 529.8879718780518, 529.8936688899994, 533.907497882843, 533.9144048690796, 537.9280118942261, 537.9351949691772, 541.946047782898, 541.9511759281158, 545.9665379524231, 545.9733018875122, 549.9934358596802, 550.0015490055084, 554.0143399238586, 554.0208048820496, 558.0321929454803, 558.0381298065186, 562.0489540100098, 566.0646498203278, 566.0694868564606, 570.0805208683014, 570.0879189968109, 574.10990691185, 574.115395784378, 578.127151966095, 582.1332709789276, 582.1404259204865, 586.1490499973297, 586.1562559604645, 590.171306848526]
noisy values: [56.41319345295263, 59.962338364486115, 59.962338364486115, 59.962338364486115, 94.53204731537316, 95.64698050257498, 95.64698050257498, 95.64698050257498, 97.62665068019264, 97.62665068019264, 97.62665068019264, 108.73690134650317, 108.73690134650317, 108.73690134650317, 108.73690134650317, 108.73690134650317, 109.8126016291323, 120.80759848259173, 120.80759848259173, 120.80759848259173, 135.13834189139047, 135.13834189139047, 164.37486792633, 165.6466711026842, 166.73501923563995, 166.73501923563995, 174.959281246895, 174.959281246895, 174.959281246895, 174.959281246895, 174.9597293146094, 174.9597293146094, 175.95552490153784, 175.95552490153784, 184.1997324865923, 184.1997324865923, 184.1997324865923, 184.1997324865923, 184.1997324865923, 195.4372847900182, 195.4372847900182, 195.4372847900182, 195.4372847900182, 195.4372847900182, 195.4372847900182, 195.4372847900182, 195.4372847900182, 195.91393518346726, 201.50730561473645, 201.50730561473645, 221.01190599110868, 221.01190599110868, 221.01190599110868, 222.0364542992873, 222.0364542992873, 222.0364542992873, 222.0364542992873, 223.84430267759728, 223.84430267759728, 223.84430267759728, 223.84430267759728, 223.84430267759728, 223.84430267759728, 223.84430267759728, 229.02222544370372, 229.02222544370372, 229.96017478803975, 229.96017478803975, 229.96017478803975, 229.96017478803975, 229.96017478803975, 229.96017478803975, 229.96017478803975, 230.82062596220817, 230.82062596220817, 236.03415869474745, 236.03415869474745, 236.03415869474745, 236.03415869474745, 236.03415869474745, 236.03415869474745, 236.03415869474745, 243.8166176375245, 243.8166176375245, 247.31296745291692, 247.31296745291692, 247.31296745291692, 247.31296745291692, 247.31296745291692, 247.31296745291692, 247.31296745291692, 247.31296745291692, 258.72443983070946, 258.72443983070946, 258.72443983070946, 258.72443983070946, 258.72443983070946, 258.72443983070946, 258.72443983070946, 259.4193799518079, 260.04693124919686, 260.04693124919686, 263.1174903743543, 263.1174903743543, 263.1174903743543, 263.1174903743543, 263.7614873319401, 263.7614873319401, 263.7614873319401, 266.79034828786973, 266.79034828786973, 266.79034828786973, 266.79034828786973, 266.79034828786973, 266.79034828786973, 266.79034828786973, 266.79034828786973, 271.36395389810025, 271.36395389810025, 273.4059391773864, 273.4059391773864, 273.4059391773864, 273.4059391773864, 273.4059391773864, 273.4059391773864, 273.4059391773864, 273.4059391773864, 273.4059391773864, 273.4059391773864, 273.4059391773864, 273.4059391773864, 279.6606359165618, 279.6606359165618, 279.6606359165618, 279.6606359165618, 279.984615215809, 279.984615215809, 280.42673738367654, 280.42673738367654, 280.42673738367654, 280.42673738367654, 280.42673738367654, 280.42673738367654, 280.42673738367654, 280.42673738367654, 280.42673738367654, 280.42673738367654, 280.42673738367654, 280.42673738367654, 280.42673738367654, 280.42673738367654, 280.54887921817055, 280.54887921817055, 280.5489626332167, 280.5489626332167, 280.5489626332167, 280.5489626332167, 280.5489626332167, 280.5489626332167, 280.5489626332167, 280.5489626332167, 280.5892852505369, 280.5892852505369, 280.5892852505369, 282.31855635193233, 282.31855635193233, 282.71843025263115, 282.71843025263115, 282.71954279501335, 283.1396775616585, 283.1396775616585, 284.73679215712326, 284.73679215712326, 284.73679215712326, 284.73687512748484, 284.73687512748484, 284.73687512748484, 284.73687512748484, 284.73687512748484, 284.73687512748484, 284.73687512748484, 284.73687512748484, 284.73687512748484, 284.73687512748484, 284.73687512748484, 284.73687512748484, 284.81631213173193, 284.81631213173193, 284.81631213173193, 285.8171594975296, 285.8171594975296, 285.8171594975296, 285.8171594975296, 287.3395290768567, 287.3395290768567, 287.3395290768567, 287.3395290768567, 287.3395290768567, 287.3395290768567, 288.3986664780741, 288.3986664780741, 288.3986664780741, 288.3986664780741, 288.3986664780741, 288.3986664780741, 288.3986664780741, 288.3986664780741, 288.3986664780741, 288.3986664780741, 288.3986664780741, 288.479967704748, 288.479967704748, 291.79924492510463, 291.79924492510463, 291.79924492510463, 291.79924492510463, 291.79924492510463, 291.79924492510463, 291.79924492510463, 291.79924492510463, 291.79924492510463, 291.79924492510463, 291.79924492510463, 291.79924492510463, 291.79924492510463, 291.79924492510463, 291.79924492510463, 291.79924492510463, 291.79924492510463, 291.79924492510463, 291.79924492510463, 291.79924492510463, 291.79924492510463, 291.79924492510463, 291.79924492510463, 291.79924492510463, 291.79924492510463, 291.79924492510463, 291.79924492510463, 291.79924492510463, 291.79924492510463, 291.79924492510463, 291.79924492510463, 292.1130860007504, 292.1130860007504, 292.40044386272007, 292.40044386272007, 292.40044386272007, 292.40044386272007, 292.40044386272007, 292.40044386272007, 292.40044386272007, 292.40044386272007, 292.40044386272007, 292.65091136500246, 292.65091136500246, 292.65091136500246, 292.65091136500246, 292.65091136500246, 292.65091136500246, 292.65091136500246, 292.65091136500246, 292.65091136500246, 292.65091136500246, 292.65091136500246, 292.65091136500246, 293.5861589202106, 293.5861589202106, 293.5861589202106, 293.5861589202106, 293.5861589202106, 293.5861589202106, 293.5861589202106, 293.5861589202106, 293.5861589202106, 293.6087325620948, 293.6087325620948, 293.6087325620948, 293.6087325620948, 293.6087325620948, 293.853500762589, 293.853500762589, 294.72389911207836, 294.72389911207836, 294.72389911207836, 294.72389911207836, 294.74670852268594, 294.74670852268594, 294.74670852268594, 294.74670852268594, 296.1004232873904, 296.1004232873904]
data points:
values: [70.87291263681897, 70.87291263681897, 74.39645309951365, 74.39645309951365, 115.89303989857751, 115.89303989857751, 115.94985205077386, 115.94985205077386, 115.94985205077386, 115.94997398170983, 115.94997398170983, 115.94997398170983, 127.94479887636948, 127.94479887636948, 127.94479887636948, 127.94479887636948, 127.94479887636948, 128.07938742337058, 139.74108478157498, 139.74108478157498, 155.10243539349992, 155.10243539349992, 187.27489084682318, 187.27489084682318, 187.4183227305314, 187.41811049069003, 187.41811049069003, 195.4503152260053, 195.4503152260053, 195.4503152260053, 195.4503152260053, 195.45072277982257, 195.45072277982257, 195.4188351658438, 195.4188351658438, 203.44974620005652, 203.44974620005652, 203.44974620005652, 203.44974620005652, 214.73963926899222, 214.73963926899222, 214.73963926899222, 214.73963926899222, 214.73963926899222, 214.73963926899222, 214.73963926899222, 214.73963926899222, 214.73963926899222, 215.26336731489735, 220.32117832042405, 240.52405261542998, 240.52405261542998, 240.52405261542998, 240.52405261542998, 240.5770717800165, 240.5770717800165, 240.5770717800165, 240.5770717800165, 240.5772014053902, 240.5772014053902, 240.5772014053902, 240.5772014053902, 240.5772014053902, 240.5772014053902, 240.5772014053902, 245.22563917722727, 245.22563917722727, 245.361976180514, 245.361976180514, 245.361976180514, 245.361976180514, 245.361976180514, 245.361976180514, 245.361976180514, 245.45805579220252, 245.45805579220252, 250.20885687205163, 250.20885687205163, 250.20885687205163, 250.20885687205163, 250.20885687205163, 250.20885687205163, 257.6849467459919, 257.6849467459919, 257.6849467459919, 260.63891470768294, 260.63891470768294, 260.63891470768294, 260.63891470768294, 260.63891470768294, 260.63891470768294, 260.63891470768294, 271.9326601223856, 271.9326601223856, 271.9326601223856, 271.9326601223856, 271.9326601223856, 271.9326601223856, 271.9326601223856, 271.9326601223856, 271.9688562177501, 271.96893060983325, 271.96893060983325, 274.550914128281, 274.550914128281, 274.550914128281, 274.550914128281, 274.6262191919241, 274.6262191919241, 274.6262191919241, 277.2089109084626, 277.2089109084626, 277.2089109084626, 277.2089109084626, 277.2089109084626, 277.2089109084626, 277.2089109084626, 281.41164977254823, 281.41164977254823, 281.41164977254823, 283.00530770262645, 283.00530770262645, 283.00530770262645, 283.00530770262645, 283.00530770262645, 283.00530770262645, 283.00530770262645, 283.00530770262645, 283.00530770262645, 283.00530770262645, 283.00530770262645, 288.9723188994426, 288.9723188994426, 288.9723188994426, 288.9723188994426, 288.9723188994426, 288.82624086629124, 288.82624086629124, 288.82628065450876, 288.82628065450876, 288.82628065450876, 288.82628065450876, 288.82628065450876, 288.82628065450876, 288.82628065450876, 288.82628065450876, 288.82628065450876, 288.82628065450876, 288.82628065450876, 288.82628065450876, 288.82628065450876, 288.82628065450876, 288.9520882177796, 288.95216939445174, 288.95216939445174, 288.95216939445174, 288.95216939445174, 288.95216939445174, 288.95216939445174, 288.95216939445174, 288.95216939445174, 288.95216939445174, 288.9936974158246, 288.9936974158246, 288.9936974158246, 290.3399413478859, 290.3399413478859, 290.3387159525453, 290.3387159525453, 290.3398605518316, 290.3799797884775, 290.3799797884775, 291.64504506374044, 291.64504506374044, 291.64504506374044, 291.64512621157843, 291.64512621157843, 291.64512621157843, 291.64512621157843, 291.64512621157843, 291.64512621157843, 291.64512621157843, 291.64512621157843, 291.64512621157843, 291.64512621157843, 291.64512621157843, 291.64512621157843, 291.72649056330835, 291.72649056330835, 291.72649056330835, 292.0607429494728, 292.0607429494728, 292.0607429494728, 292.0607429494728, 293.95433647205886, 293.95433647205886, 293.95433647205886, 293.95433647205886, 293.95433647205886, 293.95433647205886, 294.69864558896717, 294.69864558896717, 294.69864558896717, 294.69864558896717, 294.69864558896717, 294.69864558896717, 294.69864558896717, 294.69864558896717, 294.69864558896717, 294.69864558896717, 294.69864558896717, 294.78172286924894, 297.8481904289156, 297.8481904289156, 297.8481904289156, 297.8481904289156, 297.8481904289156, 297.8481904289156, 297.8481904289156, 297.8481904289156, 297.8481904289156, 297.8481904289156, 297.8481904289156, 297.8481904289156, 297.8481904289156, 297.8481904289156, 297.8481904289156, 297.8481904289156, 297.8481904289156, 297.8481904289156, 297.8481904289156, 297.8481904289156, 297.8481904289156, 297.8481904289156, 297.8481904289156, 297.8481904289156, 297.8481904289156, 297.8481904289156, 297.8481904289156, 297.8481904289156, 297.8481904289156, 297.8481904289156, 297.8481904289156, 297.8481904289156, 297.85980793141124, 297.85980793141124, 297.8598293250576, 297.8598293250576, 297.8598293250576, 297.8598293250576, 297.8598293250576, 297.8598293250576, 297.8598293250576, 297.8598293250576, 297.8598293250576, 297.83692959486683, 297.83692959486683, 297.83692959486683, 297.83692959486683, 297.83692959486683, 297.83692959486683, 297.83692959486683, 297.83692959486683, 297.83692959486683, 297.83692959486683, 297.83692959486683, 297.83692959486683, 298.52424558623954, 298.52424558623954, 298.52424558623954, 298.52424558623954, 298.52424558623954, 298.52424558623954, 298.52424558623954, 298.52424558623954, 298.52424558623954, 298.54719816196155, 298.54719816196155, 298.54719816196155, 298.54719816196155, 298.54719816196155, 298.54501074669184, 298.54501074669184, 299.19046953737615, 299.19046953737615, 299.19046953737615, 299.19046953737615, 299.21362266623095, 299.21362266623095, 299.21362266623095, 299.21362266623095, 300.3602554183245]
real values1: [70.87291263681897, 74.39645309951365, 74.39645309951365, 74.39645309951365, 115.89303989857751, 115.94985205077386, 115.94985205077386, 115.94985205077386, 115.94997398170983, 115.94997398170983, 115.94997398170983, 127.94479887636948, 127.94479887636948, 127.94479887636948, 127.94479887636948, 127.94479887636948, 128.07938742337058, 139.74108478157498, 139.74108478157498, 139.74108478157498, 155.10243539349992, 155.10243539349992, 187.27489084682318, 187.4183227305314, 187.41811049069003, 187.41811049069003, 195.4503152260053, 195.4503152260053, 195.4503152260053, 195.4503152260053, 195.45072277982257, 195.45072277982257, 195.4188351658438, 195.4188351658438, 203.44974620005652, 203.44974620005652, 203.44974620005652, 203.44974620005652, 203.44974620005652, 214.73963926899222, 214.73963926899222, 214.73963926899222, 214.73963926899222, 214.73963926899222, 214.73963926899222, 214.73963926899222, 214.73963926899222, 215.26336731489735, 220.32117832042405, 220.32117832042405, 240.52405261542998, 240.52405261542998, 240.52405261542998, 240.5770717800165, 240.5770717800165, 240.5770717800165, 240.5770717800165, 240.5772014053902, 240.5772014053902, 240.5772014053902, 240.5772014053902, 240.5772014053902, 240.5772014053902, 240.5772014053902, 245.22563917722727, 245.22563917722727, 245.361976180514, 245.361976180514, 245.361976180514, 245.361976180514, 245.361976180514, 245.361976180514, 245.361976180514, 245.45805579220252, 245.45805579220252, 250.20885687205163, 250.20885687205163, 250.20885687205163, 250.20885687205163, 250.20885687205163, 250.20885687205163, 250.20885687205163, 257.6849467459919, 257.6849467459919, 260.63891470768294, 260.63891470768294, 260.63891470768294, 260.63891470768294, 260.63891470768294, 260.63891470768294, 260.63891470768294, 260.63891470768294, 271.9326601223856, 271.9326601223856, 271.9326601223856, 271.9326601223856, 271.9326601223856, 271.9326601223856, 271.9326601223856, 271.9688562177501, 271.96893060983325, 271.96893060983325, 274.550914128281, 274.550914128281, 274.550914128281, 274.550914128281, 274.6262191919241, 274.6262191919241, 274.6262191919241, 277.2089109084626, 277.2089109084626, 277.2089109084626, 277.2089109084626, 277.2089109084626, 277.2089109084626, 277.2089109084626, 277.2089109084626, 281.41164977254823, 281.41164977254823, 283.00530770262645, 283.00530770262645, 283.00530770262645, 283.00530770262645, 283.00530770262645, 283.00530770262645, 283.00530770262645, 283.00530770262645, 283.00530770262645, 283.00530770262645, 283.00530770262645, 283.00530770262645, 288.9723188994426, 288.9723188994426, 288.9723188994426, 288.9723188994426, 288.82624086629124, 288.82624086629124, 288.82628065450876, 288.82628065450876, 288.82628065450876, 288.82628065450876, 288.82628065450876, 288.82628065450876, 288.82628065450876, 288.82628065450876, 288.82628065450876, 288.82628065450876, 288.82628065450876, 288.82628065450876, 288.82628065450876, 288.82628065450876, 288.9520882177796, 288.9520882177796, 288.95216939445174, 288.95216939445174, 288.95216939445174, 288.95216939445174, 288.95216939445174, 288.95216939445174, 288.95216939445174, 288.95216939445174, 288.9936974158246, 288.9936974158246, 288.9936974158246, 290.3399413478859, 290.3399413478859, 290.3387159525453, 290.3387159525453, 290.3398605518316, 290.3799797884775, 290.3799797884775, 291.64504506374044, 291.64504506374044, 291.64504506374044, 291.64512621157843, 291.64512621157843, 291.64512621157843, 291.64512621157843, 291.64512621157843, 291.64512621157843, 291.64512621157843, 291.64512621157843, 291.64512621157843, 291.64512621157843, 291.64512621157843, 291.64512621157843, 291.72649056330835, 291.72649056330835, 291.72649056330835, 292.0607429494728, 292.0607429494728, 292.0607429494728, 292.0607429494728, 293.95433647205886, 293.95433647205886, 293.95433647205886, 293.95433647205886, 293.95433647205886, 293.95433647205886, 294.69864558896717, 294.69864558896717, 294.69864558896717, 294.69864558896717, 294.69864558896717, 294.69864558896717, 294.69864558896717, 294.69864558896717, 294.69864558896717, 294.69864558896717, 294.69864558896717, 294.78172286924894, 294.78172286924894, 297.8481904289156, 297.8481904289156, 297.8481904289156, 297.8481904289156, 297.8481904289156, 297.8481904289156, 297.8481904289156, 297.8481904289156, 297.8481904289156, 297.8481904289156, 297.8481904289156, 297.8481904289156, 297.8481904289156, 297.8481904289156, 297.8481904289156, 297.8481904289156, 297.8481904289156, 297.8481904289156, 297.8481904289156, 297.8481904289156, 297.8481904289156, 297.8481904289156, 297.8481904289156, 297.8481904289156, 297.8481904289156, 297.8481904289156, 297.8481904289156, 297.8481904289156, 297.8481904289156, 297.8481904289156, 297.8481904289156, 297.85980793141124, 297.85980793141124, 297.8598293250576, 297.8598293250576, 297.8598293250576, 297.8598293250576, 297.8598293250576, 297.8598293250576, 297.8598293250576, 297.8598293250576, 297.8598293250576, 297.83692959486683, 297.83692959486683, 297.83692959486683, 297.83692959486683, 297.83692959486683, 297.83692959486683, 297.83692959486683, 297.83692959486683, 297.83692959486683, 297.83692959486683, 297.83692959486683, 297.83692959486683, 298.52424558623954, 298.52424558623954, 298.52424558623954, 298.52424558623954, 298.52424558623954, 298.52424558623954, 298.52424558623954, 298.52424558623954, 298.52424558623954, 298.54719816196155, 298.54719816196155, 298.54719816196155, 298.54719816196155, 298.54719816196155, 298.54501074669184, 298.54501074669184, 299.19046953737615, 299.19046953737615, 299.19046953737615, 299.19046953737615, 299.21362266623095, 299.21362266623095, 299.21362266623095, 299.21362266623095, 300.3602554183245, 300.3602554183245]
real values2: [70.87291263681897, 74.39645309951365, 74.39645309951365, 74.39645309951365, 115.89303989857751, 115.94985205077386, 115.94985205077386, 115.94985205077386, 115.94997398170983, 115.94997398170983, 115.94997398170983, 127.94479887636948, 127.94479887636948, 127.94479887636948, 127.94479887636948, 127.94479887636948, 128.07938742337058, 139.74108478157498, 139.74108478157498, 139.74108478157498, 155.10243539349992, 155.10243539349992, 187.27489084682318, 187.4183227305314, 187.41811049069003, 187.41811049069003, 195.4503152260053, 195.4503152260053, 195.4503152260053, 195.4503152260053, 195.45072277982257, 195.45072277982257, 195.4188351658438, 195.4188351658438, 203.44974620005652, 203.44974620005652, 203.44974620005652, 203.44974620005652, 203.44974620005652, 214.73963926899222, 214.73963926899222, 214.73963926899222, 214.73963926899222, 214.73963926899222, 214.73963926899222, 214.73963926899222, 214.73963926899222, 215.26336731489735, 220.32117832042405, 220.32117832042405, 240.52405261542998, 240.52405261542998, 240.52405261542998, 240.5770717800165, 240.5770717800165, 240.5770717800165, 240.5770717800165, 240.5772014053902, 240.5772014053902, 240.5772014053902, 240.5772014053902, 240.5772014053902, 240.5772014053902, 240.5772014053902, 245.22563917722727, 245.22563917722727, 245.361976180514, 245.361976180514, 245.361976180514, 245.361976180514, 245.361976180514, 245.361976180514, 245.361976180514, 245.45805579220252, 245.45805579220252, 250.20885687205163, 250.20885687205163, 250.20885687205163, 250.20885687205163, 250.20885687205163, 250.20885687205163, 250.20885687205163, 257.6849467459919, 257.6849467459919, 260.63891470768294, 260.63891470768294, 260.63891470768294, 260.63891470768294, 260.63891470768294, 260.63891470768294, 260.63891470768294, 271.9326601223856, 271.9326601223856, 271.9326601223856, 271.9326601223856, 271.9326601223856, 271.9326601223856, 271.9326601223856, 271.9326601223856, 271.9688562177501, 271.96893060983325, 271.96893060983325, 274.550914128281, 274.550914128281, 274.550914128281, 274.550914128281, 274.6262191919241, 274.6262191919241, 274.6262191919241, 277.2089109084626, 277.2089109084626, 277.2089109084626, 277.2089109084626, 277.2089109084626, 277.2089109084626, 277.2089109084626, 277.2089109084626, 281.41164977254823, 281.41164977254823, 283.00530770262645, 283.00530770262645, 283.00530770262645, 283.00530770262645, 283.00530770262645, 283.00530770262645, 283.00530770262645, 283.00530770262645, 283.00530770262645, 283.00530770262645, 283.00530770262645, 283.00530770262645, 288.9723188994426, 288.9723188994426, 288.9723188994426, 288.9723188994426, 288.82624086629124, 288.82624086629124, 288.82628065450876, 288.82628065450876, 288.82628065450876, 288.82628065450876, 288.82628065450876, 288.82628065450876, 288.82628065450876, 288.82628065450876, 288.82628065450876, 288.82628065450876, 288.82628065450876, 288.82628065450876, 288.82628065450876, 288.82628065450876, 288.9520882177796, 288.95216939445174, 288.95216939445174, 288.95216939445174, 288.95216939445174, 288.95216939445174, 288.95216939445174, 288.95216939445174, 288.95216939445174, 288.95216939445174, 288.9936974158246, 288.9936974158246, 288.9936974158246, 290.3399413478859, 290.3399413478859, 290.3387159525453, 290.3387159525453, 290.3398605518316, 290.3799797884775, 290.3799797884775, 291.64504506374044, 291.64504506374044, 291.64504506374044, 291.64512621157843, 291.64512621157843, 291.64512621157843, 291.64512621157843, 291.64512621157843, 291.64512621157843, 291.64512621157843, 291.64512621157843, 291.64512621157843, 291.64512621157843, 291.64512621157843, 291.64512621157843, 291.72649056330835, 291.72649056330835, 291.72649056330835, 292.0607429494728, 292.0607429494728, 292.0607429494728, 292.0607429494728, 293.95433647205886, 293.95433647205886, 293.95433647205886, 293.95433647205886, 293.95433647205886, 293.95433647205886, 294.69864558896717, 294.69864558896717, 294.69864558896717, 294.69864558896717, 294.69864558896717, 294.69864558896717, 294.69864558896717, 294.69864558896717, 294.69864558896717, 294.69864558896717, 294.69864558896717, 294.78172286924894, 294.78172286924894, 297.8481904289156, 297.8481904289156, 297.8481904289156, 297.8481904289156, 297.8481904289156, 297.8481904289156, 297.8481904289156, 297.8481904289156, 297.8481904289156, 297.8481904289156, 297.8481904289156, 297.8481904289156, 297.8481904289156, 297.8481904289156, 297.8481904289156, 297.8481904289156, 297.8481904289156, 297.8481904289156, 297.8481904289156, 297.8481904289156, 297.8481904289156, 297.8481904289156, 297.8481904289156, 297.8481904289156, 297.8481904289156, 297.8481904289156, 297.8481904289156, 297.8481904289156, 297.8481904289156, 297.8481904289156, 297.8481904289156, 297.85980793141124, 297.85980793141124, 297.8598293250576, 297.8598293250576, 297.8598293250576, 297.8598293250576, 297.8598293250576, 297.8598293250576, 297.8598293250576, 297.8598293250576, 297.8598293250576, 297.83692959486683, 297.83692959486683, 297.83692959486683, 297.83692959486683, 297.83692959486683, 297.83692959486683, 297.83692959486683, 297.83692959486683, 297.83692959486683, 297.83692959486683, 297.83692959486683, 297.83692959486683, 298.52424558623954, 298.52424558623954, 298.52424558623954, 298.52424558623954, 298.52424558623954, 298.52424558623954, 298.52424558623954, 298.52424558623954, 298.52424558623954, 298.54719816196155, 298.54719816196155, 298.54719816196155, 298.54719816196155, 298.54719816196155, 298.54501074669184, 298.54501074669184, 299.19046953737615, 299.19046953737615, 299.19046953737615, 299.19046953737615, 299.21362266623095, 299.21362266623095, 299.21362266623095, 299.21362266623095, 300.3602554183245, 300.3602554183245]
Done!
