('generated stochastic delays:', [array([ 2, 11,  5, ...,  2,  3,  1])])
('opt_fidel_cost:', 1.1)
Running Experiment1: 
('total budget:', 600)
Auto Init: 
C: 20.469600578508693
nu: 20.469600578508693
Budget Remaining: 591.991279125
Number of MFHOO Instances: 1
Budget per MFHOO Instance:590.891279125
Running SOO number: 1 rho: 0.95 nu: 20.469600578508693
delay_type: DHOO
policy: UCBV
[0.984375 0.515625 0.859375 0.96875  0.65625  0.03125  0.03125  0.96875 ]
final iterations:79746855
final HOO number of nodes:552
final HOO height:38
final duration:590
final optimal value:280.353088 
time durations: [0.0011091232299804688, 4.0068511962890625, 8.008918046951294, 12.014214038848877, 16.02065420150757, 16.021964073181152, 20.02702498435974, 20.027477025985718, 24.05410599708557, 24.05608606338501, 28.05833911895752, 28.05890202522278, 28.059919118881226, 32.06809711456299, 36.07089400291443, 36.071582078933716, 40.095592975616455, 40.09683918952942, 40.09744715690613, 44.10144114494324, 44.10200810432434, 48.11033010482788, 48.111032009124756, 52.11761713027954, 52.11860513687134, 56.12692403793335, 60.13240313529968, 64.13839101791382, 64.13916206359863, 64.14006614685059, 68.15626502037048, 68.15715312957764, 72.16331815719604, 72.16413712501526, 76.17319011688232, 76.1746621131897, 80.17985701560974, 80.18088102340698, 84.18654298782349, 88.19326615333557, 88.19468402862549, 92.20185708999634, 96.2098000049591, 96.21125197410583, 100.21637511253357, 100.21746015548706, 100.2185320854187, 100.21984505653381, 104.23547601699829, 108.24371910095215, 108.24474811553955, 108.24575805664062, 112.2659239768982, 116.27762007713318, 116.27888107299805, 120.28559017181396, 124.28949499130249, 124.29131817817688, 128.29747104644775, 132.30677008628845, 132.30830216407776, 136.31633806228638, 136.3178219795227, 140.341735124588, 144.34983801841736, 144.3516891002655, 148.35472917556763, 148.3563220500946, 152.36132407188416, 152.362713098526, 156.37453699111938, 156.3764410018921, 160.38815712928772, 160.38990902900696, 164.39823007583618, 164.399827003479, 168.40594506263733, 168.40760397911072, 172.41928815841675, 172.42159914970398, 176.44059300422668, 176.44244503974915, 180.4597020149231, 180.46149015426636, 184.47226905822754, 188.47983598709106, 188.4817111492157, 192.49057912826538, 196.4962751865387, 196.49935817718506, 200.51064896583557, 200.5128960609436, 204.5227551460266, 208.52855110168457, 208.53119611740112, 212.54790902137756, 212.54988718032837, 216.57610511779785, 216.57845997810364, 220.59437918663025, 220.59718108177185, 224.61259698867798, 228.61942219734192, 228.62180709838867, 232.63113713264465, 232.6330270767212, 236.65999007225037, 236.66257214546204, 240.67699217796326, 240.67901015281677, 244.68484497070312, 244.68788599967957, 248.69597601890564, 252.70701599121094, 252.70971417427063, 256.7176480293274, 260.7226769924164, 260.7252941131592, 264.7419719696045, 264.7441940307617, 264.74643206596375, 268.76026010513306, 268.76271319389343, 272.77655601501465, 276.78468108177185, 276.78669714927673, 280.80227613449097, 280.8046271800995, 284.8196041584015, 284.82288908958435, 288.83124804496765, 288.83401107788086, 288.8364419937134, 292.8418800830841, 292.84481501579285, 296.8683931827545, 296.8711130619049, 300.88794016838074, 300.8904221057892, 304.916118144989, 304.9186010360718, 308.9301030635834, 312.937224149704, 312.940612077713, 316.9544360637665, 316.95726108551025, 316.9600691795349, 320.99457716941833, 320.9978380203247, 325.0158100128174, 325.0193021297455, 329.0278379917145, 329.0314540863037, 329.03447103500366, 333.05830097198486, 333.061261177063, 337.09350299835205, 337.0966069698334, 341.1143171787262, 345.12375712394714, 345.12685203552246, 345.13034415245056, 349.14914107322693, 353.16245317459106, 353.1654670238495, 357.1782901287079, 361.196298122406, 361.19939517974854, 365.21979212760925, 369.2344300746918, 369.23757219314575, 373.26195216178894, 373.2655460834503, 377.29311203956604, 377.2965271472931, 381.32105112075806, 385.3356590270996, 385.3392310142517, 389.35741806030273, 389.36139607429504, 393.37141704559326, 393.37504601478577, 397.40487813949585, 401.4147570133209, 405.42696809768677, 405.4304521083832, 409.44708013534546, 409.4509561061859, 413.46523809432983, 413.46913409233093, 417.4954161643982, 421.5055720806122, 421.50973200798035, 425.53110814094543, 425.53453302383423, 429.56399607658386, 433.5763649940491, 433.57953119277954, 437.5931441783905, 441.6096041202545, 441.6122260093689, 445.65999817848206, 449.6805830001831, 449.6845600605011, 453.70685505867004, 453.7103340625763, 457.72636103630066, 457.7305979728699, 457.7343530654907, 461.75681805610657, 461.76065611839294, 465.7743501663208, 465.77809715270996, 469.7922110557556, 469.7965741157532, 473.8265461921692, 473.83024311065674, 477.8460371494293, 477.8502550125122, 481.865816116333, 481.87056517601013, 481.874773979187, 481.8793921470642, 485.89445304870605, 485.89887714385986, 485.9027910232544, 489.9186460971832, 489.9230670928955, 493.95926117897034, 493.9638659954071, 493.9681541919708, 497.9879779815674, 497.99256205558777, 497.9970371723175, 498.00139117240906, 502.0291910171509, 502.03349208831787, 506.05581998825073, 506.06000113487244, 510.07455801963806, 510.078684091568, 514.11013007164, 518.1245720386505, 518.1290671825409, 522.1532020568848, 526.168249130249, 526.1734981536865, 530.2094039916992, 530.2140130996704, 534.2282040119171, 534.2327020168304, 534.237802028656, 538.2581629753113, 538.2629880905151, 542.2878940105438, 546.3068101406097, 546.3113579750061, 550.3313620090485, 550.3366739749908, 554.3522071838379, 554.3571419715881, 558.3759970664978, 558.3814511299133, 562.3939001560211, 562.3986330032349, 566.4421701431274, 566.446878194809, 570.4728810787201, 570.4784209728241, 574.492350101471, 574.4972500801086, 578.5196220874786, 578.5253381729126, 582.540696144104, 582.5454139709473, 586.5651581287384, 590.5865111351013, 590.591295003891]
noisy values: [56.41319345295263, 59.962338364486115, 94.53204731537316, 95.64698050257498, 96.66226524327068, 96.66226524327068, 107.72595937124706, 107.72595937124706, 107.72595937124706, 107.72595937124706, 107.72595937124706, 107.72595937124706, 107.72595937124706, 107.72595937124706, 107.72595937124706, 107.72595937124706, 108.77774130116396, 108.77774130116396, 108.77774130116396, 120.02648261346698, 120.02648261346698, 120.02648261346698, 120.02648261346698, 120.02648261346698, 120.02648261346698, 120.02648261346698, 133.952617120624, 162.9713014737593, 162.9713014737593, 162.9713014737593, 162.9713014737593, 162.9713014737593, 162.9713014737593, 162.9713014737593, 162.9713014737593, 162.9713014737593, 163.55844305805493, 163.55844305805493, 163.55844305805493, 163.55844305805493, 163.55844305805493, 164.79148661075047, 165.8932154474782, 165.8932154474782, 174.13955153784576, 174.13955153784576, 174.13955153784576, 174.13955153784576, 175.26881838084932, 175.26881838084932, 175.26881838084932, 175.26881838084932, 175.26881838084932, 175.3311536817341, 175.3311536817341, 175.3311536817341, 175.3311536817341, 175.3311536817341, 177.14539620366406, 185.38901833561215, 185.38901833561215, 197.13656016488147, 197.13656016488147, 197.13656016488147, 197.4129415803528, 197.4129415803528, 203.00743457344865, 203.00743457344865, 203.00743457344865, 203.00743457344865, 203.00743457344865, 203.00743457344865, 212.0947949406733, 212.0947949406733, 212.0947949406733, 212.0947949406733, 212.0947949406733, 212.0947949406733, 222.30734298635258, 222.30734298635258, 222.65443759374438, 222.65443759374438, 222.65443759374438, 222.65443759374438, 223.26011891615164, 224.14204927631232, 224.14204927631232, 229.42019328821982, 229.42019328821982, 229.42019328821982, 229.42019328821982, 229.42019328821982, 229.42019328821982, 229.42019328821982, 229.42019328821982, 230.32965012668345, 230.32965012668345, 235.57389469308777, 235.57389469308777, 235.57389469308777, 235.57389469308777, 235.57389469308777, 235.57389469308777, 235.57389469308777, 243.11560494365364, 243.11560494365364, 243.11560494365364, 243.11560494365364, 243.11560494365364, 243.11560494365364, 243.11560494365364, 243.11560494365364, 243.11560494365364, 243.11560494365364, 243.11560494365364, 243.39058823870016, 243.39058823870016, 243.39058823870016, 246.69712299386927, 246.69712299386927, 246.69712299386927, 246.69712299386927, 246.69712299386927, 246.69712299386927, 246.69712299386927, 246.69712299386927, 246.69712299386927, 246.69712299386927, 246.9236206460129, 246.9236206460129, 246.9236206460129, 246.9236206460129, 246.9236206460129, 246.9236206460129, 246.9236206460129, 246.9236206460129, 246.9236206460129, 258.3687431802315, 258.3687431802315, 258.3687431802315, 258.3687431802315, 258.3687431802315, 258.3687431802315, 258.3687431802315, 258.3687431802315, 258.3687431802315, 258.3687431802315, 259.0811150658917, 259.0811150658917, 259.71070604000414, 259.71070604000414, 259.71070604000414, 259.71070604000414, 259.71070604000414, 259.71070604000414, 259.71070604000414, 259.71070604000414, 259.71070604000414, 259.74248813637155, 259.74248813637155, 259.74248813637155, 259.74248813637155, 262.84250302663355, 262.84250302663355, 262.84250302663355, 262.84250302663355, 262.84250302663355, 262.84250302663355, 262.8426147133328, 262.8426147133328, 262.8426147133328, 263.4709271135846, 263.4709271135846, 266.52653048240967, 266.52653048240967, 266.52653048240967, 266.5585082424732, 266.5585082424732, 271.16197877081504, 271.16197877081504, 271.16197877081504, 271.16197877081504, 271.16197877081504, 271.16197877081504, 271.16197877081504, 271.16197877081504, 273.19833581719155, 273.19833581719155, 273.19833581719155, 273.19833581719155, 273.19833581719155, 273.19833581719155, 273.19833581719155, 273.19833581719155, 273.19833581719155, 273.19833581719155, 273.19833581719155, 273.19833581719155, 273.19833581719155, 273.19833581719155, 273.19833581719155, 273.19833581719155, 273.19833581719155, 273.19833581719155, 273.19833581719155, 273.19833581719155, 273.19833581719155, 273.19833581719155, 273.19833581719155, 273.19833581719155, 273.19833581719155, 273.19833581719155, 273.19833581719155, 273.19833581719155, 273.19833581719155, 273.19833581719155, 273.19833581719155, 273.19833581719155, 273.1984535443493, 273.1984535443493, 273.1984535443493, 273.1984535443493, 273.1984535443493, 273.1984535443493, 273.1984535443493, 273.1984535443493, 273.1984535443493, 273.1984535443493, 276.2030518948926, 276.2030518948926, 276.2030518948926, 276.2030518948926, 276.2030518948926, 276.2030518948926, 276.2030518948926, 276.2030518948926, 276.2030518948926, 276.2030518948926, 276.2030518948926, 276.2030518948926, 276.2030518948926, 276.2030518948926, 276.2030518948926, 276.2030518948926, 276.2030518948926, 276.2030518948926, 276.2030518948926, 279.38689361826874, 279.38689361826874, 279.38689361826874, 279.38689361826874, 279.38689361826874, 279.38689361826874, 279.38689361826874, 279.38689361826874, 279.38689361826874, 279.38689361826874, 279.38689361826874, 279.38689361826874, 279.38689361826874, 279.38689361826874, 279.38689361826874, 279.38689361826874, 279.38689361826874, 279.38689361826874, 279.88710020514486, 279.88710020514486, 280.35302996625126, 280.3530884221081, 280.3530884221081, 280.3530884221081, 280.3530884221081, 280.3530884221081, 280.3530884221081, 280.3530884221081, 280.3530884221081, 280.3530884221081, 280.3530884221081]
data points:
values: [70.87291263681897, 70.87291263681897, 115.89303989857751, 115.89303989857751, 115.94985205077386, 115.94997398170983, 115.94997398170983, 127.94479887636948, 127.94479887636948, 127.94479887636948, 127.94479887636948, 127.94479887636948, 127.94479887636948, 127.94479887636948, 127.94479887636948, 127.94479887636948, 127.94479887636948, 127.99288306699492, 127.99288306699492, 127.99288306699492, 139.9922158545257, 139.9922158545257, 139.9922158545257, 139.9922158545257, 139.9922158545257, 139.9922158545257, 154.94620311847228, 187.0471653679007, 187.0471653679007, 187.0471653679007, 187.0471653679007, 187.0471653679007, 187.0471653679007, 187.0471653679007, 187.0471653679007, 187.0471653679007, 187.0471653679007, 187.72104780985592, 187.72104780985592, 187.72104780985592, 187.72104780985592, 187.72104780985592, 187.7494242883328, 187.6971709483808, 187.6971709483808, 195.74106955739188, 195.74106955739188, 195.74106955739188, 195.74106955739188, 195.7959493710477, 195.7959493710477, 195.7959493710477, 195.7959493710477, 195.7959493710477, 195.86565789601661, 195.86565789601661, 195.86565789601661, 195.86565789601661, 195.86565789601661, 195.6580875250372, 203.6988308479839, 215.54223859547702, 215.54223859547702, 215.54223859547702, 215.54223859547702, 215.84442495689282, 215.84442495689282, 220.92990031516095, 220.92990031516095, 220.92990031516095, 220.92990031516095, 220.92990031516095, 229.80513582893366, 229.80513582893366, 229.80513582893366, 229.80513582893366, 229.80513582893366, 229.80513582893366, 240.8704725958179, 240.8704725958179, 240.8704725958179, 241.24655102806435, 241.24655102806435, 241.24655102806435, 241.24655102806435, 240.89703335605572, 240.89711275773195, 240.89711275773195, 245.65166103584505, 245.65166103584505, 245.65166103584505, 245.65166103584505, 245.65166103584505, 245.65166103584505, 245.65166103584505, 245.65166103584505, 245.7561004320777, 245.7561004320777, 250.51267011785984, 250.51267011785984, 250.51267011785984, 250.51267011785984, 250.51267011785984, 250.51267011785984, 257.71552628909245, 257.71552628909245, 257.71552628909245, 257.71552628909245, 257.71552628909245, 257.71552628909245, 257.71552628909245, 257.71552628909245, 257.71552628909245, 257.71552628909245, 257.71552628909245, 257.71552628909245, 258.00701774866684, 258.00701774866684, 258.00701774866684, 260.72924106411705, 260.72924106411705, 260.72924106411705, 260.72924106411705, 260.72924106411705, 260.72924106411705, 260.72924106411705, 260.72924106411705, 260.72924106411705, 260.72924106411705, 260.9686017261664, 260.9686017261664, 260.9686017261664, 260.9686017261664, 260.9686017261664, 260.9686017261664, 260.9686017261664, 260.9686017261664, 272.2903640706667, 272.2903640706667, 272.2903640706667, 272.2903640706667, 272.2903640706667, 272.2903640706667, 272.2903640706667, 272.2903640706667, 272.2903640706667, 272.2903640706667, 272.2903640706667, 272.307484998123, 272.307484998123, 272.27422059469546, 272.27422059469546, 272.27422059469546, 272.27422059469546, 272.27422059469546, 272.27422059469546, 272.27422059469546, 272.27422059469546, 272.27422059469546, 272.3075372843745, 272.3075372843745, 272.3075372843745, 272.3075372843745, 274.8926281933677, 274.8926281933677, 274.8926281933677, 274.8926281933677, 274.8926281933677, 274.8926281933677, 274.8927354231502, 274.8927354231502, 274.8927354231502, 274.919665828767, 274.919665828767, 277.50511723154534, 277.50511723154534, 277.50511723154534, 277.5384183993302, 281.7512303870645, 281.7512303870645, 281.7512303870645, 281.7512303870645, 281.7512303870645, 281.7512303870645, 281.7512303870645, 281.7512303870645, 281.7512303870645, 283.31392381904465, 283.31392381904465, 283.31392381904465, 283.31392381904465, 283.31392381904465, 283.31392381904465, 283.31392381904465, 283.31392381904465, 283.31392381904465, 283.31392381904465, 283.31392381904465, 283.31392381904465, 283.31392381904465, 283.31392381904465, 283.31392381904465, 283.31392381904465, 283.31392381904465, 283.31392381904465, 283.31392381904465, 283.31392381904465, 283.31392381904465, 283.31392381904465, 283.31392381904465, 283.31392381904465, 283.31392381904465, 283.31392381904465, 283.31392381904465, 283.31392381904465, 283.31392381904465, 283.31392381904465, 283.31392381904465, 283.31392381904465, 283.3140376911537, 283.3140376911537, 283.3140376911537, 283.3140376911537, 283.3140376911537, 283.3140376911537, 283.3140376911537, 283.3140376911537, 283.3140376911537, 283.3140376911537, 285.90060080758593, 285.90060080758593, 285.90060080758593, 285.90060080758593, 285.90060080758593, 285.90060080758593, 285.90060080758593, 285.90060080758593, 285.90060080758593, 285.90060080758593, 285.90060080758593, 285.90060080758593, 285.90060080758593, 285.90060080758593, 285.90060080758593, 285.90060080758593, 285.90060080758593, 285.90060080758593, 285.90060080758593, 289.1962204820843, 289.1962204820843, 289.1962204820843, 289.1962204820843, 289.1962204820843, 289.1962204820843, 289.1962204820843, 289.1962204820843, 289.1962204820843, 289.1962204820843, 289.1962204820843, 289.1962204820843, 289.1962204820843, 289.1962204820843, 289.1962204820843, 289.1962204820843, 289.1962204820843, 289.1962204820843, 289.2062844534656, 289.2062844534656, 289.20625583288967, 289.20631263988054, 289.20631263988054, 289.20631263988054, 289.20631263988054, 289.20631263988054, 289.20631263988054, 289.20631263988054, 289.20631263988054, 289.20631263988054]
real values1: [70.87291263681897, 74.39645309951365, 115.89303989857751, 115.94985205077386, 115.94997398170983, 115.94997398170983, 127.94479887636948, 127.94479887636948, 127.94479887636948, 127.94479887636948, 127.94479887636948, 127.94479887636948, 127.94479887636948, 127.94479887636948, 127.94479887636948, 127.94479887636948, 127.99288306699492, 127.99288306699492, 127.99288306699492, 139.9922158545257, 139.9922158545257, 139.9922158545257, 139.9922158545257, 139.9922158545257, 139.9922158545257, 139.9922158545257, 154.94620311847228, 187.0471653679007, 187.0471653679007, 187.0471653679007, 187.0471653679007, 187.0471653679007, 187.0471653679007, 187.0471653679007, 187.0471653679007, 187.0471653679007, 187.72104780985592, 187.72104780985592, 187.72104780985592, 187.72104780985592, 187.72104780985592, 187.7494242883328, 187.6971709483808, 187.6971709483808, 195.74106955739188, 195.74106955739188, 195.74106955739188, 195.74106955739188, 195.7959493710477, 195.7959493710477, 195.7959493710477, 195.7959493710477, 195.7959493710477, 195.86565789601661, 195.86565789601661, 195.86565789601661, 195.86565789601661, 195.86565789601661, 195.6580875250372, 203.6988308479839, 203.6988308479839, 215.54223859547702, 215.54223859547702, 215.54223859547702, 215.84442495689282, 215.84442495689282, 220.92990031516095, 220.92990031516095, 220.92990031516095, 220.92990031516095, 220.92990031516095, 220.92990031516095, 229.80513582893366, 229.80513582893366, 229.80513582893366, 229.80513582893366, 229.80513582893366, 229.80513582893366, 240.8704725958179, 240.8704725958179, 241.24655102806435, 241.24655102806435, 241.24655102806435, 241.24655102806435, 240.89703335605572, 240.89711275773195, 240.89711275773195, 245.65166103584505, 245.65166103584505, 245.65166103584505, 245.65166103584505, 245.65166103584505, 245.65166103584505, 245.65166103584505, 245.65166103584505, 245.7561004320777, 245.7561004320777, 250.51267011785984, 250.51267011785984, 250.51267011785984, 250.51267011785984, 250.51267011785984, 250.51267011785984, 250.51267011785984, 257.71552628909245, 257.71552628909245, 257.71552628909245, 257.71552628909245, 257.71552628909245, 257.71552628909245, 257.71552628909245, 257.71552628909245, 257.71552628909245, 257.71552628909245, 257.71552628909245, 258.00701774866684, 258.00701774866684, 258.00701774866684, 260.72924106411705, 260.72924106411705, 260.72924106411705, 260.72924106411705, 260.72924106411705, 260.72924106411705, 260.72924106411705, 260.72924106411705, 260.72924106411705, 260.72924106411705, 260.9686017261664, 260.9686017261664, 260.9686017261664, 260.9686017261664, 260.9686017261664, 260.9686017261664, 260.9686017261664, 260.9686017261664, 260.9686017261664, 272.2903640706667, 272.2903640706667, 272.2903640706667, 272.2903640706667, 272.2903640706667, 272.2903640706667, 272.2903640706667, 272.2903640706667, 272.2903640706667, 272.2903640706667, 272.307484998123, 272.307484998123, 272.27422059469546, 272.27422059469546, 272.27422059469546, 272.27422059469546, 272.27422059469546, 272.27422059469546, 272.27422059469546, 272.27422059469546, 272.27422059469546, 272.3075372843745, 272.3075372843745, 272.3075372843745, 272.3075372843745, 274.8926281933677, 274.8926281933677, 274.8926281933677, 274.8926281933677, 274.8926281933677, 274.8926281933677, 274.8927354231502, 274.8927354231502, 274.8927354231502, 274.919665828767, 274.919665828767, 277.50511723154534, 277.50511723154534, 277.50511723154534, 277.5384183993302, 277.5384183993302, 281.7512303870645, 281.7512303870645, 281.7512303870645, 281.7512303870645, 281.7512303870645, 281.7512303870645, 281.7512303870645, 281.7512303870645, 283.31392381904465, 283.31392381904465, 283.31392381904465, 283.31392381904465, 283.31392381904465, 283.31392381904465, 283.31392381904465, 283.31392381904465, 283.31392381904465, 283.31392381904465, 283.31392381904465, 283.31392381904465, 283.31392381904465, 283.31392381904465, 283.31392381904465, 283.31392381904465, 283.31392381904465, 283.31392381904465, 283.31392381904465, 283.31392381904465, 283.31392381904465, 283.31392381904465, 283.31392381904465, 283.31392381904465, 283.31392381904465, 283.31392381904465, 283.31392381904465, 283.31392381904465, 283.31392381904465, 283.31392381904465, 283.31392381904465, 283.31392381904465, 283.3140376911537, 283.3140376911537, 283.3140376911537, 283.3140376911537, 283.3140376911537, 283.3140376911537, 283.3140376911537, 283.3140376911537, 283.3140376911537, 283.3140376911537, 285.90060080758593, 285.90060080758593, 285.90060080758593, 285.90060080758593, 285.90060080758593, 285.90060080758593, 285.90060080758593, 285.90060080758593, 285.90060080758593, 285.90060080758593, 285.90060080758593, 285.90060080758593, 285.90060080758593, 285.90060080758593, 285.90060080758593, 285.90060080758593, 285.90060080758593, 285.90060080758593, 285.90060080758593, 289.1962204820843, 289.1962204820843, 289.1962204820843, 289.1962204820843, 289.1962204820843, 289.1962204820843, 289.1962204820843, 289.1962204820843, 289.1962204820843, 289.1962204820843, 289.1962204820843, 289.1962204820843, 289.1962204820843, 289.1962204820843, 289.1962204820843, 289.1962204820843, 289.1962204820843, 289.1962204820843, 289.2062844534656, 289.2062844534656, 289.20625583288967, 289.20631263988054, 289.20631263988054, 289.20631263988054, 289.20631263988054, 289.20631263988054, 289.20631263988054, 289.20631263988054, 289.20631263988054, 289.20631263988054, 289.20631263988054]
real values2: [70.87291263681897, 74.39645309951365, 115.89303989857751, 115.94985205077386, 115.94997398170983, 115.94997398170983, 127.94479887636948, 127.94479887636948, 127.94479887636948, 127.94479887636948, 127.94479887636948, 127.94479887636948, 127.94479887636948, 127.94479887636948, 127.94479887636948, 127.94479887636948, 127.99288306699492, 127.99288306699492, 127.99288306699492, 139.9922158545257, 139.9922158545257, 139.9922158545257, 139.9922158545257, 139.9922158545257, 139.9922158545257, 139.9922158545257, 154.94620311847228, 187.0471653679007, 187.0471653679007, 187.0471653679007, 187.0471653679007, 187.0471653679007, 187.0471653679007, 187.0471653679007, 187.0471653679007, 187.0471653679007, 187.72104780985592, 187.72104780985592, 187.72104780985592, 187.72104780985592, 187.72104780985592, 187.7494242883328, 187.6971709483808, 187.6971709483808, 195.74106955739188, 195.74106955739188, 195.74106955739188, 195.74106955739188, 195.7959493710477, 195.7959493710477, 195.7959493710477, 195.7959493710477, 195.7959493710477, 195.86565789601661, 195.86565789601661, 195.86565789601661, 195.86565789601661, 195.86565789601661, 195.6580875250372, 203.6988308479839, 203.6988308479839, 215.54223859547702, 215.54223859547702, 215.54223859547702, 215.84442495689282, 215.84442495689282, 220.92990031516095, 220.92990031516095, 220.92990031516095, 220.92990031516095, 220.92990031516095, 220.92990031516095, 229.80513582893366, 229.80513582893366, 229.80513582893366, 229.80513582893366, 229.80513582893366, 229.80513582893366, 240.8704725958179, 240.8704725958179, 241.24655102806435, 241.24655102806435, 241.24655102806435, 241.24655102806435, 240.89703335605572, 240.89711275773195, 240.89711275773195, 245.65166103584505, 245.65166103584505, 245.65166103584505, 245.65166103584505, 245.65166103584505, 245.65166103584505, 245.65166103584505, 245.65166103584505, 245.7561004320777, 245.7561004320777, 250.51267011785984, 250.51267011785984, 250.51267011785984, 250.51267011785984, 250.51267011785984, 250.51267011785984, 250.51267011785984, 257.71552628909245, 257.71552628909245, 257.71552628909245, 257.71552628909245, 257.71552628909245, 257.71552628909245, 257.71552628909245, 257.71552628909245, 257.71552628909245, 257.71552628909245, 257.71552628909245, 258.00701774866684, 258.00701774866684, 258.00701774866684, 260.72924106411705, 260.72924106411705, 260.72924106411705, 260.72924106411705, 260.72924106411705, 260.72924106411705, 260.72924106411705, 260.72924106411705, 260.72924106411705, 260.72924106411705, 260.9686017261664, 260.9686017261664, 260.9686017261664, 260.9686017261664, 260.9686017261664, 260.9686017261664, 260.9686017261664, 260.9686017261664, 260.9686017261664, 272.2903640706667, 272.2903640706667, 272.2903640706667, 272.2903640706667, 272.2903640706667, 272.2903640706667, 272.2903640706667, 272.2903640706667, 272.2903640706667, 272.2903640706667, 272.307484998123, 272.307484998123, 272.27422059469546, 272.27422059469546, 272.27422059469546, 272.27422059469546, 272.27422059469546, 272.27422059469546, 272.27422059469546, 272.27422059469546, 272.27422059469546, 272.3075372843745, 272.3075372843745, 272.3075372843745, 272.3075372843745, 274.8926281933677, 274.8926281933677, 274.8926281933677, 274.8926281933677, 274.8926281933677, 274.8926281933677, 274.8927354231502, 274.8927354231502, 274.8927354231502, 274.919665828767, 274.919665828767, 277.50511723154534, 277.50511723154534, 277.50511723154534, 277.5384183993302, 277.5384183993302, 281.7512303870645, 281.7512303870645, 281.7512303870645, 281.7512303870645, 281.7512303870645, 281.7512303870645, 281.7512303870645, 281.7512303870645, 283.31392381904465, 283.31392381904465, 283.31392381904465, 283.31392381904465, 283.31392381904465, 283.31392381904465, 283.31392381904465, 283.31392381904465, 283.31392381904465, 283.31392381904465, 283.31392381904465, 283.31392381904465, 283.31392381904465, 283.31392381904465, 283.31392381904465, 283.31392381904465, 283.31392381904465, 283.31392381904465, 283.31392381904465, 283.31392381904465, 283.31392381904465, 283.31392381904465, 283.31392381904465, 283.31392381904465, 283.31392381904465, 283.31392381904465, 283.31392381904465, 283.31392381904465, 283.31392381904465, 283.31392381904465, 283.31392381904465, 283.31392381904465, 283.3140376911537, 283.3140376911537, 283.3140376911537, 283.3140376911537, 283.3140376911537, 283.3140376911537, 283.3140376911537, 283.3140376911537, 283.3140376911537, 283.3140376911537, 285.90060080758593, 285.90060080758593, 285.90060080758593, 285.90060080758593, 285.90060080758593, 285.90060080758593, 285.90060080758593, 285.90060080758593, 285.90060080758593, 285.90060080758593, 285.90060080758593, 285.90060080758593, 285.90060080758593, 285.90060080758593, 285.90060080758593, 285.90060080758593, 285.90060080758593, 285.90060080758593, 285.90060080758593, 289.1962204820843, 289.1962204820843, 289.1962204820843, 289.1962204820843, 289.1962204820843, 289.1962204820843, 289.1962204820843, 289.1962204820843, 289.1962204820843, 289.1962204820843, 289.1962204820843, 289.1962204820843, 289.1962204820843, 289.1962204820843, 289.1962204820843, 289.1962204820843, 289.1962204820843, 289.1962204820843, 289.2062844534656, 289.2062844534656, 289.20625583288967, 289.20631263988054, 289.20631263988054, 289.20631263988054, 289.20631263988054, 289.20631263988054, 289.20631263988054, 289.20631263988054, 289.20631263988054, 289.20631263988054, 289.20631263988054]
Done!
