('generated stochastic delays:', [array([ 2, 11,  5, ...,  2,  3,  1])])
('opt_fidel_cost:', 1.1)
Running Experiment1: 
('total budget:', 600)
Auto Init: 
C: 20.469600578508693
nu: 20.469600578508693
Budget Remaining: 591.993520021
Number of MFHOO Instances: 1
Budget per MFHOO Instance:590.893520021
Running SOO number: 1 rho: 0.95 nu: 20.469600578508693
delay_type: DHOO
policy: UCBV
[0.9375 0.625  0.625  0.875  0.625  0.125  0.125  0.875 ]
final iterations:105682104
final HOO number of nodes:587
final HOO height:22
final duration:590
final optimal value:223.235098 
time durations: [0.0014460086822509766, 4.0051350593566895, 4.00580906867981, 4.006618976593018, 8.009267091751099, 8.020318031311035, 8.021373987197876, 12.025382041931152, 16.031872034072876, 16.032708168029785, 20.03538203239441, 20.0363290309906, 24.052767038345337, 24.053292989730835, 28.068329095840454, 28.06907606124878, 32.07180213928223, 36.07633709907532, 36.07701802253723, 40.08415412902832, 40.084633111953735, 44.09013605117798, 44.09078598022461, 48.096009969711304, 52.10432314872742, 52.10536599159241, 56.139249086380005, 56.140329122543335, 60.15500211715698, 60.155986070632935, 64.17064905166626, 64.1716251373291, 68.17720913887024, 72.18367004394531, 72.18461108207703, 76.1895980834961, 76.1907000541687, 80.2035551071167, 80.20459198951721, 84.21385598182678, 88.21978902816772, 88.22112917900085, 92.23019003868103, 92.23116111755371, 96.24064517021179, 96.24157500267029, 100.25857210159302, 100.25965094566345, 104.26617312431335, 104.26746702194214, 108.29036498069763, 112.29428505897522, 112.29574418067932, 116.29967498779297, 116.30066013336182, 120.30554795265198, 120.30664706230164, 124.31099200248718, 128.31521606445312, 128.31667613983154, 132.31978106498718, 132.32102417945862, 136.32262516021729, 136.323881149292, 140.32902812957764, 140.33043217658997, 140.33179903030396, 144.33798503875732, 148.34054708480835, 148.34231615066528, 148.3439919948578, 152.3509349822998, 152.3523449897766, 156.35890913009644, 160.36763405799866, 160.36910915374756, 164.37857007980347, 168.38480496406555, 172.38821816444397, 172.38988995552063, 176.40735507011414, 176.40902400016785, 180.41392397880554, 180.43627309799194, 180.4378890991211, 184.44510912895203, 184.4467101097107, 188.4546880722046, 188.45591115951538, 192.45938205718994, 192.462140083313, 196.46845817565918, 196.4705891609192, 200.4814829826355, 200.48322415351868, 204.494136095047, 208.49800515174866, 208.50053596496582, 212.50915002822876, 212.51087713241577, 212.51280999183655, 216.5272991657257, 220.535649061203, 220.53793597221375, 224.54401111602783, 224.54545712471008, 224.54741406440735, 228.56016516685486, 228.56206798553467, 228.56426000595093, 232.57987117767334, 232.58265614509583, 232.58541417121887, 236.59509706497192, 236.59755396842957, 240.60298204421997, 240.60545206069946, 244.61595797538757, 244.61815094947815, 248.62729907035828, 248.629634141922, 252.63505005836487, 252.6368019580841, 256.6418721675873, 256.6443819999695, 260.6547169685364, 260.6569709777832, 264.6619460582733, 268.67105412483215, 268.6741051673889, 272.6804599761963, 272.6832959651947, 276.6896469593048, 276.69210505485535, 280.70803117752075, 280.71150398254395, 284.71477913856506, 284.7174711227417, 284.71936798095703, 288.7351109981537, 288.7379529476166, 292.74639797210693, 296.7522850036621, 296.75484800338745, 300.76459097862244, 300.76937317848206, 304.7804160118103, 304.78433203697205, 308.7959930896759, 308.79845809936523, 312.80599904060364, 316.81287002563477, 316.8152070045471, 320.82412600517273, 320.827819108963, 320.8321371078491, 324.8385679721832, 324.8418610095978, 328.8544371128082, 328.857794046402, 328.8605830669403, 332.86538314819336, 332.86846804618835, 336.87681913375854, 336.88041710853577, 340.8987259864807, 344.9044940471649, 344.9078040122986, 348.91774797439575, 348.9208559989929, 352.92569518089294, 356.93517303466797, 356.93863010406494, 360.9459340572357, 360.9488830566406, 364.9601221084595, 364.96507000923157, 364.96886801719666, 368.9747791290283, 372.97845816612244, 372.98171210289, 376.98819613456726, 376.99119806289673, 376.99442410469055, 381.00653314590454, 381.0098581314087, 385.019082069397, 385.0232651233673, 389.039183139801, 389.04239416122437, 393.05245995521545, 393.05574107170105, 397.0660650730133, 401.0704679489136, 401.0745210647583, 405.08577513694763, 405.0894181728363, 409.0983669757843, 409.10127305984497, 413.1094551086426, 413.1135251522064, 417.1221420764923, 417.1258280277252, 421.1351730823517, 421.1386640071869, 425.1484570503235, 425.1527819633484, 429.1664161682129, 429.17004799842834, 433.1840500831604, 433.1884341239929, 437.1935579776764, 437.19721508026123, 441.20304894447327, 441.2070679664612, 445.21346497535706, 445.21762204170227, 449.2276961803436, 449.2315561771393, 449.23543095588684, 453.2447819709778, 453.2499530315399, 453.25396609306335, 457.27059602737427, 461.2779850959778, 461.28232407569885, 465.2890040874481, 465.2935380935669, 469.30511498451233, 469.3108539581299, 473.3180401325226, 477.3243510723114, 477.32899498939514, 477.3332130908966, 481.33600401878357, 481.34087204933167, 485.3472640514374, 485.35184502601624, 485.35611295700073, 489.37295603752136, 489.37729811668396, 489.38168597221375, 493.390997171402, 493.39614605903625, 497.4029769897461, 497.407240152359, 501.41915011405945, 501.42409896850586, 505.4371380805969, 505.4415760040283, 509.45052909851074, 513.4584040641785, 513.4631071090698, 517.4689030647278, 517.4733510017395, 521.4880640506744, 521.4925940036774, 525.5067369937897, 525.511157989502, 529.5281209945679, 529.5329260826111, 529.5378060340881, 533.549898147583, 537.5562291145325, 537.5628609657288, 541.5709850788116, 541.5757701396942, 545.5866320133209, 545.5914390087128, 549.6078910827637, 549.6114599704742, 553.6264810562134, 553.6311371326447, 557.6432950496674, 557.6481039524078, 557.6525731086731, 561.6719920635223, 561.6791980266571, 565.6860520839691, 565.6910171508789, 569.7010879516602, 569.7047879695892, 573.7166450023651, 573.7233231067657, 573.7301759719849, 577.7407779693604, 577.7463321685791, 581.7567579746246, 581.7615699768066, 581.7660920619965, 585.78568816185, 585.7906601428986, 589.8030140399933, 589.8078851699829]
noisy values: [56.41319345295263, 59.962338364486115, 59.962338364486115, 59.962338364486115, 94.53204731537316, 95.60009694453339, 95.60009694453339, 97.62651047852438, 97.62651047852438, 97.62651047852438, 97.62651047852438, 97.62651047852438, 97.62651047852438, 97.62651047852438, 99.41317470209057, 99.41317470209057, 110.60931536487519, 110.60931536487519, 110.60931536487519, 110.60931536487519, 110.60931536487519, 110.60967135566514, 110.60967135566514, 110.60967135566514, 110.60967135566514, 110.60967135566514, 111.59361324407055, 111.59361324407055, 122.95708026113262, 122.95708026113262, 122.95708026113262, 122.95708026113262, 122.95708026113262, 122.95708026113262, 122.95708026113262, 136.9463131536947, 136.9463131536947, 136.9463131536947, 136.9463131536947, 136.9463131536947, 136.9463131536947, 136.9463131536947, 136.9463131536947, 136.9463131536947, 136.9463131536947, 136.9463131536947, 136.9463131536947, 136.9463131536947, 136.9463131536947, 136.9463131536947, 136.9463131536947, 137.08484100784614, 137.08484100784614, 137.08484100784614, 137.08484100784614, 137.08484100784614, 137.08484100784614, 138.5006280443045, 138.5006280443045, 138.5006280443045, 167.64165744178047, 167.64165744178047, 167.64165744178047, 167.64165744178047, 167.64165744178047, 167.64165744178047, 167.64165744178047, 167.64165744178047, 167.64165744178047, 167.64165744178047, 167.64165744178047, 167.64165744178047, 167.64165744178047, 167.64165744178047, 167.64165744178047, 167.64165744178047, 167.64165744178047, 167.64165744178047, 167.64165744178047, 167.64165744178047, 167.64165744178047, 167.64165744178047, 167.64165744178047, 167.64165744178047, 167.64165744178047, 169.1782962124015, 169.1782962124015, 170.21105046800005, 170.21105046800005, 170.21105046800005, 170.21105046800005, 170.21105046800005, 170.21105046800005, 170.21105046800005, 170.21105046800005, 170.21105046800005, 170.21105046800005, 170.21105046800005, 170.21105046800005, 170.21105046800005, 170.21105046800005, 170.21105046800005, 170.21105046800005, 170.21105046800005, 170.21105046800005, 170.21105046800005, 170.21105046800005, 170.21105046800005, 170.21105046800005, 170.21105046800005, 170.21105046800005, 170.21105046800005, 170.21105046800005, 170.21105046800005, 170.21105046800005, 170.21105046800005, 170.21105046800005, 170.21105046800005, 170.21105046800005, 170.21105046800005, 170.21105046800005, 170.21105046800005, 170.21105046800005, 170.21105046800005, 170.21105046800005, 170.21105046800005, 170.21105046800005, 170.21105046800005, 170.21105046800005, 170.21105046800005, 170.21105046800005, 170.21105046800005, 170.21105046800005, 170.21105046800005, 170.21105046800005, 170.21105046800005, 170.21105046800005, 170.21105046800005, 170.21105046800005, 170.21105046800005, 170.21105046800005, 170.21105046800005, 170.21105046800005, 170.21105046800005, 170.21105046800005, 170.21105046800005, 170.21105046800005, 170.21105046800005, 170.21105046800005, 170.21105046800005, 170.21105046800005, 177.26993145527658, 177.26993145527658, 178.30666551186417, 178.30666551186417, 178.30666551186417, 178.30666551186417, 178.30666551186417, 178.30666551186417, 178.30666551186417, 178.30666551186417, 178.30666551186417, 178.3069468957981, 186.30450896123074, 186.30450896123074, 186.50210090870198, 186.50210090870198, 186.50210090870198, 186.50210090870198, 186.50210090870198, 186.50210090870198, 186.50210090870198, 186.50210090870198, 186.50210090870198, 186.50210090870198, 186.50210090870198, 186.50210090870198, 186.50210090870198, 197.99407521515943, 198.3345157491798, 198.3345157491798, 203.90355786053428, 203.90355786053428, 203.90355786053428, 203.90355786053428, 203.90355786053428, 203.90355786053428, 203.90355786053428, 203.90355786053428, 203.90355786053428, 203.90355786053428, 203.90355786053428, 203.90355786053428, 203.90355786053428, 203.90355786053428, 203.90355786053428, 203.90355786053428, 203.90355786053428, 203.90355786053428, 203.90355786053428, 203.90355786053428, 203.90355786053428, 203.90355786053428, 203.90355786053428, 203.90355786053428, 203.90355786053428, 203.90355786053428, 203.90355786053428, 203.90355786053428, 203.90355786053428, 203.90355786053428, 203.90355786053428, 203.90355786053428, 203.90355786053428, 203.90355786053428, 203.90355786053428, 203.90355786053428, 203.90355786053428, 203.90355786053428, 203.90355786053428, 203.90355786053428, 203.90355786053428, 203.90355786053428, 203.90355786053428, 203.90355786053428, 203.90355786053428, 203.90355786053428, 203.90355786053428, 203.90355786053428, 203.90355786053428, 203.90355786053428, 203.90355786053428, 203.90355786053428, 203.90355786053428, 203.90355786053428, 203.90355786053428, 203.90355786053428, 203.90355786053428, 203.90355786053428, 213.2971789576443, 213.2971789576443, 213.2971789576443, 213.2971789576443, 213.2971789576443, 213.2971789576443, 213.2971789576443, 213.2971789576443, 213.2971789576443, 213.7496906763579, 213.7496906763579, 213.7496906763579, 213.7496906763579, 213.7496906763579, 213.7496906763579, 213.7496906763579, 213.7496906763579, 213.7496906763579, 213.7496906763579, 213.7496906763579, 213.7496906763579, 213.7496906763579, 213.7496906763579, 213.7496906763579, 213.7496906763579, 213.7496906763579, 213.7496906763579, 213.7496906763579, 213.7496906763579, 213.7496906763579, 213.7496906763579, 213.7496906763579, 213.7496906763579, 213.7496906763579, 213.7496906763579, 213.7496906763579, 213.7496906763579, 213.7496906763579, 213.7496906763579, 213.7496906763579, 213.7496906763579, 213.7496906763579, 213.7496906763579, 223.23509833379063, 223.23509833379063, 223.23509833379063, 223.23509833379063, 223.23509833379063, 223.23509833379063, 223.23509833379063, 223.23509833379063, 223.23509833379063, 223.23509833379063, 223.23509833379063, 223.23509833379063]
data points:
values: [70.87291263681897, 70.87291263681897, 74.39645309951365, 74.39645309951365, 115.89303989857751, 115.89303989857751, 115.89303989857751, 115.89303989857751, 115.94985205077386, 115.94985205077386, 115.94985205077386, 115.94985205077386, 115.94985205077386, 115.94985205077386, 115.94985205077386, 115.94997398170983, 115.94997398170983, 127.9444834139051, 127.9444834139051, 127.9444834139051, 127.9444834139051, 127.9444834139051, 127.94479887636948, 127.94479887636948, 127.94479887636948, 127.94479887636948, 127.94479887636948, 128.07938742337058, 128.07938742337058, 140.08682999431156, 140.08682999431156, 140.08682999431156, 140.08682999431156, 140.08682999431156, 140.08682999431156, 154.9457399641676, 154.9457399641676, 154.9457399641676, 154.9457399641676, 154.9457399641676, 154.9457399641676, 154.9457399641676, 154.9457399641676, 154.9457399641676, 154.9457399641676, 154.9457399641676, 154.9457399641676, 154.9457399641676, 154.9457399641676, 154.9457399641676, 154.9457399641676, 154.9457399641676, 155.10243539349992, 155.10243539349992, 155.10243539349992, 155.10243539349992, 155.10243539349992, 155.10243539349992, 155.68129619460413, 155.68129619460413, 187.27550367333615, 187.27550367333615, 187.27550367333615, 187.27550367333615, 187.27550367333615, 187.27550367333615, 187.27550367333615, 187.27550367333615, 187.27550367333615, 187.27550367333615, 187.27550367333615, 187.27550367333615, 187.27550367333615, 187.27550367333615, 187.27550367333615, 187.27550367333615, 187.27550367333615, 187.27550367333615, 187.27550367333615, 187.27550367333615, 187.27550367333615, 187.27550367333615, 187.27550367333615, 187.27550367333615, 187.27550367333615, 187.27550367333615, 187.89183641203908, 187.89183641203908, 187.99903709955328, 187.99903709955328, 187.99903709955328, 187.99903709955328, 187.99903709955328, 187.99903709955328, 187.99903709955328, 187.99903709955328, 187.99903709955328, 187.99903709955328, 187.99903709955328, 187.99903709955328, 187.99903709955328, 187.99903709955328, 187.99903709955328, 187.99903709955328, 187.99903709955328, 187.99903709955328, 187.99903709955328, 187.99903709955328, 187.99903709955328, 187.99903709955328, 187.99903709955328, 187.99903709955328, 187.99903709955328, 187.99903709955328, 187.99903709955328, 187.99903709955328, 187.99903709955328, 187.99903709955328, 187.99903709955328, 187.99903709955328, 187.99903709955328, 187.99903709955328, 187.99903709955328, 187.99903709955328, 187.99903709955328, 187.99903709955328, 187.99903709955328, 187.99903709955328, 187.99903709955328, 187.99903709955328, 187.99903709955328, 187.99903709955328, 187.99903709955328, 187.99903709955328, 187.99903709955328, 187.99903709955328, 187.99903709955328, 187.99903709955328, 187.99903709955328, 187.99903709955328, 187.99903709955328, 187.99903709955328, 187.99903709955328, 187.99903709955328, 187.99903709955328, 187.99903709955328, 187.99903709955328, 187.99903709955328, 187.99903709955328, 187.99903709955328, 187.99903709955328, 187.99903709955328, 195.79569040719224, 195.79569040719224, 195.91704493399268, 195.91704493399268, 195.91704493399268, 195.91704493399268, 195.91704493399268, 195.91704493399268, 195.91704493399268, 195.91704493399268, 195.91704493399268, 195.9173042189604, 203.6988308479839, 203.6988308479839, 203.9149315081817, 203.9149315081817, 203.9149315081817, 203.9149315081817, 203.9149315081817, 203.9149315081817, 203.9149315081817, 203.9149315081817, 203.9149315081817, 203.9149315081817, 203.9149315081817, 203.9149315081817, 215.473991589406, 215.473991589406, 215.84442495689282, 215.84442495689282, 220.92990031516095, 220.92990031516095, 220.92990031516095, 220.92990031516095, 220.92990031516095, 220.92990031516095, 220.92990031516095, 220.92990031516095, 220.92990031516095, 220.92990031516095, 220.92990031516095, 220.92990031516095, 220.92990031516095, 220.92990031516095, 220.92990031516095, 220.92990031516095, 220.92990031516095, 220.92990031516095, 220.92990031516095, 220.92990031516095, 220.92990031516095, 220.92990031516095, 220.92990031516095, 220.92990031516095, 220.92990031516095, 220.92990031516095, 220.92990031516095, 220.92990031516095, 220.92990031516095, 220.92990031516095, 220.92990031516095, 220.92990031516095, 220.92990031516095, 220.92990031516095, 220.92990031516095, 220.92990031516095, 220.92990031516095, 220.92990031516095, 220.92990031516095, 220.92990031516095, 220.92990031516095, 220.92990031516095, 220.92990031516095, 220.92990031516095, 220.92990031516095, 220.92990031516095, 220.92990031516095, 220.92990031516095, 220.92990031516095, 220.92990031516095, 220.92990031516095, 220.92990031516095, 220.92990031516095, 220.92990031516095, 220.92990031516095, 220.92990031516095, 220.92990031516095, 230.14708764315327, 230.14708764315327, 230.14708764315327, 230.14708764315327, 230.14708764315327, 230.14708764315327, 230.14708764315327, 230.14708764315327, 230.14708764315327, 230.14708764315327, 229.72791124915594, 229.72791124915594, 229.72791124915594, 229.72791124915594, 229.72791124915594, 229.72791124915594, 229.72791124915594, 229.72791124915594, 229.72791124915594, 229.72791124915594, 229.72791124915594, 229.72791124915594, 229.72791124915594, 229.72791124915594, 229.72791124915594, 229.72791124915594, 229.72791124915594, 229.72791124915594, 229.72791124915594, 229.72791124915594, 229.72791124915594, 229.72791124915594, 229.72791124915594, 229.72791124915594, 229.72791124915594, 229.72791124915594, 229.72791124915594, 229.72791124915594, 229.72791124915594, 229.72791124915594, 229.72791124915594, 229.72791124915594, 229.72791124915594, 240.87009750178345, 240.87009750178345, 240.87009750178345, 240.87009750178345, 240.87009750178345, 240.87009750178345, 240.87009750178345, 240.87009750178345, 240.87009750178345, 240.87009750178345, 240.87009750178345, 240.87009750178345]
real values1: [70.87291263681897, 74.39645309951365, 74.39645309951365, 74.39645309951365, 115.89303989857751, 115.89303989857751, 115.89303989857751, 115.94985205077386, 115.94985205077386, 115.94985205077386, 115.94985205077386, 115.94985205077386, 115.94985205077386, 115.94985205077386, 115.94997398170983, 115.94997398170983, 127.9444834139051, 127.9444834139051, 127.9444834139051, 127.9444834139051, 127.9444834139051, 127.94479887636948, 127.94479887636948, 127.94479887636948, 127.94479887636948, 127.94479887636948, 128.07938742337058, 128.07938742337058, 140.08682999431156, 140.08682999431156, 140.08682999431156, 140.08682999431156, 140.08682999431156, 140.08682999431156, 140.08682999431156, 154.9457399641676, 154.9457399641676, 154.9457399641676, 154.9457399641676, 154.9457399641676, 154.9457399641676, 154.9457399641676, 154.9457399641676, 154.9457399641676, 154.9457399641676, 154.9457399641676, 154.9457399641676, 154.9457399641676, 154.9457399641676, 154.9457399641676, 154.9457399641676, 155.10243539349992, 155.10243539349992, 155.10243539349992, 155.10243539349992, 155.10243539349992, 155.10243539349992, 155.68129619460413, 155.68129619460413, 155.68129619460413, 187.27550367333615, 187.27550367333615, 187.27550367333615, 187.27550367333615, 187.27550367333615, 187.27550367333615, 187.27550367333615, 187.27550367333615, 187.27550367333615, 187.27550367333615, 187.27550367333615, 187.27550367333615, 187.27550367333615, 187.27550367333615, 187.27550367333615, 187.27550367333615, 187.27550367333615, 187.27550367333615, 187.27550367333615, 187.27550367333615, 187.27550367333615, 187.27550367333615, 187.27550367333615, 187.27550367333615, 187.27550367333615, 187.89183641203908, 187.89183641203908, 187.99903709955328, 187.99903709955328, 187.99903709955328, 187.99903709955328, 187.99903709955328, 187.99903709955328, 187.99903709955328, 187.99903709955328, 187.99903709955328, 187.99903709955328, 187.99903709955328, 187.99903709955328, 187.99903709955328, 187.99903709955328, 187.99903709955328, 187.99903709955328, 187.99903709955328, 187.99903709955328, 187.99903709955328, 187.99903709955328, 187.99903709955328, 187.99903709955328, 187.99903709955328, 187.99903709955328, 187.99903709955328, 187.99903709955328, 187.99903709955328, 187.99903709955328, 187.99903709955328, 187.99903709955328, 187.99903709955328, 187.99903709955328, 187.99903709955328, 187.99903709955328, 187.99903709955328, 187.99903709955328, 187.99903709955328, 187.99903709955328, 187.99903709955328, 187.99903709955328, 187.99903709955328, 187.99903709955328, 187.99903709955328, 187.99903709955328, 187.99903709955328, 187.99903709955328, 187.99903709955328, 187.99903709955328, 187.99903709955328, 187.99903709955328, 187.99903709955328, 187.99903709955328, 187.99903709955328, 187.99903709955328, 187.99903709955328, 187.99903709955328, 187.99903709955328, 187.99903709955328, 187.99903709955328, 187.99903709955328, 187.99903709955328, 187.99903709955328, 187.99903709955328, 187.99903709955328, 195.79569040719224, 195.79569040719224, 195.91704493399268, 195.91704493399268, 195.91704493399268, 195.91704493399268, 195.91704493399268, 195.91704493399268, 195.91704493399268, 195.91704493399268, 195.91704493399268, 195.9173042189604, 203.6988308479839, 203.6988308479839, 203.9149315081817, 203.9149315081817, 203.9149315081817, 203.9149315081817, 203.9149315081817, 203.9149315081817, 203.9149315081817, 203.9149315081817, 203.9149315081817, 203.9149315081817, 203.9149315081817, 203.9149315081817, 203.9149315081817, 215.473991589406, 215.84442495689282, 215.84442495689282, 220.92990031516095, 220.92990031516095, 220.92990031516095, 220.92990031516095, 220.92990031516095, 220.92990031516095, 220.92990031516095, 220.92990031516095, 220.92990031516095, 220.92990031516095, 220.92990031516095, 220.92990031516095, 220.92990031516095, 220.92990031516095, 220.92990031516095, 220.92990031516095, 220.92990031516095, 220.92990031516095, 220.92990031516095, 220.92990031516095, 220.92990031516095, 220.92990031516095, 220.92990031516095, 220.92990031516095, 220.92990031516095, 220.92990031516095, 220.92990031516095, 220.92990031516095, 220.92990031516095, 220.92990031516095, 220.92990031516095, 220.92990031516095, 220.92990031516095, 220.92990031516095, 220.92990031516095, 220.92990031516095, 220.92990031516095, 220.92990031516095, 220.92990031516095, 220.92990031516095, 220.92990031516095, 220.92990031516095, 220.92990031516095, 220.92990031516095, 220.92990031516095, 220.92990031516095, 220.92990031516095, 220.92990031516095, 220.92990031516095, 220.92990031516095, 220.92990031516095, 220.92990031516095, 220.92990031516095, 220.92990031516095, 220.92990031516095, 220.92990031516095, 220.92990031516095, 220.92990031516095, 230.14708764315327, 230.14708764315327, 230.14708764315327, 230.14708764315327, 230.14708764315327, 230.14708764315327, 230.14708764315327, 230.14708764315327, 230.14708764315327, 229.72791124915594, 229.72791124915594, 229.72791124915594, 229.72791124915594, 229.72791124915594, 229.72791124915594, 229.72791124915594, 229.72791124915594, 229.72791124915594, 229.72791124915594, 229.72791124915594, 229.72791124915594, 229.72791124915594, 229.72791124915594, 229.72791124915594, 229.72791124915594, 229.72791124915594, 229.72791124915594, 229.72791124915594, 229.72791124915594, 229.72791124915594, 229.72791124915594, 229.72791124915594, 229.72791124915594, 229.72791124915594, 229.72791124915594, 229.72791124915594, 229.72791124915594, 229.72791124915594, 229.72791124915594, 229.72791124915594, 229.72791124915594, 229.72791124915594, 229.72791124915594, 240.87009750178345, 240.87009750178345, 240.87009750178345, 240.87009750178345, 240.87009750178345, 240.87009750178345, 240.87009750178345, 240.87009750178345, 240.87009750178345, 240.87009750178345, 240.87009750178345, 240.87009750178345]
real values2: [70.87291263681897, 74.39645309951365, 74.39645309951365, 74.39645309951365, 115.89303989857751, 115.89303989857751, 115.89303989857751, 115.94985205077386, 115.94985205077386, 115.94985205077386, 115.94985205077386, 115.94985205077386, 115.94985205077386, 115.94985205077386, 115.94997398170983, 115.94997398170983, 127.9444834139051, 127.9444834139051, 127.9444834139051, 127.9444834139051, 127.9444834139051, 127.94479887636948, 127.94479887636948, 127.94479887636948, 127.94479887636948, 127.94479887636948, 128.07938742337058, 128.07938742337058, 140.08682999431156, 140.08682999431156, 140.08682999431156, 140.08682999431156, 140.08682999431156, 140.08682999431156, 140.08682999431156, 154.9457399641676, 154.9457399641676, 154.9457399641676, 154.9457399641676, 154.9457399641676, 154.9457399641676, 154.9457399641676, 154.9457399641676, 154.9457399641676, 154.9457399641676, 154.9457399641676, 154.9457399641676, 154.9457399641676, 154.9457399641676, 154.9457399641676, 154.9457399641676, 155.10243539349992, 155.10243539349992, 155.10243539349992, 155.10243539349992, 155.10243539349992, 155.10243539349992, 155.68129619460413, 155.68129619460413, 155.68129619460413, 187.27550367333615, 187.27550367333615, 187.27550367333615, 187.27550367333615, 187.27550367333615, 187.27550367333615, 187.27550367333615, 187.27550367333615, 187.27550367333615, 187.27550367333615, 187.27550367333615, 187.27550367333615, 187.27550367333615, 187.27550367333615, 187.27550367333615, 187.27550367333615, 187.27550367333615, 187.27550367333615, 187.27550367333615, 187.27550367333615, 187.27550367333615, 187.27550367333615, 187.27550367333615, 187.27550367333615, 187.27550367333615, 187.89183641203908, 187.89183641203908, 187.99903709955328, 187.99903709955328, 187.99903709955328, 187.99903709955328, 187.99903709955328, 187.99903709955328, 187.99903709955328, 187.99903709955328, 187.99903709955328, 187.99903709955328, 187.99903709955328, 187.99903709955328, 187.99903709955328, 187.99903709955328, 187.99903709955328, 187.99903709955328, 187.99903709955328, 187.99903709955328, 187.99903709955328, 187.99903709955328, 187.99903709955328, 187.99903709955328, 187.99903709955328, 187.99903709955328, 187.99903709955328, 187.99903709955328, 187.99903709955328, 187.99903709955328, 187.99903709955328, 187.99903709955328, 187.99903709955328, 187.99903709955328, 187.99903709955328, 187.99903709955328, 187.99903709955328, 187.99903709955328, 187.99903709955328, 187.99903709955328, 187.99903709955328, 187.99903709955328, 187.99903709955328, 187.99903709955328, 187.99903709955328, 187.99903709955328, 187.99903709955328, 187.99903709955328, 187.99903709955328, 187.99903709955328, 187.99903709955328, 187.99903709955328, 187.99903709955328, 187.99903709955328, 187.99903709955328, 187.99903709955328, 187.99903709955328, 187.99903709955328, 187.99903709955328, 187.99903709955328, 187.99903709955328, 187.99903709955328, 187.99903709955328, 187.99903709955328, 187.99903709955328, 187.99903709955328, 195.79569040719224, 195.79569040719224, 195.91704493399268, 195.91704493399268, 195.91704493399268, 195.91704493399268, 195.91704493399268, 195.91704493399268, 195.91704493399268, 195.91704493399268, 195.91704493399268, 195.9173042189604, 203.6988308479839, 203.6988308479839, 203.9149315081817, 203.9149315081817, 203.9149315081817, 203.9149315081817, 203.9149315081817, 203.9149315081817, 203.9149315081817, 203.9149315081817, 203.9149315081817, 203.9149315081817, 203.9149315081817, 203.9149315081817, 203.9149315081817, 215.473991589406, 215.84442495689282, 215.84442495689282, 220.92990031516095, 220.92990031516095, 220.92990031516095, 220.92990031516095, 220.92990031516095, 220.92990031516095, 220.92990031516095, 220.92990031516095, 220.92990031516095, 220.92990031516095, 220.92990031516095, 220.92990031516095, 220.92990031516095, 220.92990031516095, 220.92990031516095, 220.92990031516095, 220.92990031516095, 220.92990031516095, 220.92990031516095, 220.92990031516095, 220.92990031516095, 220.92990031516095, 220.92990031516095, 220.92990031516095, 220.92990031516095, 220.92990031516095, 220.92990031516095, 220.92990031516095, 220.92990031516095, 220.92990031516095, 220.92990031516095, 220.92990031516095, 220.92990031516095, 220.92990031516095, 220.92990031516095, 220.92990031516095, 220.92990031516095, 220.92990031516095, 220.92990031516095, 220.92990031516095, 220.92990031516095, 220.92990031516095, 220.92990031516095, 220.92990031516095, 220.92990031516095, 220.92990031516095, 220.92990031516095, 220.92990031516095, 220.92990031516095, 220.92990031516095, 220.92990031516095, 220.92990031516095, 220.92990031516095, 220.92990031516095, 220.92990031516095, 220.92990031516095, 220.92990031516095, 220.92990031516095, 230.14708764315327, 230.14708764315327, 230.14708764315327, 230.14708764315327, 230.14708764315327, 230.14708764315327, 230.14708764315327, 230.14708764315327, 230.14708764315327, 229.72791124915594, 229.72791124915594, 229.72791124915594, 229.72791124915594, 229.72791124915594, 229.72791124915594, 229.72791124915594, 229.72791124915594, 229.72791124915594, 229.72791124915594, 229.72791124915594, 229.72791124915594, 229.72791124915594, 229.72791124915594, 229.72791124915594, 229.72791124915594, 229.72791124915594, 229.72791124915594, 229.72791124915594, 229.72791124915594, 229.72791124915594, 229.72791124915594, 229.72791124915594, 229.72791124915594, 229.72791124915594, 229.72791124915594, 229.72791124915594, 229.72791124915594, 229.72791124915594, 229.72791124915594, 229.72791124915594, 229.72791124915594, 229.72791124915594, 229.72791124915594, 240.87009750178345, 240.87009750178345, 240.87009750178345, 240.87009750178345, 240.87009750178345, 240.87009750178345, 240.87009750178345, 240.87009750178345, 240.87009750178345, 240.87009750178345, 240.87009750178345, 240.87009750178345]
Done!
