('generated stochastic delays:', [array([ 2, 11,  5, ...,  2,  3,  1])])
('opt_fidel_cost:', 1.1)
Running Experiment1: 
('total budget:', 600)
Auto Init: 
C: 20.469600578508693
nu: 20.469600578508693
Budget Remaining: 591.990776062
Number of MFHOO Instances: 1
Budget per MFHOO Instance:590.890776062
Running SOO number: 1 rho: 0.95 nu: 20.469600578508693
delay_type: DHOO
policy: UCBV
[0.9375 0.125  0.625  0.875  0.875  0.125  0.125  0.875 ]
final iterations:114253415
final HOO number of nodes:603
final HOO height:23
final duration:590
final optimal value:223.914326 
time durations: [0.0009849071502685547, 4.0031349658966064, 8.005435943603516, 8.00605297088623, 12.021474838256836, 16.03306293487549, 16.034063816070557, 20.04824995994568, 20.048487901687622, 24.061007022857666, 24.06165385246277, 28.064818859100342, 28.065306901931763, 32.07261681556702, 32.07366991043091, 32.07444190979004, 36.089377880096436, 36.08994793891907, 40.09536790847778, 40.09634184837341, 44.10075783729553, 44.10189890861511, 48.105440855026245, 48.106300830841064, 52.117892026901245, 56.12705183029175, 56.12775897979736, 60.133535861968994, 64.145516872406, 64.14611196517944, 68.15338587760925, 68.15428590774536, 68.15507698059082, 68.15577697753906, 68.1575858592987, 72.15954780578613, 72.16048884391785, 72.16123986244202, 76.17942094802856, 76.18060302734375, 76.18138098716736, 80.19205284118652, 80.19328594207764, 80.19491696357727, 84.19762992858887, 84.19870781898499, 88.21125102043152, 88.21255397796631, 92.21732997894287, 92.21877002716064, 92.22019100189209, 92.22158002853394, 96.22513198852539, 96.22618103027344, 96.24512791633606, 96.24660897254944, 100.23711490631104, 100.23827481269836, 100.25317192077637, 104.24606800079346, 104.24813389778137, 104.24924397468567, 108.29126000404358, 108.29325699806213, 112.30008387565613, 116.31061697006226, 116.3120629787445, 120.31965899467468, 120.3212468624115, 124.33306097984314, 124.33457398414612, 124.33589601516724, 128.35329294204712, 128.35476899147034, 132.36574602127075, 132.36752486228943, 132.3689889907837, 136.3749599456787, 136.37668800354004, 140.39462995529175, 144.39991283416748, 144.4017128944397, 148.40604782104492, 148.40783381462097, 152.41635084152222, 152.4184958934784, 156.4252519607544, 160.43394899368286, 160.43598794937134, 160.43751096725464, 164.44469690322876, 164.44668984413147, 168.45269298553467, 168.45470094680786, 168.45675086975098, 172.47544598579407, 172.47733998298645, 176.4851529598236, 176.48712396621704, 180.4959659576416, 180.49787783622742, 184.50554895401, 184.5076789855957, 188.51333785057068, 188.51845693588257, 188.52073001861572, 192.52693486213684, 196.53071880340576, 196.53295302391052, 200.55557489395142, 200.55769300460815, 204.5720329284668, 208.57902193069458, 208.58125281333923, 212.59744787216187, 212.59951901435852, 216.6077938079834, 220.61401200294495, 220.6166808605194, 224.62224292755127, 228.63017296791077, 228.6326379776001, 232.64029502868652, 232.64301800727844, 236.64568281173706, 236.64851093292236, 240.65555691719055, 240.65783882141113, 244.67783284187317, 244.68049788475037, 248.70129799842834, 248.7048008441925, 252.7125768661499, 252.7150650024414, 256.72464990615845, 256.727481842041, 260.7365460395813, 264.73942589759827, 264.7418940067291, 264.7439889907837, 268.7478449344635, 268.75032901763916, 272.7567889690399, 272.76020884513855, 276.76571393013, 276.7687108516693, 280.77804493904114, 280.7809109687805, 284.7913279533386, 284.7947289943695, 288.79989886283875, 288.8028738498688, 288.8056290149689, 292.81843400001526, 292.82117891311646, 296.8288140296936, 296.8315899372101, 300.8355038166046, 304.85146284103394, 304.85447692871094, 308.8606050014496, 308.8641049861908, 312.8738429546356, 312.877632856369, 316.88391494750977, 316.88696002960205, 320.9007580280304, 320.9032709598541, 324.91034388542175, 324.9131889343262, 328.9237608909607, 328.92727184295654, 332.9325408935547, 332.93626403808594, 336.9436869621277, 336.9485628604889, 336.9518618583679, 340.96067786216736, 340.96394085884094, 344.9680290222168, 348.974182844162, 348.9775779247284, 352.98878288269043, 352.99174785614014, 357.0020020008087, 357.005352973938, 361.010372877121, 361.01417088508606, 365.02587890625, 365.02977299690247, 369.03810381889343, 369.0416958332062, 373.0470368862152, 373.05132389068604, 377.06967186927795, 377.0735158920288, 381.0819308757782, 385.08887100219727, 385.09278297424316, 389.10045194625854, 389.1040589809418, 389.10700392723083, 393.12428092956543, 393.1286859512329, 397.1435978412628, 397.14727687835693, 401.15812397003174, 401.1621379852295, 405.1692888736725, 409.18005299568176, 409.1841959953308, 413.1978759765625, 413.2015838623047, 417.21819400787354, 417.22232389450073, 417.2261049747467, 421.2412450313568, 421.24499797821045, 425.2543239593506, 425.25786995887756, 425.2619459629059, 429.2749319076538, 429.27885603904724, 433.2834060192108, 433.2870600223541, 437.30183696746826, 437.3058159351349, 437.3100128173828, 441.31523394584656, 441.32016682624817, 445.33420181274414, 445.33949184417725, 449.3555920124054, 449.3607268333435, 449.36549496650696, 453.37513494491577, 453.37936186790466, 453.3836028575897, 457.40088081359863, 457.4054458141327, 461.41624093055725, 461.4211919307709, 465.4334228038788, 465.43783688545227, 469.44690990448, 473.4559190273285, 473.4625689983368, 477.47349095344543, 477.47892785072327, 481.49742603302, 481.5016338825226, 485.5124819278717, 485.51654601097107, 489.52878999710083, 489.5334599018097, 493.550745010376, 493.5549838542938, 497.5637710094452, 497.5678060054779, 501.58284997940063, 501.5874078273773, 505.60339093208313, 505.6081910133362, 509.61698293685913, 509.62091994285583, 513.6345918178558, 513.6392629146576, 517.6558690071106, 517.6619529724121, 521.6870369911194, 521.6919348239899, 525.7082238197327, 525.7119028568268, 529.7227668762207, 529.7288088798523, 533.7384178638458, 533.7457239627838, 537.7718608379364, 537.7768409252167, 541.7869038581848, 541.791916847229, 545.8166689872742, 545.8222010135651, 549.8342559337616, 549.8391678333282, 553.8484318256378, 557.8526220321655, 557.8573830127716, 561.8684449195862, 561.8736929893494, 565.8825969696045, 565.8876349925995, 569.8950009346008, 573.9037899971008, 573.9085028171539, 577.9195408821106, 577.9245359897614, 581.9344170093536, 581.939435005188, 585.9522340297699, 585.957417011261, 589.9732599258423, 589.9785900115967]
noisy values: [56.41319345295263, 56.41319345295263, 85.59978474516566, 85.59978474516566, 94.53204731537316, 95.64698050257498, 95.64698050257498, 96.66226524327068, 96.66226524327068, 96.66226524327068, 96.66226524327068, 96.66226524327068, 96.66226524327068, 97.54247489740784, 97.54247489740784, 97.54247489740784, 108.65199637463236, 108.65199637463236, 108.85155298002653, 108.85155298002653, 108.85155298002653, 108.85155298002653, 108.85155298002653, 108.85155298002653, 108.85155298002653, 108.85155298002653, 108.85155298002653, 108.85155298002653, 108.85155298002653, 108.85155298002653, 108.85155298002653, 108.85155298002653, 108.85155298002653, 108.85155298002653, 108.85155298002653, 120.10753303186345, 120.10753303186345, 120.10753303186345, 120.69759354370196, 120.69759354370196, 120.69759354370196, 120.69759354370196, 120.69759354370196, 120.69759354370196, 120.69759354370196, 120.69759354370196, 120.69759354370196, 120.69759354370196, 120.69759354370196, 120.69759354370196, 120.69759354370196, 120.69759354370196, 121.0247692755199, 121.0247692755199, 121.0247692755199, 121.0247692755199, 135.40802792038485, 135.40802792038485, 135.40802792038485, 135.40802792038485, 135.40802792038485, 135.40802792038485, 135.40802792038485, 135.40802792038485, 135.40802792038485, 135.40802792038485, 135.40802792038485, 135.40802792038485, 135.40802792038485, 135.40802792038485, 135.40802792038485, 135.40802792038485, 135.40802792038485, 135.40802792038485, 135.40802792038485, 135.40802792038485, 135.40802792038485, 135.40802792038485, 136.03017336446118, 136.03017336446118, 136.03017336446118, 136.03017336446118, 136.03017336446118, 136.03017336446118, 136.03017336446118, 136.03017336446118, 136.03017336446118, 163.16960356209353, 163.16960356209353, 163.16960356209353, 163.16960356209353, 163.16960356209353, 163.70659887524437, 163.70659887524437, 163.70659887524437, 163.70659887524437, 163.70659887524437, 163.70659887524437, 163.70659887524437, 164.50143854546394, 164.50143854546394, 164.50143854546394, 164.50143854546394, 164.50143854546394, 164.50143854546394, 164.50143854546394, 164.50143854546394, 164.50143854546394, 164.50143854546394, 164.50143854546394, 164.50143854546394, 164.50143854546394, 164.50143854546394, 164.50143854546394, 164.50143854546394, 164.50143854546394, 164.50143854546394, 164.50143854546394, 164.50143854546394, 164.50143854546394, 164.50143854546394, 164.50143854546394, 164.50143854546394, 164.50143854546394, 164.50143854546394, 164.50143854546394, 164.50143854546394, 164.50143854546394, 164.50143854546394, 164.50143854546394, 164.50143854546394, 164.50143854546394, 164.50143854546394, 164.50143854546394, 164.50143854546394, 164.50143854546394, 166.16005596030084, 167.25187762890283, 167.25187762890283, 167.25187762890283, 167.25211706258176, 167.25211706258176, 167.25211706258176, 167.25211706258176, 167.25211706258176, 167.25211706258176, 175.34299938584581, 175.34299938584581, 176.5295924409915, 176.5295924409915, 177.60182171212358, 177.60182171212358, 177.60182171212358, 177.60182171212358, 177.60182171212358, 177.60182171212358, 177.60182171212358, 184.74316094528746, 184.74316094528746, 184.74316094528746, 184.74316094528746, 184.74316094528746, 184.74316094528746, 184.74316094528746, 184.74316094528746, 184.74316094528746, 184.74316094528746, 184.74316094528746, 196.52526793541983, 196.52526793541983, 196.52526793541983, 196.52526793541983, 196.52526793541983, 196.52526793541983, 196.52526793541983, 196.52526793541983, 196.52526793541983, 197.6741011481392, 197.6741011481392, 198.59660774593624, 198.59660774593624, 198.59660774593624, 203.92426813790263, 203.92426813790263, 203.92426813790263, 203.92426813790263, 203.92426813790263, 203.92426813790263, 203.92426813790263, 203.92426813790263, 203.92426813790263, 203.92426813790263, 203.92426813790263, 203.92426813790263, 203.92426813790263, 203.92426813790263, 203.92426813790263, 203.92426813790263, 203.92426813790263, 203.9658515388757, 203.9658515388757, 203.9658515388757, 203.9658515388757, 203.9658515388757, 203.9658515388757, 203.9658515388757, 203.9658515388757, 203.9658515388757, 203.9658515388757, 203.9658515388757, 203.9658515388757, 203.9658515388757, 203.9658515388757, 203.9658515388757, 203.9658515388757, 203.9658515388757, 203.9658515388757, 203.9658515388757, 203.9658515388757, 203.9658515388757, 203.9658515388757, 203.9658515388757, 203.9658515388757, 203.9658515388757, 203.9658515388757, 203.9658515388757, 203.9658515388757, 203.9658515388757, 211.27035202545628, 211.27035202545628, 211.27035202545628, 211.27035202545628, 211.27035202545628, 211.27035202545628, 211.27035202545628, 213.5981154084244, 213.5981154084244, 213.5981154084244, 213.5981154084244, 213.5981154084244, 213.5981154084244, 213.5981154084244, 213.5981154084244, 213.5981154084244, 213.5981154084244, 213.5981154084244, 213.5981154084244, 222.98369928352207, 222.98369928352207, 222.98369928352207, 222.98369928352207, 222.98369928352207, 222.98369928352207, 222.98369928352207, 222.98369928352207, 222.98369928352207, 222.98369928352207, 222.98369928352207, 222.98369928352207, 222.98369928352207, 222.98369928352207, 222.98369928352207, 222.98369928352207, 222.98369928352207, 222.98369928352207, 222.98369928352207, 222.98369928352207, 222.98369928352207, 222.98369928352207, 222.98369928352207, 223.6101050962883, 223.6101050962883, 223.6101050962883, 223.6101050962883, 223.6101050962883, 223.6101050962883, 223.6101050962883, 223.6101050962883, 223.6101050962883, 223.6101050962883, 223.6101050962883, 223.6101050962883, 223.6101050962883, 223.6101050962883, 223.6101050962883, 223.91432563118076, 223.91432563118076, 223.91432563118076, 223.91432563118076, 223.91432563118076, 223.91432563118076, 223.91432563118076, 223.91432563118076, 223.91432563118076, 223.91432563118076, 223.91432563118076, 223.91432563118076, 223.91432563118076, 223.91432563118076, 223.91432563118076, 223.91432563118076, 223.91432563118076, 223.91432563118076]
data points:
values: [70.87291263681897, 70.87291263681897, 104.94235514585168, 104.94235514585168, 104.94235514585168, 115.89303989857751, 115.94985205077386, 115.94985205077386, 115.94997398170983, 115.94997398170983, 115.94997398170983, 115.94997398170983, 115.94997398170983, 115.94997398170983, 115.84997079203517, 115.84997079203517, 115.84997079203517, 127.84504410149047, 127.84504410149047, 128.0797035514305, 128.0797035514305, 128.0797035514305, 128.0797035514305, 128.0797035514305, 128.0797035514305, 128.0797035514305, 128.0797035514305, 128.0797035514305, 128.0797035514305, 128.0797035514305, 128.0797035514305, 128.0797035514305, 128.0797035514305, 128.0797035514305, 128.0797035514305, 128.0797035514305, 140.08682999431156, 140.08682999431156, 140.08682999431156, 139.61387785157922, 139.61387785157922, 139.61387785157922, 139.61387785157922, 139.61387785157922, 139.61387785157922, 139.61387785157922, 139.61387785157922, 139.61387785157922, 139.61387785157922, 139.61387785157922, 139.61387785157922, 139.61387785157922, 139.61387785157922, 139.9922158545257, 139.9922158545257, 139.9922158545257, 155.41187455106737, 155.41187455106737, 155.41187455106737, 155.41187455106737, 155.41187455106737, 155.41187455106737, 155.41187455106737, 155.41187455106737, 155.41187455106737, 155.41187455106737, 155.41187455106737, 155.41187455106737, 155.41187455106737, 155.41187455106737, 155.41187455106737, 155.41187455106737, 155.41187455106737, 155.41187455106737, 155.41187455106737, 155.41187455106737, 155.41187455106737, 155.41187455106737, 155.41187455106737, 154.98138200840265, 154.98138200840265, 154.98138200840265, 154.98138200840265, 154.98138200840265, 154.98138200840265, 154.98138200840265, 154.98138200840265, 187.27489084682318, 187.27489084682318, 187.27489084682318, 187.27489084682318, 187.27489084682318, 187.27489084682318, 187.89121954521187, 187.89121954521187, 187.89121954521187, 187.89121954521187, 187.89121954521187, 187.89121954521187, 187.89121954521187, 187.41889968025268, 187.41889968025268, 187.41889968025268, 187.41889968025268, 187.41889968025268, 187.41889968025268, 187.41889968025268, 187.41889968025268, 187.41889968025268, 187.41889968025268, 187.41889968025268, 187.41889968025268, 187.41889968025268, 187.41889968025268, 187.41889968025268, 187.41889968025268, 187.41889968025268, 187.41889968025268, 187.41889968025268, 187.41889968025268, 187.41889968025268, 187.41889968025268, 187.41889968025268, 187.41889968025268, 187.41889968025268, 187.41889968025268, 187.41889968025268, 187.41889968025268, 187.41889968025268, 187.41889968025268, 187.41889968025268, 187.41889968025268, 187.41889968025268, 187.41889968025268, 187.41889968025268, 187.41889968025268, 187.41889968025268, 187.99903709955328, 187.99892177853175, 187.99892177853175, 187.99892177853175, 187.99913853092542, 187.99913853092542, 187.99913853092542, 187.99913853092542, 187.99913853092542, 187.99913853092542, 195.8788006786654, 195.8788006786654, 196.05624446796506, 196.05624446796506, 196.1621630347779, 196.1621630347779, 196.1621630347779, 196.1621630347779, 196.1621630347779, 196.1621630347779, 196.1621630347779, 204.0498455876117, 204.0498455876117, 204.0498455876117, 204.0498455876117, 204.0498455876117, 204.0498455876117, 204.0498455876117, 204.0498455876117, 204.0498455876117, 204.0498455876117, 215.93500646806245, 215.93500646806245, 215.93500646806245, 215.93500646806245, 215.93500646806245, 215.93500646806245, 215.93500646806245, 215.93500646806245, 215.93500646806245, 215.93500646806245, 216.12991613665875, 216.12991613665875, 216.1296522810247, 216.1296522810247, 216.1296522810247, 220.95233612760657, 220.95233612760657, 220.95233612760657, 220.95233612760657, 220.95233612760657, 220.95233612760657, 220.95233612760657, 220.95233612760657, 220.95233612760657, 220.95233612760657, 220.95233612760657, 220.95233612760657, 220.95233612760657, 220.95233612760657, 220.95233612760657, 220.95233612760657, 220.95233612760657, 221.97294766218485, 221.97294766218485, 221.97294766218485, 221.97294766218485, 221.97294766218485, 221.97294766218485, 221.97294766218485, 221.97294766218485, 221.97294766218485, 221.97294766218485, 221.97294766218485, 221.97294766218485, 221.97294766218485, 221.97294766218485, 221.97294766218485, 221.97294766218485, 221.97294766218485, 221.97294766218485, 221.97294766218485, 221.97294766218485, 221.97294766218485, 221.97294766218485, 221.97294766218485, 221.97294766218485, 221.97294766218485, 221.97294766218485, 221.97294766218485, 221.97294766218485, 221.97294766218485, 229.92230510771765, 229.92230510771765, 229.92230510771765, 229.92230510771765, 229.92230510771765, 229.92230510771765, 229.92230510771765, 230.4717408826873, 230.4717408826873, 230.4717408826873, 230.4717408826873, 230.4717408826873, 230.4717408826873, 230.4717408826873, 230.4717408826873, 230.4717408826873, 230.4717408826873, 230.4717408826873, 241.6032491792446, 241.6032491792446, 241.6032491792446, 241.6032491792446, 241.6032491792446, 241.6032491792446, 241.6032491792446, 241.6032491792446, 241.6032491792446, 241.6032491792446, 241.6032491792446, 241.6032491792446, 241.6032491792446, 241.6032491792446, 241.6032491792446, 241.6032491792446, 241.6032491792446, 241.6032491792446, 241.6032491792446, 241.6032491792446, 241.6032491792446, 241.6032491792446, 241.6032491792446, 241.6032491792446, 241.2746671649546, 241.2746671649546, 241.2746671649546, 241.2746671649546, 241.2746671649546, 241.2746671649546, 241.2746671649546, 241.2746671649546, 241.2746671649546, 241.2746671649546, 241.2746671649546, 241.2746671649546, 241.2746671649546, 241.2746671649546, 241.2746671649546, 241.60292082655445, 241.60292082655445, 241.60292082655445, 241.60292082655445, 241.60292082655445, 241.60292082655445, 241.60292082655445, 241.60292082655445, 241.60292082655445, 241.60292082655445, 241.60292082655445, 241.60292082655445, 241.60292082655445, 241.60292082655445, 241.60292082655445, 241.60292082655445, 241.60292082655445]
real values1: [70.87291263681897, 74.39645309951365, 104.94235514585168, 104.94235514585168, 115.89303989857751, 115.94985205077386, 115.94985205077386, 115.94997398170983, 115.94997398170983, 115.94997398170983, 115.94997398170983, 115.94997398170983, 115.94997398170983, 115.84997079203517, 115.84997079203517, 115.84997079203517, 127.84504410149047, 127.84504410149047, 128.0797035514305, 128.0797035514305, 128.0797035514305, 128.0797035514305, 128.0797035514305, 128.0797035514305, 128.0797035514305, 128.0797035514305, 128.0797035514305, 128.0797035514305, 128.0797035514305, 128.0797035514305, 128.0797035514305, 128.0797035514305, 128.0797035514305, 128.0797035514305, 128.0797035514305, 140.08682999431156, 140.08682999431156, 140.08682999431156, 139.61387785157922, 139.61387785157922, 139.61387785157922, 139.61387785157922, 139.61387785157922, 139.61387785157922, 139.61387785157922, 139.61387785157922, 139.61387785157922, 139.61387785157922, 139.61387785157922, 139.61387785157922, 139.61387785157922, 139.61387785157922, 139.9922158545257, 139.9922158545257, 139.9922158545257, 139.9922158545257, 155.41187455106737, 155.41187455106737, 155.41187455106737, 155.41187455106737, 155.41187455106737, 155.41187455106737, 155.41187455106737, 155.41187455106737, 155.41187455106737, 155.41187455106737, 155.41187455106737, 155.41187455106737, 155.41187455106737, 155.41187455106737, 155.41187455106737, 155.41187455106737, 155.41187455106737, 155.41187455106737, 155.41187455106737, 155.41187455106737, 155.41187455106737, 155.41187455106737, 154.98138200840265, 154.98138200840265, 154.98138200840265, 154.98138200840265, 154.98138200840265, 154.98138200840265, 154.98138200840265, 154.98138200840265, 154.98138200840265, 187.27489084682318, 187.27489084682318, 187.27489084682318, 187.27489084682318, 187.27489084682318, 187.89121954521187, 187.89121954521187, 187.89121954521187, 187.89121954521187, 187.89121954521187, 187.89121954521187, 187.89121954521187, 187.41889968025268, 187.41889968025268, 187.41889968025268, 187.41889968025268, 187.41889968025268, 187.41889968025268, 187.41889968025268, 187.41889968025268, 187.41889968025268, 187.41889968025268, 187.41889968025268, 187.41889968025268, 187.41889968025268, 187.41889968025268, 187.41889968025268, 187.41889968025268, 187.41889968025268, 187.41889968025268, 187.41889968025268, 187.41889968025268, 187.41889968025268, 187.41889968025268, 187.41889968025268, 187.41889968025268, 187.41889968025268, 187.41889968025268, 187.41889968025268, 187.41889968025268, 187.41889968025268, 187.41889968025268, 187.41889968025268, 187.41889968025268, 187.41889968025268, 187.41889968025268, 187.41889968025268, 187.41889968025268, 187.41889968025268, 187.99903709955328, 187.99892177853175, 187.99892177853175, 187.99892177853175, 187.99913853092542, 187.99913853092542, 187.99913853092542, 187.99913853092542, 187.99913853092542, 187.99913853092542, 195.8788006786654, 195.8788006786654, 196.05624446796506, 196.05624446796506, 196.1621630347779, 196.1621630347779, 196.1621630347779, 196.1621630347779, 196.1621630347779, 196.1621630347779, 196.1621630347779, 204.0498455876117, 204.0498455876117, 204.0498455876117, 204.0498455876117, 204.0498455876117, 204.0498455876117, 204.0498455876117, 204.0498455876117, 204.0498455876117, 204.0498455876117, 204.0498455876117, 215.93500646806245, 215.93500646806245, 215.93500646806245, 215.93500646806245, 215.93500646806245, 215.93500646806245, 215.93500646806245, 215.93500646806245, 215.93500646806245, 216.12991613665875, 216.12991613665875, 216.1296522810247, 216.1296522810247, 216.1296522810247, 220.95233612760657, 220.95233612760657, 220.95233612760657, 220.95233612760657, 220.95233612760657, 220.95233612760657, 220.95233612760657, 220.95233612760657, 220.95233612760657, 220.95233612760657, 220.95233612760657, 220.95233612760657, 220.95233612760657, 220.95233612760657, 220.95233612760657, 220.95233612760657, 220.95233612760657, 221.97294766218485, 221.97294766218485, 221.97294766218485, 221.97294766218485, 221.97294766218485, 221.97294766218485, 221.97294766218485, 221.97294766218485, 221.97294766218485, 221.97294766218485, 221.97294766218485, 221.97294766218485, 221.97294766218485, 221.97294766218485, 221.97294766218485, 221.97294766218485, 221.97294766218485, 221.97294766218485, 221.97294766218485, 221.97294766218485, 221.97294766218485, 221.97294766218485, 221.97294766218485, 221.97294766218485, 221.97294766218485, 221.97294766218485, 221.97294766218485, 221.97294766218485, 221.97294766218485, 229.92230510771765, 229.92230510771765, 229.92230510771765, 229.92230510771765, 229.92230510771765, 229.92230510771765, 229.92230510771765, 230.4717408826873, 230.4717408826873, 230.4717408826873, 230.4717408826873, 230.4717408826873, 230.4717408826873, 230.4717408826873, 230.4717408826873, 230.4717408826873, 230.4717408826873, 230.4717408826873, 230.4717408826873, 241.6032491792446, 241.6032491792446, 241.6032491792446, 241.6032491792446, 241.6032491792446, 241.6032491792446, 241.6032491792446, 241.6032491792446, 241.6032491792446, 241.6032491792446, 241.6032491792446, 241.6032491792446, 241.6032491792446, 241.6032491792446, 241.6032491792446, 241.6032491792446, 241.6032491792446, 241.6032491792446, 241.6032491792446, 241.6032491792446, 241.6032491792446, 241.6032491792446, 241.6032491792446, 241.2746671649546, 241.2746671649546, 241.2746671649546, 241.2746671649546, 241.2746671649546, 241.2746671649546, 241.2746671649546, 241.2746671649546, 241.2746671649546, 241.2746671649546, 241.2746671649546, 241.2746671649546, 241.2746671649546, 241.2746671649546, 241.2746671649546, 241.60292082655445, 241.60292082655445, 241.60292082655445, 241.60292082655445, 241.60292082655445, 241.60292082655445, 241.60292082655445, 241.60292082655445, 241.60292082655445, 241.60292082655445, 241.60292082655445, 241.60292082655445, 241.60292082655445, 241.60292082655445, 241.60292082655445, 241.60292082655445, 241.60292082655445, 241.60292082655445]
real values2: [70.87291263681897, 74.39645309951365, 104.94235514585168, 104.94235514585168, 115.89303989857751, 115.94985205077386, 115.94985205077386, 115.94997398170983, 115.94997398170983, 115.94997398170983, 115.94997398170983, 115.94997398170983, 115.94997398170983, 115.84997079203517, 115.84997079203517, 115.84997079203517, 127.84504410149047, 127.84504410149047, 128.0797035514305, 128.0797035514305, 128.0797035514305, 128.0797035514305, 128.0797035514305, 128.0797035514305, 128.0797035514305, 128.0797035514305, 128.0797035514305, 128.0797035514305, 128.0797035514305, 128.0797035514305, 128.0797035514305, 128.0797035514305, 128.0797035514305, 128.0797035514305, 128.0797035514305, 140.08682999431156, 140.08682999431156, 140.08682999431156, 139.61387785157922, 139.61387785157922, 139.61387785157922, 139.61387785157922, 139.61387785157922, 139.61387785157922, 139.61387785157922, 139.61387785157922, 139.61387785157922, 139.61387785157922, 139.61387785157922, 139.61387785157922, 139.61387785157922, 139.61387785157922, 139.9922158545257, 139.9922158545257, 139.9922158545257, 139.9922158545257, 155.41187455106737, 155.41187455106737, 155.41187455106737, 155.41187455106737, 155.41187455106737, 155.41187455106737, 155.41187455106737, 155.41187455106737, 155.41187455106737, 155.41187455106737, 155.41187455106737, 155.41187455106737, 155.41187455106737, 155.41187455106737, 155.41187455106737, 155.41187455106737, 155.41187455106737, 155.41187455106737, 155.41187455106737, 155.41187455106737, 155.41187455106737, 155.41187455106737, 154.98138200840265, 154.98138200840265, 154.98138200840265, 154.98138200840265, 154.98138200840265, 154.98138200840265, 154.98138200840265, 154.98138200840265, 154.98138200840265, 187.27489084682318, 187.27489084682318, 187.27489084682318, 187.27489084682318, 187.27489084682318, 187.89121954521187, 187.89121954521187, 187.89121954521187, 187.89121954521187, 187.89121954521187, 187.89121954521187, 187.89121954521187, 187.41889968025268, 187.41889968025268, 187.41889968025268, 187.41889968025268, 187.41889968025268, 187.41889968025268, 187.41889968025268, 187.41889968025268, 187.41889968025268, 187.41889968025268, 187.41889968025268, 187.41889968025268, 187.41889968025268, 187.41889968025268, 187.41889968025268, 187.41889968025268, 187.41889968025268, 187.41889968025268, 187.41889968025268, 187.41889968025268, 187.41889968025268, 187.41889968025268, 187.41889968025268, 187.41889968025268, 187.41889968025268, 187.41889968025268, 187.41889968025268, 187.41889968025268, 187.41889968025268, 187.41889968025268, 187.41889968025268, 187.41889968025268, 187.41889968025268, 187.41889968025268, 187.41889968025268, 187.41889968025268, 187.41889968025268, 187.99903709955328, 187.99892177853175, 187.99892177853175, 187.99892177853175, 187.99913853092542, 187.99913853092542, 187.99913853092542, 187.99913853092542, 187.99913853092542, 187.99913853092542, 195.8788006786654, 195.8788006786654, 196.05624446796506, 196.05624446796506, 196.1621630347779, 196.1621630347779, 196.1621630347779, 196.1621630347779, 196.1621630347779, 196.1621630347779, 196.1621630347779, 204.0498455876117, 204.0498455876117, 204.0498455876117, 204.0498455876117, 204.0498455876117, 204.0498455876117, 204.0498455876117, 204.0498455876117, 204.0498455876117, 204.0498455876117, 204.0498455876117, 215.93500646806245, 215.93500646806245, 215.93500646806245, 215.93500646806245, 215.93500646806245, 215.93500646806245, 215.93500646806245, 215.93500646806245, 215.93500646806245, 216.12991613665875, 216.12991613665875, 216.1296522810247, 216.1296522810247, 216.1296522810247, 220.95233612760657, 220.95233612760657, 220.95233612760657, 220.95233612760657, 220.95233612760657, 220.95233612760657, 220.95233612760657, 220.95233612760657, 220.95233612760657, 220.95233612760657, 220.95233612760657, 220.95233612760657, 220.95233612760657, 220.95233612760657, 220.95233612760657, 220.95233612760657, 220.95233612760657, 221.97294766218485, 221.97294766218485, 221.97294766218485, 221.97294766218485, 221.97294766218485, 221.97294766218485, 221.97294766218485, 221.97294766218485, 221.97294766218485, 221.97294766218485, 221.97294766218485, 221.97294766218485, 221.97294766218485, 221.97294766218485, 221.97294766218485, 221.97294766218485, 221.97294766218485, 221.97294766218485, 221.97294766218485, 221.97294766218485, 221.97294766218485, 221.97294766218485, 221.97294766218485, 221.97294766218485, 221.97294766218485, 221.97294766218485, 221.97294766218485, 221.97294766218485, 221.97294766218485, 229.92230510771765, 229.92230510771765, 229.92230510771765, 229.92230510771765, 229.92230510771765, 229.92230510771765, 229.92230510771765, 230.4717408826873, 230.4717408826873, 230.4717408826873, 230.4717408826873, 230.4717408826873, 230.4717408826873, 230.4717408826873, 230.4717408826873, 230.4717408826873, 230.4717408826873, 230.4717408826873, 230.4717408826873, 241.6032491792446, 241.6032491792446, 241.6032491792446, 241.6032491792446, 241.6032491792446, 241.6032491792446, 241.6032491792446, 241.6032491792446, 241.6032491792446, 241.6032491792446, 241.6032491792446, 241.6032491792446, 241.6032491792446, 241.6032491792446, 241.6032491792446, 241.6032491792446, 241.6032491792446, 241.6032491792446, 241.6032491792446, 241.6032491792446, 241.6032491792446, 241.6032491792446, 241.6032491792446, 241.2746671649546, 241.2746671649546, 241.2746671649546, 241.2746671649546, 241.2746671649546, 241.2746671649546, 241.2746671649546, 241.2746671649546, 241.2746671649546, 241.2746671649546, 241.2746671649546, 241.2746671649546, 241.2746671649546, 241.2746671649546, 241.2746671649546, 241.60292082655445, 241.60292082655445, 241.60292082655445, 241.60292082655445, 241.60292082655445, 241.60292082655445, 241.60292082655445, 241.60292082655445, 241.60292082655445, 241.60292082655445, 241.60292082655445, 241.60292082655445, 241.60292082655445, 241.60292082655445, 241.60292082655445, 241.60292082655445, 241.60292082655445, 241.60292082655445]
Done!
