('generated stochastic delays:', [array([ 2, 11,  5, ...,  2,  3,  1])])
('opt_fidel_cost:', 1.1)
Running Experiment1: 
('total budget:', 600)
Auto Init: 
C: 20.469600578508693
nu: 20.469600578508693
Budget Remaining: 591.993330002
Number of MFHOO Instances: 1
Budget per MFHOO Instance:590.893330002
Running SOO number: 1 rho: 0.95 nu: 20.469600578508693
delay_type: DHOO
policy: UCBV
[0.984375 0.484375 0.796875 0.984375 0.421875 0.015625 0.015625 0.96875 ]
final iterations:68987409
final HOO number of nodes:769
final HOO height:44
final duration:590
final optimal value:286.944554 
time durations: [0.0012640953063964844, 4.00227689743042, 8.01153302192688, 8.012178897857666, 12.016735076904297, 16.023343086242676, 16.02399206161499, 20.029188871383667, 24.03469491004944, 24.03574299812317, 24.036983013153076, 28.04162907600403, 28.04202890396118, 28.042815923690796, 32.0552339553833, 32.05636692047119, 36.06031394004822, 36.06095504760742, 40.08307695388794, 40.08356499671936, 40.08420705795288, 44.10417199134827, 44.10586905479431, 48.11215400695801, 48.11271691322327, 52.124181032180786, 52.125065088272095, 56.13045597076416, 56.131277084350586, 60.13402009010315, 60.13535809516907, 60.136417865753174, 64.14245700836182, 64.14333295822144, 68.14744901657104, 68.14859199523926, 72.15561890602112, 76.1615960597992, 76.16293287277222, 80.16929697990417, 84.17925190925598, 84.1804358959198, 88.1874349117279, 88.18862700462341, 92.1975040435791, 92.19894790649414, 96.21654009819031, 100.21854496002197, 100.2196900844574, 104.23199105262756, 104.23342299461365, 108.24170994758606, 108.24398708343506, 112.25115704536438, 112.25327396392822, 116.25703501701355, 120.26669192314148, 120.26842999458313, 124.27295207977295, 124.27482104301453, 124.27614903450012, 128.28440809249878, 132.28863906860352, 132.28992891311646, 132.29128503799438, 136.3042130470276, 136.30551600456238, 140.3223900794983, 140.32401204109192, 144.35424208641052, 144.35583901405334, 148.36702799797058, 152.38731598854065, 152.38900208473206, 156.39590287208557, 160.40273094177246, 160.40426087379456, 164.41644597053528, 164.41867589950562, 168.42728805541992, 168.4289059638977, 172.4414610862732, 172.4432249069214, 176.46280002593994, 180.4749140739441, 180.47682809829712, 180.4784860610962, 184.49185490608215, 188.4972689151764, 188.49893593788147, 188.50064897537231, 192.51746106147766, 192.519690990448, 196.52739596366882, 196.52986001968384, 200.55617690086365, 200.55834889411926, 204.56169891357422, 204.564297914505, 208.58011603355408, 212.58274388313293, 212.58501291275024, 216.59599709510803, 216.59821200370789, 220.60205793380737, 224.6165850162506, 224.61902809143066, 228.6327359676361, 228.63468503952026, 232.65766286849976, 232.65965700149536, 236.6752679347992, 236.67757296562195, 240.68270707130432, 240.68486094474792, 244.69331789016724, 244.69652700424194, 248.70704293251038, 252.7131540775299, 252.71562695503235, 256.7366850376129, 256.7392420768738, 260.7480549812317, 264.7498710155487, 264.7525370121002, 268.77308797836304, 268.7757589817047, 272.7868950366974, 272.7894959449768, 272.79181599617004, 276.80419301986694, 276.80668687820435, 276.80924010276794, 280.8324739933014, 284.8413898944855, 284.843945980072, 284.8462369441986, 288.86813402175903, 292.88085198402405, 292.8834140300751, 296.8957829475403, 296.8982820510864, 300.90929794311523, 300.91237902641296, 304.9248309135437, 304.9275999069214, 308.94057607650757, 308.9433889389038, 312.94940304756165, 316.95853209495544, 316.96149802207947, 320.97577595710754, 320.97829008102417, 324.99630999565125, 325.00022196769714, 325.0026478767395, 329.0245580673218, 329.0276849269867, 333.0439119338989, 333.0476539134979, 333.05089592933655, 337.06461095809937, 337.06964087486267, 337.07294607162476, 337.07607197761536, 341.0901529788971, 341.092985868454, 341.0961298942566, 345.1033160686493, 345.106360912323, 345.1094000339508, 349.114492893219, 349.117604970932, 349.1386890411377, 349.14202404022217, 353.1386559009552, 353.1567950248718, 353.1600558757782, 357.15212893486023, 357.15516901016235, 357.1816740036011, 361.17074608802795, 361.17449402809143, 361.18982887268066, 365.1888909339905, 365.19200897216797, 365.1974229812622, 365.2013409137726, 369.20636892318726, 369.2104079723358, 369.22312688827515, 369.2268650531769, 373.22342896461487, 373.22683906555176, 373.25508999824524, 373.258682012558, 377.2399260997772, 377.24408292770386, 377.2695519924164, 377.2740240097046, 377.2780430316925, 381.28665494918823, 381.2901940345764, 381.29481506347656, 381.2984719276428, 381.3023328781128, 385.3206169605255, 385.324982881546, 385.328635931015, 389.34807991981506, 389.35228204727173, 389.35630202293396, 393.37142300605774, 393.37524008750916, 393.3788900375366, 397.3895208835602, 397.3944299221039, 397.40762209892273, 397.41277503967285, 397.41756296157837, 401.4405860900879, 401.44475197792053, 401.44849586486816, 405.456405878067, 405.4619228839874, 405.465882062912, 405.46985602378845, 409.49930691719055, 409.50360202789307, 409.50772500038147, 413.519828081131, 413.5252320766449, 413.5294198989868, 413.5336980819702, 417.53413486480713, 417.53896594047546, 417.5429918766022, 417.54760003089905, 421.56928992271423, 421.57394194602966, 421.57886004447937, 425.61404490470886, 425.61929297447205, 425.62411093711853, 429.6428608894348, 429.64706206321716, 429.65137696266174, 433.6598210334778, 433.66381001472473, 433.68425393104553, 433.6890609264374, 437.67436504364014, 437.67979288101196, 437.6997299194336, 437.7043960094452, 437.70897793769836, 441.69900703430176, 441.70370292663574, 441.73297595977783, 441.7377440929413, 445.72918486595154, 445.734267950058, 445.76855206489563, 445.77276706695557, 445.7779870033264, 449.7990620136261, 449.80474495887756, 449.8093490600586, 449.81386709213257, 453.8300840854645, 453.834734916687, 453.8394660949707, 457.8537220954895, 457.860552072525, 457.8679599761963, 461.8738749027252, 461.88542103767395, 461.89441895484924, 461.9026429653168, 465.9037799835205, 465.9112949371338, 465.92195200920105, 465.92886900901794, 469.9265990257263, 469.9314959049225, 469.9376759529114, 469.9430329799652, 469.94873905181885, 473.95081901550293, 473.96046900749207, 473.9695038795471, 473.976548910141, 477.9911940097809, 478.0006799697876, 478.0083999633789, 478.0158939361572, 482.04286193847656, 482.04865193367004, 482.0560119152069, 486.06123399734497, 486.06968808174133, 486.0751509666443, 486.0823199748993, 490.0880129337311, 490.0974860191345, 490.1025950908661, 490.10757088661194, 494.11760997772217, 494.1255900859833, 494.133663892746, 498.13403701782227, 498.1548550128937, 498.16596603393555, 498.1742990016937, 502.18341398239136, 502.1906170845032, 502.19661593437195, 506.20445704460144, 506.2156090736389, 506.22301506996155, 506.23013496398926, 510.2262918949127, 510.2414629459381, 510.2478470802307, 510.25355195999146, 514.2558929920197, 514.2650580406189, 514.2733500003815, 514.2813429832458, 518.2850968837738, 518.2919809818268, 518.298378944397, 522.3210089206696, 522.3277020454407, 522.3336520195007, 526.3503339290619, 526.3575160503387, 526.3635010719299, 526.3701388835907, 530.3792810440063, 530.3882420063019, 530.4109790325165, 530.4188098907471, 534.4044120311737, 534.4103150367737, 534.4293079376221, 534.436173915863, 534.4419910907745, 538.4239790439606, 538.4542050361633, 538.4596018791199, 538.4655249118805, 542.4803969860077, 542.4898970127106, 542.4985098838806, 546.5069999694824, 546.5134720802307, 546.5213038921356, 546.5264229774475, 550.5293350219727, 550.5398900508881, 550.5473289489746, 554.5518429279327, 554.5607841014862, 554.568911075592, 554.5808880329132, 554.5886480808258, 558.5841610431671, 558.6008100509644, 558.606204032898, 562.6338338851929, 562.6401340961456, 566.6680340766907, 566.6752600669861, 570.6854619979858, 570.6921610832214, 574.7026369571686, 574.7088479995728, 578.7226929664612, 578.7330820560455, 582.7424459457397, 582.74915599823, 586.7641708850861, 586.7707650661469, 590.7886550426483, 590.7949540615082]
noisy values: [56.41319345295263, 59.962338364486115, 94.53204731537316, 94.53204731537316, 96.58698149540068, 97.5507732135684, 97.5507732135684, 97.62665068019264, 97.62665068019264, 97.62665068019264, 108.73690134650317, 108.73690134650317, 108.73690134650317, 108.73690134650317, 109.5415764148095, 109.8126016291323, 120.80759848259173, 120.80759848259173, 121.10649787998585, 121.10649787998585, 121.10649787998585, 121.10649787998585, 121.10649787998585, 121.10688806643265, 121.10688806643265, 121.10688806643265, 121.10688806643265, 121.97314160447019, 121.97314160447019, 135.13881748437757, 135.13881748437757, 135.13881748437757, 135.13881748437757, 135.13881748437757, 164.37555180681835, 164.37555180681835, 166.73589100610587, 167.76991543608966, 167.76991543608966, 175.98460287139727, 175.98460287139727, 175.98460287139727, 176.92904545994577, 176.92904545994577, 176.92904545994577, 176.92904545994577, 176.92904545994577, 176.92904545994577, 176.92904545994577, 184.73705181575826, 184.73705181575826, 184.73705181575826, 184.73705181575826, 184.73705181575826, 184.73705181575826, 184.73705181575826, 184.73705181575826, 184.73705181575826, 184.73705181575826, 184.73705181575826, 184.73705181575826, 185.1628807276448, 196.88212888458133, 196.88212888458133, 196.88212888458133, 196.88212888458133, 196.88212888458133, 201.94465745027333, 201.94465745027333, 201.94465745027333, 201.94465745027333, 203.3424091049933, 222.91522881417464, 222.91522881417464, 223.8450369063446, 223.8450369063446, 223.8450369063446, 223.8450369063446, 223.8450369063446, 224.68159448380055, 224.68159448380055, 229.92659747568158, 229.92659747568158, 229.92659747568158, 229.92659747568158, 229.92659747568158, 229.92659747568158, 229.92659747568158, 229.92676544058543, 229.92676544058543, 229.92676544058543, 230.82128251662783, 230.82128251662783, 235.66951467871172, 235.66951467871172, 235.66951467871172, 235.66951467871172, 235.66951467871172, 235.66951467871172, 235.66951467871172, 235.66951467871172, 235.66951467871172, 235.94244339456316, 235.94244339456316, 235.94244339456316, 243.71904526662058, 243.71904526662058, 243.71904526662058, 243.71904526662058, 243.71904526662058, 243.71904526662058, 247.21285845409884, 247.21285845409884, 252.75798353520807, 252.75798353520807, 252.75798353520807, 252.75798353520807, 252.75798353520807, 252.75798353520807, 252.75798353520807, 258.6151706764993, 258.6151706764993, 258.6151706764993, 259.29960851267606, 259.29960851267606, 259.29960851267606, 259.29960851267606, 259.29960851267606, 259.29960851267606, 259.29960851267606, 259.92684269514604, 259.92684269514604, 259.92684269514604, 262.9959810763073, 262.9959810763073, 262.9959810763073, 262.9959810763073, 262.9959810763073, 263.48984608857853, 263.48984608857853, 266.5155855982088, 266.5155855982088, 266.5156947829202, 266.5156947829202, 266.5156947829202, 266.5156947829202, 266.62205025235517, 266.62205025235517, 266.62205025235517, 266.62205025235517, 266.62205025235517, 271.02946952704684, 271.02946952704684, 271.02946952704684, 271.02946952704684, 271.02946952704684, 271.02946952704684, 271.02946952704684, 271.1900610205227, 271.1900610205227, 271.1900610205227, 271.2389870249543, 271.2389870249543, 271.2389870249543, 271.2389870249543, 271.2390994799266, 271.2390994799266, 271.2390994799266, 271.2390994799266, 271.2390994799266, 271.2390994799266, 271.2390994799266, 271.2390994799266, 271.2390994799266, 271.2390994799266, 271.2390994799266, 271.2390994799266, 271.2390994799266, 271.2390994799266, 271.2390994799266, 273.22985929745477, 273.22985929745477, 273.22985929745477, 273.22985929745477, 273.22985929745477, 273.22985929745477, 273.22985929745477, 273.22985929745477, 273.22985929745477, 273.22985929745477, 273.22985929745477, 273.22985929745477, 273.22985929745477, 273.22985929745477, 273.22985929745477, 273.22985929745477, 273.22985929745477, 273.22985929745477, 273.22985929745477, 273.22985929745477, 273.22985929745477, 273.22985929745477, 273.22985929745477, 273.22985929745477, 273.22985929745477, 273.22985929745477, 273.22985929745477, 273.22985929745477, 273.22985929745477, 273.22985929745477, 273.22985929745477, 273.22985929745477, 273.22985929745477, 273.22985929745477, 273.22985929745477, 273.22985929745477, 273.22985929745477, 273.22985929745477, 273.22985929745477, 273.22985929745477, 273.22985929745477, 273.22985929745477, 273.22985929745477, 273.22985929745477, 273.22985929745477, 273.22985929745477, 273.22985929745477, 273.22985929745477, 273.22985929745477, 273.22985929745477, 276.1658797544982, 276.1658797544982, 276.1658797544982, 276.1658797544982, 276.1658797544982, 276.1658797544982, 276.1658797544982, 276.1658797544982, 276.1658797544982, 276.1658797544982, 276.1658797544982, 276.1658797544982, 276.1658797544982, 276.1658797544982, 276.1658797544982, 276.1658797544982, 276.1658797544982, 276.1658797544982, 276.1658797544982, 276.1658797544982, 276.1658797544982, 276.1658797544982, 276.1658797544982, 276.1658797544982, 276.1658797544982, 276.1658797544982, 276.1658797544982, 276.1658797544982, 276.1658797544982, 276.1658797544982, 276.1658797544982, 276.1658797544982, 276.1658797544982, 276.1658797544982, 276.1658797544982, 276.1658797544982, 276.1658797544982, 276.1658797544982, 276.1658797544982, 276.1658797544982, 276.1658797544982, 276.1658797544982, 279.476610481302, 279.476610481302, 279.476610481302, 279.476610481302, 279.476610481302, 279.476610481302, 279.476610481302, 279.476610481302, 279.476610481302, 279.476610481302, 279.476610481302, 279.476610481302, 279.476610481302, 279.476610481302, 279.476610481302, 279.476610481302, 279.476610481302, 279.476610481302, 279.9541740238012, 279.9541740238012, 279.9541740238012, 279.9541740238012, 279.9541740238012, 279.9541740238012, 279.9541740238012, 279.9541740238012, 279.9541740238012, 279.9541740238012, 279.9541740238012, 279.9541740238012, 279.9541740238012, 279.9541740238012, 279.9541740238012, 279.9541740238012, 279.9541740238012, 279.9541740238012, 279.9541740238012, 279.9541740238012, 279.9541740238012, 279.9541740238012, 279.9541740238012, 279.9541740238012, 279.9541740238012, 279.9541740238012, 279.9541740238012, 279.9541740238012, 279.9541740238012, 279.9541740238012, 279.9541740238012, 279.9541740238012, 279.9541740238012, 279.9541740238012, 279.9541740238012, 279.9541740238012, 279.9541740238012, 279.9541740238012, 279.9541740238012, 279.9541740238012, 279.9541740238012, 279.9541740238012, 279.9541740238012, 279.9541740238012, 279.9541740238012, 279.9541740238012, 279.9541740238012, 279.9541740238012, 279.9541740238012, 280.6460361050376, 280.6460361050376, 280.6460361050376, 280.6460361050376, 282.35394250732617, 282.35394250732617, 282.35394250732617, 282.35394250732617, 282.35394250732617, 282.35394250732617, 282.35394250732617, 282.35394250732617, 282.35394250732617, 282.35394250732617, 282.35394250732617, 282.35394250732617, 282.35394250732617, 282.35394250732617, 282.35394250732617, 282.35394250732617, 282.35394250732617, 282.7534243180355, 282.7534243180355, 282.7534243180355, 282.7534243180355, 282.7534243180355, 282.7785372279078, 282.7785372279078, 282.7785372279078, 284.4529488988468, 284.4529488988468, 284.4529488988468, 284.4529488988468, 284.4529488988468, 284.4529488988468, 284.4529488988468, 284.4529488988468, 284.4529488988468, 284.4529488988468, 284.7979544104932, 284.7979544104932, 284.7979544104932, 284.7979544104932, 284.7979544104932, 284.7979544104932, 286.9445542112291, 286.9445542112291]
data points:
values: [70.87291263681897, 70.87291263681897, 115.89303989857751, 115.89303989857751, 115.89303989857751, 115.85975045666446, 115.85988375306798, 115.85988375306798, 115.94997398170983, 115.94997398170983, 115.94997398170983, 127.94479887636948, 127.94479887636948, 127.94479887636948, 127.94479887636948, 127.76327751458285, 128.07938742337058, 139.74108478157498, 139.74108478157498, 140.08682999431156, 140.08682999431156, 140.08682999431156, 140.08682999431156, 140.08682999431156, 140.08717575937712, 140.08717575937712, 140.08717575937712, 140.08717575937712, 139.9922158545257, 155.1028592548778, 155.1028592548778, 155.1028592548778, 155.1028592548778, 155.1028592548778, 187.27550367333615, 187.27550367333615, 187.27550367333615, 187.41889968025268, 187.41878506986023, 187.41878506986023, 195.45101871571137, 195.45101871571137, 195.45101871571137, 195.41916098036864, 195.41916098036864, 195.41916098036864, 195.41916098036864, 195.41916098036864, 195.41916098036864, 195.41916098036864, 202.98245650852024, 202.98245650852024, 202.98245650852024, 202.98245650852024, 202.98245650852024, 202.98245650852024, 202.98245650852024, 202.98245650852024, 202.98245650852024, 202.98245650852024, 202.98245650852024, 202.98245650852024, 215.26403532197816, 215.26403532197816, 215.26403532197816, 215.26403532197816, 215.26403532197816, 215.26403532197816, 219.77327784754564, 219.77327784754564, 219.77327784754564, 219.77327784754564, 240.52488346525428, 240.52488346525428, 240.52488346525428, 240.57789020832084, 240.57789020832084, 240.57789020832084, 240.57789020832084, 240.57789020832084, 240.57781013728624, 240.57781013728624, 245.3260563899958, 245.3260563899958, 245.3260563899958, 245.3260563899958, 245.3260563899958, 245.3260563899958, 245.3260563899958, 245.32621491932414, 245.32621491932414, 245.32621491932414, 245.458677209863, 245.458677209863, 249.82224948918412, 249.82224948918412, 249.82224948918412, 249.82224948918412, 249.82224948918412, 249.82224948918412, 249.82224948918412, 249.82224948918412, 249.82224948918412, 250.11156886326464, 250.11156886326464, 257.58175926523853, 257.58175926523853, 257.58175926523853, 257.58175926523853, 257.58175926523853, 257.58175926523853, 257.58175926523853, 260.53334837487347, 265.6615375217798, 265.6615375217798, 265.6615375217798, 265.6615375217798, 265.6615375217798, 265.6615375217798, 265.6615375217798, 271.81774762157454, 271.81774762157454, 271.81774762157454, 271.81774762157454, 271.84323063077363, 271.84323063077363, 271.84323063077363, 271.84323063077363, 271.84323063077363, 271.84323063077363, 271.84323063077363, 271.84328158928537, 271.84328158928537, 271.84328158928537, 274.4240722372849, 274.4240722372849, 274.4240722372849, 274.4240722372849, 274.4240722372849, 274.3433470392815, 274.3433470392815, 276.92337851614, 276.92337851614, 276.92348394381537, 276.92348394381537, 276.92348394381537, 276.92348394381537, 277.03399589850727, 277.03399589850727, 277.03399589850727, 277.03399589850727, 281.0647447102549, 281.0647447102549, 281.0647447102549, 281.0647447102549, 281.0647447102549, 281.0647447102549, 281.0647447102549, 281.0647447102549, 281.2312824999209, 281.2312824999209, 281.2312824999209, 281.2820170226026, 281.2820170226026, 281.2820170226026, 281.2820170226026, 281.2821257951564, 281.2821257951564, 281.2821257951564, 281.2821257951564, 281.2821257951564, 281.2821257951564, 281.2821257951564, 281.2821257951564, 281.2821257951564, 281.2821257951564, 281.2821257951564, 281.2821257951564, 281.2821257951564, 281.2821257951564, 281.2821257951564, 282.823003727994, 282.823003727994, 282.823003727994, 282.823003727994, 282.823003727994, 282.823003727994, 282.823003727994, 282.823003727994, 282.823003727994, 282.823003727994, 282.823003727994, 282.823003727994, 282.823003727994, 282.823003727994, 282.823003727994, 282.823003727994, 282.823003727994, 282.823003727994, 282.823003727994, 282.823003727994, 282.823003727994, 282.823003727994, 282.823003727994, 282.823003727994, 282.823003727994, 282.823003727994, 282.823003727994, 282.823003727994, 282.823003727994, 282.823003727994, 282.823003727994, 282.823003727994, 282.823003727994, 282.823003727994, 282.823003727994, 282.823003727994, 282.823003727994, 282.823003727994, 282.823003727994, 282.823003727994, 282.823003727994, 282.823003727994, 282.823003727994, 282.823003727994, 282.823003727994, 282.823003727994, 282.823003727994, 282.823003727994, 282.823003727994, 282.823003727994, 285.36115639576497, 285.36115639576497, 285.36115639576497, 285.36115639576497, 285.36115639576497, 285.36115639576497, 285.36115639576497, 285.36115639576497, 285.36115639576497, 285.36115639576497, 285.36115639576497, 285.36115639576497, 285.36115639576497, 285.36115639576497, 285.36115639576497, 285.36115639576497, 285.36115639576497, 285.36115639576497, 285.36115639576497, 285.36115639576497, 285.36115639576497, 285.36115639576497, 285.36115639576497, 285.36115639576497, 285.36115639576497, 285.36115639576497, 285.36115639576497, 285.36115639576497, 285.36115639576497, 285.36115639576497, 285.36115639576497, 285.36115639576497, 285.36115639576497, 285.36115639576497, 285.36115639576497, 285.36115639576497, 285.36115639576497, 285.36115639576497, 285.36115639576497, 285.36115639576497, 285.36115639576497, 288.7821322470826, 288.7821322470826, 288.7821322470826, 288.7821322470826, 288.7821322470826, 288.7821322470826, 288.7821322470826, 288.7821322470826, 288.7821322470826, 288.7821322470826, 288.7821322470826, 288.7821322470826, 288.7821322470826, 288.7821322470826, 288.7821322470826, 288.7821322470826, 288.7821322470826, 288.7821322470826, 288.79480707750605, 288.79480707750605, 288.79480707750605, 288.79480707750605, 288.79480707750605, 288.79480707750605, 288.79480707750605, 288.79480707750605, 288.79480707750605, 288.79480707750605, 288.79480707750605, 288.79480707750605, 288.79480707750605, 288.79480707750605, 288.79480707750605, 288.79480707750605, 288.79480707750605, 288.79480707750605, 288.79480707750605, 288.79480707750605, 288.79480707750605, 288.79480707750605, 288.79480707750605, 288.79480707750605, 288.79480707750605, 288.79480707750605, 288.79480707750605, 288.79480707750605, 288.79480707750605, 288.79480707750605, 288.79480707750605, 288.79480707750605, 288.79480707750605, 288.79480707750605, 288.79480707750605, 288.79480707750605, 288.79480707750605, 288.79480707750605, 288.79480707750605, 288.79480707750605, 288.79480707750605, 288.79480707750605, 288.79480707750605, 288.79480707750605, 288.79480707750605, 288.79480707750605, 288.79480707750605, 288.79480707750605, 288.79480707750605, 288.79480707750605, 288.61987272818146, 288.61987272818146, 288.61987272818146, 288.61987272818146, 289.96437524089043, 289.96437524089043, 289.96437524089043, 289.96437524089043, 289.96437524089043, 289.96437524089043, 289.96437524089043, 289.96437524089043, 289.96437524089043, 289.96437524089043, 289.96437524089043, 289.96437524089043, 289.96437524089043, 289.96437524089043, 289.96437524089043, 289.96437524089043, 289.8920522420581, 289.9838213088511, 289.9838213088511, 289.9838213088511, 289.9838213088511, 289.9838213088511, 290.00957536371794, 290.00957536371794, 290.00957536371794, 291.3542874596857, 291.3542874596857, 291.3542874596857, 291.3542874596857, 291.3542874596857, 291.3542874596857, 291.3542874596857, 291.3542874596857, 291.3542874596857, 291.3542874596857, 291.35422732632964, 291.35422732632964, 291.35422732632964, 291.35422732632964, 291.35422732632964, 291.35422732632964, 293.55024307248505]
real values1: [70.87291263681897, 74.39645309951365, 115.89303989857751, 115.89303989857751, 115.85975045666446, 115.85988375306798, 115.85988375306798, 115.94997398170983, 115.94997398170983, 115.94997398170983, 127.94479887636948, 127.94479887636948, 127.94479887636948, 127.94479887636948, 127.76327751458285, 128.07938742337058, 139.74108478157498, 139.74108478157498, 140.08682999431156, 140.08682999431156, 140.08682999431156, 140.08682999431156, 140.08682999431156, 140.08717575937712, 140.08717575937712, 140.08717575937712, 140.08717575937712, 139.9922158545257, 139.9922158545257, 155.1028592548778, 155.1028592548778, 155.1028592548778, 155.1028592548778, 155.1028592548778, 187.27550367333615, 187.27550367333615, 187.41889968025268, 187.41878506986023, 187.41878506986023, 195.45101871571137, 195.45101871571137, 195.45101871571137, 195.41916098036864, 195.41916098036864, 195.41916098036864, 195.41916098036864, 195.41916098036864, 195.41916098036864, 195.41916098036864, 202.98245650852024, 202.98245650852024, 202.98245650852024, 202.98245650852024, 202.98245650852024, 202.98245650852024, 202.98245650852024, 202.98245650852024, 202.98245650852024, 202.98245650852024, 202.98245650852024, 202.98245650852024, 203.45034289868238, 215.26403532197816, 215.26403532197816, 215.26403532197816, 215.26403532197816, 215.26403532197816, 219.77327784754564, 219.77327784754564, 219.77327784754564, 219.77327784754564, 220.3218780872175, 240.52488346525428, 240.52488346525428, 240.57789020832084, 240.57789020832084, 240.57789020832084, 240.57789020832084, 240.57789020832084, 240.57781013728624, 240.57781013728624, 245.3260563899958, 245.3260563899958, 245.3260563899958, 245.3260563899958, 245.3260563899958, 245.3260563899958, 245.3260563899958, 245.32621491932414, 245.32621491932414, 245.32621491932414, 245.458677209863, 245.458677209863, 249.82224948918412, 249.82224948918412, 249.82224948918412, 249.82224948918412, 249.82224948918412, 249.82224948918412, 249.82224948918412, 249.82224948918412, 249.82224948918412, 250.11156886326464, 250.11156886326464, 250.11156886326464, 257.58175926523853, 257.58175926523853, 257.58175926523853, 257.58175926523853, 257.58175926523853, 257.58175926523853, 260.53334837487347, 260.53334837487347, 265.6615375217798, 265.6615375217798, 265.6615375217798, 265.6615375217798, 265.6615375217798, 265.6615375217798, 265.6615375217798, 271.81774762157454, 271.81774762157454, 271.81774762157454, 271.84323063077363, 271.84323063077363, 271.84323063077363, 271.84323063077363, 271.84323063077363, 271.84323063077363, 271.84323063077363, 271.84328158928537, 271.84328158928537, 271.84328158928537, 274.4240722372849, 274.4240722372849, 274.4240722372849, 274.4240722372849, 274.4240722372849, 274.3433470392815, 274.3433470392815, 276.92337851614, 276.92337851614, 276.92348394381537, 276.92348394381537, 276.92348394381537, 276.92348394381537, 277.03399589850727, 277.03399589850727, 277.03399589850727, 277.03399589850727, 277.03399589850727, 281.0647447102549, 281.0647447102549, 281.0647447102549, 281.0647447102549, 281.0647447102549, 281.0647447102549, 281.0647447102549, 281.2312824999209, 281.2312824999209, 281.2312824999209, 281.2820170226026, 281.2820170226026, 281.2820170226026, 281.2820170226026, 281.2821257951564, 281.2821257951564, 281.2821257951564, 281.2821257951564, 281.2821257951564, 281.2821257951564, 281.2821257951564, 281.2821257951564, 281.2821257951564, 281.2821257951564, 281.2821257951564, 281.2821257951564, 281.2821257951564, 281.2821257951564, 281.2821257951564, 282.823003727994, 282.823003727994, 282.823003727994, 282.823003727994, 282.823003727994, 282.823003727994, 282.823003727994, 282.823003727994, 282.823003727994, 282.823003727994, 282.823003727994, 282.823003727994, 282.823003727994, 282.823003727994, 282.823003727994, 282.823003727994, 282.823003727994, 282.823003727994, 282.823003727994, 282.823003727994, 282.823003727994, 282.823003727994, 282.823003727994, 282.823003727994, 282.823003727994, 282.823003727994, 282.823003727994, 282.823003727994, 282.823003727994, 282.823003727994, 282.823003727994, 282.823003727994, 282.823003727994, 282.823003727994, 282.823003727994, 282.823003727994, 282.823003727994, 282.823003727994, 282.823003727994, 282.823003727994, 282.823003727994, 282.823003727994, 282.823003727994, 282.823003727994, 282.823003727994, 282.823003727994, 282.823003727994, 282.823003727994, 282.823003727994, 282.823003727994, 285.36115639576497, 285.36115639576497, 285.36115639576497, 285.36115639576497, 285.36115639576497, 285.36115639576497, 285.36115639576497, 285.36115639576497, 285.36115639576497, 285.36115639576497, 285.36115639576497, 285.36115639576497, 285.36115639576497, 285.36115639576497, 285.36115639576497, 285.36115639576497, 285.36115639576497, 285.36115639576497, 285.36115639576497, 285.36115639576497, 285.36115639576497, 285.36115639576497, 285.36115639576497, 285.36115639576497, 285.36115639576497, 285.36115639576497, 285.36115639576497, 285.36115639576497, 285.36115639576497, 285.36115639576497, 285.36115639576497, 285.36115639576497, 285.36115639576497, 285.36115639576497, 285.36115639576497, 285.36115639576497, 285.36115639576497, 285.36115639576497, 285.36115639576497, 285.36115639576497, 285.36115639576497, 285.36115639576497, 288.7821322470826, 288.7821322470826, 288.7821322470826, 288.7821322470826, 288.7821322470826, 288.7821322470826, 288.7821322470826, 288.7821322470826, 288.7821322470826, 288.7821322470826, 288.7821322470826, 288.7821322470826, 288.7821322470826, 288.7821322470826, 288.7821322470826, 288.7821322470826, 288.7821322470826, 288.7821322470826, 288.79480707750605, 288.79480707750605, 288.79480707750605, 288.79480707750605, 288.79480707750605, 288.79480707750605, 288.79480707750605, 288.79480707750605, 288.79480707750605, 288.79480707750605, 288.79480707750605, 288.79480707750605, 288.79480707750605, 288.79480707750605, 288.79480707750605, 288.79480707750605, 288.79480707750605, 288.79480707750605, 288.79480707750605, 288.79480707750605, 288.79480707750605, 288.79480707750605, 288.79480707750605, 288.79480707750605, 288.79480707750605, 288.79480707750605, 288.79480707750605, 288.79480707750605, 288.79480707750605, 288.79480707750605, 288.79480707750605, 288.79480707750605, 288.79480707750605, 288.79480707750605, 288.79480707750605, 288.79480707750605, 288.79480707750605, 288.79480707750605, 288.79480707750605, 288.79480707750605, 288.79480707750605, 288.79480707750605, 288.79480707750605, 288.79480707750605, 288.79480707750605, 288.79480707750605, 288.79480707750605, 288.79480707750605, 288.79480707750605, 288.61987272818146, 288.61987272818146, 288.61987272818146, 288.61987272818146, 289.96437524089043, 289.96437524089043, 289.96437524089043, 289.96437524089043, 289.96437524089043, 289.96437524089043, 289.96437524089043, 289.96437524089043, 289.96437524089043, 289.96437524089043, 289.96437524089043, 289.96437524089043, 289.96437524089043, 289.96437524089043, 289.96437524089043, 289.96437524089043, 289.96437524089043, 289.9838213088511, 289.9838213088511, 289.9838213088511, 289.9838213088511, 289.9838213088511, 290.00957536371794, 290.00957536371794, 290.00957536371794, 291.3542874596857, 291.3542874596857, 291.3542874596857, 291.3542874596857, 291.3542874596857, 291.3542874596857, 291.3542874596857, 291.3542874596857, 291.3542874596857, 291.3542874596857, 291.35422732632964, 291.35422732632964, 291.35422732632964, 291.35422732632964, 291.35422732632964, 291.35422732632964, 293.55024307248505, 293.55024307248505]
real values2: [70.87291263681897, 74.39645309951365, 115.89303989857751, 115.89303989857751, 115.85975045666446, 115.85988375306798, 115.85988375306798, 115.94997398170983, 115.94997398170983, 115.94997398170983, 127.94479887636948, 127.94479887636948, 127.94479887636948, 127.94479887636948, 127.76327751458285, 128.07938742337058, 139.74108478157498, 139.74108478157498, 140.08682999431156, 140.08682999431156, 140.08682999431156, 140.08682999431156, 140.08682999431156, 140.08717575937712, 140.08717575937712, 140.08717575937712, 140.08717575937712, 139.9922158545257, 139.9922158545257, 155.1028592548778, 155.1028592548778, 155.1028592548778, 155.1028592548778, 155.1028592548778, 187.27550367333615, 187.27550367333615, 187.41889968025268, 187.41878506986023, 187.41878506986023, 195.45101871571137, 195.45101871571137, 195.45101871571137, 195.41916098036864, 195.41916098036864, 195.41916098036864, 195.41916098036864, 195.41916098036864, 195.41916098036864, 195.41916098036864, 202.98245650852024, 202.98245650852024, 202.98245650852024, 202.98245650852024, 202.98245650852024, 202.98245650852024, 202.98245650852024, 202.98245650852024, 202.98245650852024, 202.98245650852024, 202.98245650852024, 202.98245650852024, 203.45034289868238, 215.26403532197816, 215.26403532197816, 215.26403532197816, 215.26403532197816, 215.26403532197816, 219.77327784754564, 219.77327784754564, 219.77327784754564, 219.77327784754564, 220.3218780872175, 240.52488346525428, 240.52488346525428, 240.57789020832084, 240.57789020832084, 240.57789020832084, 240.57789020832084, 240.57789020832084, 240.57781013728624, 240.57781013728624, 245.3260563899958, 245.3260563899958, 245.3260563899958, 245.3260563899958, 245.3260563899958, 245.3260563899958, 245.3260563899958, 245.32621491932414, 245.32621491932414, 245.32621491932414, 245.458677209863, 245.458677209863, 249.82224948918412, 249.82224948918412, 249.82224948918412, 249.82224948918412, 249.82224948918412, 249.82224948918412, 249.82224948918412, 249.82224948918412, 249.82224948918412, 250.11156886326464, 250.11156886326464, 250.11156886326464, 257.58175926523853, 257.58175926523853, 257.58175926523853, 257.58175926523853, 257.58175926523853, 257.58175926523853, 260.53334837487347, 260.53334837487347, 265.6615375217798, 265.6615375217798, 265.6615375217798, 265.6615375217798, 265.6615375217798, 265.6615375217798, 265.6615375217798, 271.81774762157454, 271.81774762157454, 271.81774762157454, 271.84323063077363, 271.84323063077363, 271.84323063077363, 271.84323063077363, 271.84323063077363, 271.84323063077363, 271.84323063077363, 271.84328158928537, 271.84328158928537, 271.84328158928537, 274.4240722372849, 274.4240722372849, 274.4240722372849, 274.4240722372849, 274.4240722372849, 274.3433470392815, 274.3433470392815, 276.92337851614, 276.92337851614, 276.92348394381537, 276.92348394381537, 276.92348394381537, 276.92348394381537, 277.03399589850727, 277.03399589850727, 277.03399589850727, 277.03399589850727, 277.03399589850727, 281.0647447102549, 281.0647447102549, 281.0647447102549, 281.0647447102549, 281.0647447102549, 281.0647447102549, 281.0647447102549, 281.2312824999209, 281.2312824999209, 281.2312824999209, 281.2820170226026, 281.2820170226026, 281.2820170226026, 281.2820170226026, 281.2821257951564, 281.2821257951564, 281.2821257951564, 281.2821257951564, 281.2821257951564, 281.2821257951564, 281.2821257951564, 281.2821257951564, 281.2821257951564, 281.2821257951564, 281.2821257951564, 281.2821257951564, 281.2821257951564, 281.2821257951564, 281.2821257951564, 282.823003727994, 282.823003727994, 282.823003727994, 282.823003727994, 282.823003727994, 282.823003727994, 282.823003727994, 282.823003727994, 282.823003727994, 282.823003727994, 282.823003727994, 282.823003727994, 282.823003727994, 282.823003727994, 282.823003727994, 282.823003727994, 282.823003727994, 282.823003727994, 282.823003727994, 282.823003727994, 282.823003727994, 282.823003727994, 282.823003727994, 282.823003727994, 282.823003727994, 282.823003727994, 282.823003727994, 282.823003727994, 282.823003727994, 282.823003727994, 282.823003727994, 282.823003727994, 282.823003727994, 282.823003727994, 282.823003727994, 282.823003727994, 282.823003727994, 282.823003727994, 282.823003727994, 282.823003727994, 282.823003727994, 282.823003727994, 282.823003727994, 282.823003727994, 282.823003727994, 282.823003727994, 282.823003727994, 282.823003727994, 282.823003727994, 282.823003727994, 285.36115639576497, 285.36115639576497, 285.36115639576497, 285.36115639576497, 285.36115639576497, 285.36115639576497, 285.36115639576497, 285.36115639576497, 285.36115639576497, 285.36115639576497, 285.36115639576497, 285.36115639576497, 285.36115639576497, 285.36115639576497, 285.36115639576497, 285.36115639576497, 285.36115639576497, 285.36115639576497, 285.36115639576497, 285.36115639576497, 285.36115639576497, 285.36115639576497, 285.36115639576497, 285.36115639576497, 285.36115639576497, 285.36115639576497, 285.36115639576497, 285.36115639576497, 285.36115639576497, 285.36115639576497, 285.36115639576497, 285.36115639576497, 285.36115639576497, 285.36115639576497, 285.36115639576497, 285.36115639576497, 285.36115639576497, 285.36115639576497, 285.36115639576497, 285.36115639576497, 285.36115639576497, 285.36115639576497, 288.7821322470826, 288.7821322470826, 288.7821322470826, 288.7821322470826, 288.7821322470826, 288.7821322470826, 288.7821322470826, 288.7821322470826, 288.7821322470826, 288.7821322470826, 288.7821322470826, 288.7821322470826, 288.7821322470826, 288.7821322470826, 288.7821322470826, 288.7821322470826, 288.7821322470826, 288.79480707750605, 288.79480707750605, 288.79480707750605, 288.79480707750605, 288.79480707750605, 288.79480707750605, 288.79480707750605, 288.79480707750605, 288.79480707750605, 288.79480707750605, 288.79480707750605, 288.79480707750605, 288.79480707750605, 288.79480707750605, 288.79480707750605, 288.79480707750605, 288.79480707750605, 288.79480707750605, 288.79480707750605, 288.79480707750605, 288.79480707750605, 288.79480707750605, 288.79480707750605, 288.79480707750605, 288.79480707750605, 288.79480707750605, 288.79480707750605, 288.79480707750605, 288.79480707750605, 288.79480707750605, 288.79480707750605, 288.79480707750605, 288.79480707750605, 288.79480707750605, 288.79480707750605, 288.79480707750605, 288.79480707750605, 288.79480707750605, 288.79480707750605, 288.79480707750605, 288.79480707750605, 288.79480707750605, 288.79480707750605, 288.79480707750605, 288.79480707750605, 288.79480707750605, 288.79480707750605, 288.79480707750605, 288.79480707750605, 288.79480707750605, 288.61987272818146, 288.61987272818146, 288.61987272818146, 288.61987272818146, 289.96437524089043, 289.96437524089043, 289.96437524089043, 289.96437524089043, 289.96437524089043, 289.96437524089043, 289.96437524089043, 289.96437524089043, 289.96437524089043, 289.96437524089043, 289.96437524089043, 289.96437524089043, 289.96437524089043, 289.96437524089043, 289.96437524089043, 289.96437524089043, 289.8920522420581, 289.9838213088511, 289.9838213088511, 289.9838213088511, 289.9838213088511, 289.9838213088511, 290.00957536371794, 290.00957536371794, 290.00957536371794, 291.3542874596857, 291.3542874596857, 291.3542874596857, 291.3542874596857, 291.3542874596857, 291.3542874596857, 291.3542874596857, 291.3542874596857, 291.3542874596857, 291.3542874596857, 291.35422732632964, 291.35422732632964, 291.35422732632964, 291.35422732632964, 291.35422732632964, 291.35422732632964, 293.55024307248505, 293.55024307248505]
Done!
