('generated stochastic delays:', [array([ 2, 11,  5, ...,  2,  3,  1])])
('opt_fidel_cost:', 1.1)
Running Experiment1: 
('total budget:', 600)
Auto Init: 
C: 20.469600578508693
nu: 20.469600578508693
Budget Remaining: 591.989697933
Number of MFHOO Instances: 1
Budget per MFHOO Instance:590.889697933
Running SOO number: 1 rho: 0.95 nu: 20.469600578508693
delay_type: DHOO
policy: UCBV
[0.9921875 0.4140625 0.7109375 0.9921875 0.3671875 0.0078125 0.015625
 0.484375 ]
final iterations:54246759
final HOO number of nodes:585
final HOO height:54
final duration:590
final optimal value:268.027308 
time durations: [0.007502079010009766, 4.009247064590454, 4.010101079940796, 8.01289987564087, 8.014643907546997, 8.015351057052612, 12.02086091041565, 12.021162033081055, 16.029865026474, 16.03034496307373, 20.037301063537598, 24.04902195930481, 24.049393892288208, 28.0612530708313, 28.061770915985107, 32.06681203842163, 32.068010091781616, 36.08569002151489, 36.08682298660278, 36.08869695663452, 40.09567999839783, 40.09622597694397, 40.09691309928894, 44.11279106140137, 48.11753797531128, 52.118993043899536, 52.12054800987244, 56.12670588493347, 56.127496004104614, 60.131162881851196, 60.13218092918396, 64.13965797424316, 68.14945387840271, 68.15054392814636, 72.15928387641907, 72.1601049900055, 76.16869688034058, 76.1698350906372, 80.1750340461731, 80.1760790348053, 84.1837420463562, 84.18460893630981, 88.19366788864136, 88.19461393356323, 92.20730495452881, 92.20891809463501, 92.21054697036743, 96.21703505516052, 100.22447991371155, 104.2304859161377, 104.23243689537048, 104.2336540222168, 108.25077891349792, 112.25804710388184, 112.25944089889526, 116.26904296875, 116.27023696899414, 120.27807807922363, 120.2827320098877, 120.28439807891846, 120.28613996505737, 124.30086994171143, 124.30287194252014, 128.3201880455017, 128.32183599472046, 132.33011889457703, 132.33208799362183, 136.34155797958374, 136.34291005134583, 140.3515501022339, 140.35331392288208, 144.36440992355347, 144.36597895622253, 148.38011288642883, 152.3854808807373, 152.38726210594177, 156.39217400550842, 160.39684200286865, 160.3981590270996, 164.41095900535583, 168.42500591278076, 172.434161901474, 172.43605208396912, 172.4377360343933, 176.45223999023438, 180.45960688591003, 180.46129202842712, 184.4715700149536, 184.47361993789673, 188.477942943573, 188.48038506507874, 192.50732803344727, 192.5094859600067, 192.511323928833, 196.55090808868408, 196.55327987670898, 200.5613739490509, 204.57153296470642, 204.57374095916748, 208.59914302825928, 208.60120010375977, 208.6031858921051, 212.61599588394165, 212.61795902252197, 216.63723707199097, 220.64651894569397, 220.64870810508728, 224.6648600101471, 224.66696691513062, 228.681067943573, 232.6924810409546, 232.69442009925842, 236.71223902702332, 236.71455097198486, 240.72034788131714, 240.72371697425842, 244.73219799995422, 244.73537302017212, 248.7461268901825, 252.75054693222046, 252.75423192977905, 256.7685399055481, 256.77096700668335, 260.7902190685272, 260.7924931049347, 264.8021008968353, 268.8093249797821, 268.812637090683, 272.82008504867554, 272.8226099014282, 276.84005093574524, 276.84266209602356, 280.85499811172485, 284.8683478832245, 284.8710548877716, 288.88639998435974, 288.88899302482605, 292.9022409915924, 292.9053039550781, 296.91956901550293, 296.9222629070282, 296.92486691474915, 300.94648909568787, 300.94901990890503, 300.95150089263916, 304.898885011673, 304.9017210006714, 308.91576194763184, 308.918643951416, 312.94366908073425, 312.946261882782, 316.9554579257965, 320.9589350223541, 320.963054895401, 324.9747951030731, 324.9786820411682, 328.987144947052, 328.9905729293823, 333.005331993103, 337.0118839740753, 337.0165069103241, 341.02975392341614, 341.0335919857025, 341.0378758907318, 345.06196093559265, 345.06580996513367, 349.077152967453, 353.0799300670624, 353.08410000801086, 357.10365200042725, 357.1078050136566, 361.11732506752014, 361.1243040561676, 361.12868189811707, 365.13984203338623, 365.14291191101074, 365.14587903022766, 369.16317105293274, 369.16627502441406, 373.17915296554565, 377.18356490135193, 377.1870450973511, 381.1952738761902, 381.1977639198303, 385.2082281112671, 389.23511695861816, 389.23837995529175, 393.24606800079346, 397.257600069046, 397.2632598876953, 401.2769019603729, 401.28030800819397, 405.2891619205475, 405.2930920124054, 409.30791306495667, 413.3133080005646, 413.31694889068604, 413.3204689025879, 417.3490779399872, 417.35268688201904, 421.36222195625305, 421.36679697036743, 425.3831191062927, 425.3869888782501, 425.39047503471375, 429.40576100349426, 429.4114100933075, 433.42164492607117, 433.42567110061646, 437.43893909454346, 437.4422929286957, 441.4557890892029, 441.46006894111633, 445.47935700416565, 445.48358607292175, 449.5073289871216, 453.52697706222534, 453.5308759212494, 453.53515911102295, 457.5454080104828, 457.55136704444885, 461.5624449253082, 461.568382024765, 461.57422709465027, 465.5886290073395, 465.5939140319824, 469.617644071579, 469.62453293800354, 473.6523668766022, 473.65658688545227, 477.6734049320221, 477.67748498916626, 481.68939208984375, 481.69420289993286, 485.70222997665405, 485.7066879272461, 485.7112329006195, 489.7268400192261, 489.7313940525055, 493.7481939792633, 493.75317096710205, 497.7683799266815, 497.77238392829895, 497.7774360179901, 501.79398107528687, 501.79711389541626, 501.80151891708374, 505.81329107284546, 505.8319079875946, 505.83778500556946, 509.8564119338989, 509.8608510494232, 509.8653509616852, 513.8873569965363, 513.8906679153442, 517.9074409008026, 517.9128539562225, 521.9279630184174, 521.9329760074615, 521.9376790523529, 525.9553730487823, 525.9616498947144, 529.98410987854, 533.9996500015259, 534.0041980743408, 538.014002084732, 538.0202240943909, 542.0395610332489, 542.0448460578918, 546.0550439357758, 546.0603029727936, 550.0680100917816, 550.0727190971375, 554.0976209640503, 554.1031858921051, 558.1133089065552, 562.1233620643616, 562.1282670497894, 562.1333689689636, 566.1509740352631, 566.1562910079956, 570.1705040931702, 570.1756670475006, 570.1808888912201, 574.2208549976349, 574.2253360748291, 578.2360029220581, 582.249195098877, 582.2542409896851, 582.2591850757599, 586.2834360599518, 586.2889630794525, 590.3075590133667, 590.3150370121002]
noisy values: [56.41319345295263, 56.41319345295263, 56.41319345295263, 86.56691326519997, 86.56691326519997, 86.56691326519997, 88.3977529281348, 88.3977529281348, 90.01550677084019, 90.01550677084019, 100.15358149937907, 100.15358149937907, 100.15358149937907, 101.7810497038814, 101.7810497038814, 112.09846532737131, 112.09846532737131, 112.09846532737131, 112.09846532737131, 112.09846532737131, 124.97145277023658, 124.97145277023658, 124.97145277023658, 151.8602954534898, 152.85553052290243, 153.7008258650598, 153.7008258650598, 161.1255522466269, 161.1255522466269, 161.1255522466269, 161.1255522466269, 161.12575227355728, 161.89729059161274, 161.89729059161274, 168.98461018656965, 168.98461018656965, 168.98483676327228, 168.98483676327228, 168.98483676327228, 168.98483676327228, 169.33744010028343, 169.33744010028343, 179.9732956381248, 179.9732956381248, 185.42373011310627, 185.42373011310627, 185.42373011310627, 203.2479971113349, 204.04849657952323, 204.77040265405165, 204.77040265405165, 204.77040265405165, 209.5110092428527, 209.5110092428527, 209.5110092428527, 209.5110092428527, 209.5110092428527, 209.5110092428527, 209.51118785753602, 209.51118785753602, 209.51118785753602, 210.91006407156883, 210.91006407156883, 214.77238515147246, 214.77238515147246, 214.77238515147246, 214.77238515147246, 214.77238515147246, 214.77238515147246, 214.77238515147246, 214.77238515147246, 214.91558538641448, 214.91558538641448, 221.9726379247068, 221.9726379247068, 221.9726379247068, 221.9726379247068, 221.9726379247068, 221.9726379247068, 221.9726379247068, 221.97283515773935, 225.38660300052584, 225.38660300052584, 225.38660300052584, 229.87347104328413, 229.87347104328413, 229.87347104328413, 229.87347104328413, 229.87347104328413, 229.87347104328413, 229.87347104328413, 229.87347104328413, 229.87347104328413, 229.87347104328413, 235.4929625386265, 235.4929625386265, 236.084332288125, 236.6255502180265, 236.6255502180265, 239.39098589883758, 239.39098589883758, 239.39098589883758, 239.39098589883758, 239.39098589883758, 239.39098589883758, 239.39098589883758, 239.39098589883758, 239.91423531797398, 239.91423531797398, 239.91423531797398, 239.91423531797398, 239.91423531797398, 239.95621399402418, 239.95621399402418, 242.6857916978223, 242.6857916978223, 242.6857916978223, 242.6857916978223, 242.6857916978223, 242.6857916978223, 242.6857916978223, 242.6857916978223, 242.6857916978223, 242.6857916978223, 242.6857916978223, 242.6857916978223, 246.66662871545458, 246.66662871545458, 248.6394316147972, 248.6394316147972, 248.79553126145578, 248.79553126145578, 248.79553126145578, 248.79553126145578, 248.79553126145578, 248.79553126145578, 248.79553126145578, 248.79553126145578, 248.79553126145578, 254.46304672809123, 254.46304672809123, 254.46304672809123, 254.87754055152197, 254.87754055152197, 254.87754055152197, 254.87754055152197, 254.87754055152197, 254.87754055152197, 254.87754055152197, 255.25927874771148, 255.25927874771148, 256.81269018761606, 256.81269018761606, 256.81269018761606, 256.81269018761606, 256.81269018761606, 256.81269018761606, 256.81269018761606, 256.81269018761606, 256.81269018761606, 256.81269018761606, 257.19777227854524, 257.19777227854524, 257.19777227854524, 258.64149240692774, 258.64149240692774, 258.64149240692774, 258.64149240692774, 258.64149240692774, 258.64149240692774, 260.90581625379383, 260.90581625379383, 260.90581625379383, 260.90581625379383, 260.90581625379383, 260.90581625379383, 260.90581625379383, 260.90581625379383, 260.90581625379383, 261.0123949044916, 261.0123949044916, 261.0123949044916, 262.0965033971034, 262.0965033971034, 262.0965033971034, 262.0965033971034, 262.0965033971034, 262.0965033971034, 262.0965033971034, 262.0965033971034, 262.0965033971034, 262.0965033971034, 262.0965033971034, 262.0965033971034, 262.0965033971034, 262.0965033971034, 262.0965033971034, 262.0965033971034, 262.0965033971034, 262.0965033971034, 262.0965033971034, 262.0965033971034, 262.0965033971034, 262.0965033971034, 262.0965033971034, 262.12212156567585, 262.12212156567585, 262.12212156567585, 262.12212156567585, 262.12212156567585, 262.12212156567585, 262.12212156567585, 262.12212156567585, 262.12212156567585, 262.12212156567585, 262.12212156567585, 262.12212156567585, 262.12212156567585, 262.12212156567585, 262.12212156567585, 262.12212156567585, 262.12212156567585, 262.12212156567585, 262.12212156567585, 262.12212156567585, 262.12212156567585, 263.3920539877839, 263.3920539877839, 263.3920539877839, 263.3920539877839, 263.7475107081663, 263.7475107081663, 263.7475107081663, 263.7475107081663, 263.7475107081663, 263.7475107081663, 263.7475107081663, 263.7475107081663, 263.7475107081663, 263.7475107081663, 263.7475107081663, 265.0278469749843, 265.0278469749843, 265.0278469749843, 265.0278469749843, 265.0278469749843, 265.0278469749843, 265.0278469749843, 265.3860267239462, 265.3860267239462, 265.65345746092606, 265.65345746092606, 265.65345746092606, 265.65345746092606, 265.65345746092606, 265.65345746092606, 265.65345746092606, 265.65345746092606, 265.65345746092606, 265.65345746092606, 266.1370684961266, 266.1370684961266, 266.1370684961266, 266.96284802752064, 266.96284802752064, 267.1964805144077, 267.1964805144077, 267.1964805144077, 267.1964805144077, 267.1964805144077, 267.1964805144077, 267.1964805144077, 267.1964805144077, 267.1964805144077, 267.1964805144077, 267.1964805144077, 267.1964805144077, 267.1964805144077, 267.1964805144077, 267.1964805144077, 267.1964805144077, 267.1964805144077, 267.1964805144077, 267.1964805144077, 267.20914691234765, 267.20914691234765, 267.20914691234765, 268.02730776480456, 268.02730776480456, 268.02730776480456, 268.02730776480456, 268.02730776480456, 268.02730776480456, 268.02730776480456]
data points:
values: [70.87291263681897, 70.87291263681897, 70.87291263681897, 104.94235514585168, 104.94235514585168, 104.94235514585168, 104.94235514585168, 104.98893606238946, 104.98893606238946, 104.98903603028187, 104.98903603028187, 115.84997079203517, 115.84997079203517, 115.84997079203517, 115.96056446961472, 115.96056446961472, 126.83186738864111, 126.83186738864111, 126.83186738864111, 126.83186738864111, 140.4736683825867, 140.4736683825867, 140.4736683825867, 169.64582642162648, 169.64582642162648, 169.763486779948, 169.76339274574886, 169.76339274574886, 177.03896672056666, 177.03896672056666, 177.03896672056666, 177.03896672056666, 177.03915103784504, 177.01282805427638, 177.01282805427638, 183.9033478493884, 183.9033478493884, 183.90355824242394, 183.90355824242394, 183.90355824242394, 183.90355824242394, 184.28732783732883, 195.0014022171567, 195.0014022171567, 195.0014022171567, 200.07164842544722, 200.07164842544722, 218.4411980216752, 218.4411980216752, 218.48492169252015, 218.48500174662828, 218.48500174662828, 218.48500174662828, 222.7970366727603, 222.7970366727603, 222.7970366727603, 222.7970366727603, 222.7970366727603, 222.7970366727603, 222.79720572846963, 222.79720572846963, 222.79720572846963, 222.90658178802622, 222.90658178802622, 226.98860963591795, 226.98860963591795, 226.98860963591795, 226.98860963591795, 226.98860963591795, 226.98860963591795, 226.98860963591795, 226.98860963591795, 227.13996359666905, 233.9331246013961, 233.9331246013961, 233.9331246013961, 233.9331246013961, 233.9331246013961, 233.9331246013961, 233.9331246013961, 233.9331246013961, 233.9333127149388, 236.89280646359015, 236.89280646359015, 236.89280646359015, 240.99358973597873, 240.99358973597873, 240.99358973597873, 240.99358973597873, 240.99358973597873, 240.99358973597873, 240.99358973597873, 240.99358973597873, 240.99358973597873, 246.88493051080383, 246.88493051080383, 246.88493051080383, 246.90769836959865, 246.90774611032873, 246.90774611032873, 249.251806991123, 249.251806991123, 249.251806991123, 249.251806991123, 249.251806991123, 249.251806991123, 249.251806991123, 249.251806991123, 249.2832052732667, 249.2832052732667, 249.2832052732667, 249.2832052732667, 249.2832052732667, 249.32681309523738, 249.32681309523738, 251.67157936259073, 251.67157936259073, 251.67157936259073, 251.67157936259073, 251.67157936259073, 251.67157936259073, 251.67157936259073, 251.67157936259073, 251.67157936259073, 251.67157936259073, 251.67157936259073, 255.32712297056162, 255.32712297056162, 255.32712297056162, 256.91817108892167, 256.91817108892167, 257.07946838002965, 257.07946838002965, 257.07946838002965, 257.07946838002965, 257.07946838002965, 257.07946838002965, 257.07946838002965, 257.07946838002965, 262.4986842941347, 262.4986842941347, 262.4986842941347, 262.4986842941347, 262.5117763885087, 262.5117763885087, 262.5117763885087, 262.5117763885087, 262.5117763885087, 262.5117763885087, 262.5117763885087, 262.5118021188209, 262.5118021188209, 263.73468318459186, 263.73468318459186, 263.73468318459186, 263.73468318459186, 263.73468318459186, 263.73468318459186, 263.73468318459186, 263.73468318459186, 263.73468318459186, 263.73468318459186, 263.774662482684, 263.774662482684, 263.774662482684, 264.91658688518254, 264.91658688518254, 264.91658688518254, 264.91658688518254, 264.91658688518254, 266.91206396770417, 266.91206396770417, 266.91206396770417, 266.91206396770417, 266.91206396770417, 266.91206396770417, 266.91206396770417, 266.91206396770417, 266.91206396770417, 266.91206396770417, 267.0210928549619, 267.0210928549619, 267.0210928549619, 267.82188676850484, 267.82188676850484, 267.82188676850484, 267.82188676850484, 267.82188676850484, 267.82188676850484, 267.82188676850484, 267.82188676850484, 267.82188676850484, 267.82188676850484, 267.82188676850484, 267.82188676850484, 267.82188676850484, 267.82188676850484, 267.82188676850484, 267.82188676850484, 267.82188676850484, 267.82188676850484, 267.82188676850484, 267.82188676850484, 267.82188676850484, 267.82188676850484, 267.82188676850484, 267.8480659446875, 267.8480659446875, 267.8480659446875, 267.8480659446875, 267.8480659446875, 267.8480659446875, 267.8480659446875, 267.8480659446875, 267.8480659446875, 267.8480659446875, 267.8480659446875, 267.8480659446875, 267.8480659446875, 267.8480659446875, 267.8480659446875, 267.8480659446875, 267.8480659446875, 267.8480659446875, 267.8480659446875, 267.8480659446875, 267.8480659446875, 268.85209292738944, 268.85209292738944, 268.85209292738944, 268.85209292738944, 268.936169859542, 268.936169859542, 268.936169859542, 268.936169859542, 268.936169859542, 268.936169859542, 268.936169859542, 268.936169859542, 268.936169859542, 268.936169859542, 268.936169859542, 270.5217962643534, 270.5217962643534, 270.5217962643534, 270.5217962643534, 270.5217962643534, 270.5217962643534, 270.5217962643534, 270.60692092265333, 270.60692092265333, 270.6134259909294, 270.6134259909294, 270.6134259909294, 270.6134259909294, 270.6134259909294, 270.6134259909294, 270.6134259909294, 270.6134259909294, 270.6134259909294, 270.6134259909294, 270.61343987666527, 270.61343987666527, 270.61343987666527, 271.2250116979313, 271.2250116979313, 271.24584705512876, 271.24584705512876, 271.24584705512876, 271.24584705512876, 271.24584705512876, 271.24584705512876, 271.24584705512876, 271.24584705512876, 271.24584705512876, 271.24584705512876, 271.24584705512876, 271.24584705512876, 271.24584705512876, 271.24584705512876, 271.24584705512876, 271.24584705512876, 271.24584705512876, 271.24584705512876, 271.24584705512876, 271.2587051055226, 271.2587051055226, 271.2587051055226, 271.8832454856581, 271.8832454856581, 271.8832454856581, 271.8832454856581, 271.8832454856581, 271.8832454856581]
real values1: [70.87291263681897, 70.87291263681897, 70.87291263681897, 104.94235514585168, 104.94235514585168, 104.94235514585168, 104.98893606238946, 104.98893606238946, 104.98903603028187, 104.98903603028187, 115.84997079203517, 115.84997079203517, 115.84997079203517, 115.96056446961472, 115.96056446961472, 126.83186738864111, 126.83186738864111, 126.83186738864111, 126.83186738864111, 126.83186738864111, 140.4736683825867, 140.4736683825867, 140.4736683825867, 169.64582642162648, 169.763486779948, 169.76339274574886, 169.76339274574886, 177.03896672056666, 177.03896672056666, 177.03896672056666, 177.03896672056666, 177.03915103784504, 177.01282805427638, 177.01282805427638, 183.9033478493884, 183.9033478493884, 183.90355824242394, 183.90355824242394, 183.90355824242394, 183.90355824242394, 184.28732783732883, 184.28732783732883, 195.0014022171567, 195.0014022171567, 200.07164842544722, 200.07164842544722, 200.07164842544722, 218.4411980216752, 218.48492169252015, 218.48500174662828, 218.48500174662828, 218.48500174662828, 222.7970366727603, 222.7970366727603, 222.7970366727603, 222.7970366727603, 222.7970366727603, 222.7970366727603, 222.79720572846963, 222.79720572846963, 222.79720572846963, 222.90658178802622, 222.90658178802622, 226.98860963591795, 226.98860963591795, 226.98860963591795, 226.98860963591795, 226.98860963591795, 226.98860963591795, 226.98860963591795, 226.98860963591795, 227.13996359666905, 227.13996359666905, 233.9331246013961, 233.9331246013961, 233.9331246013961, 233.9331246013961, 233.9331246013961, 233.9331246013961, 233.9331246013961, 233.9333127149388, 236.89280646359015, 236.89280646359015, 236.89280646359015, 240.99358973597873, 240.99358973597873, 240.99358973597873, 240.99358973597873, 240.99358973597873, 240.99358973597873, 240.99358973597873, 240.99358973597873, 240.99358973597873, 240.99358973597873, 246.88493051080383, 246.88493051080383, 246.90769836959865, 246.90774611032873, 246.90774611032873, 249.251806991123, 249.251806991123, 249.251806991123, 249.251806991123, 249.251806991123, 249.251806991123, 249.251806991123, 249.251806991123, 249.2832052732667, 249.2832052732667, 249.2832052732667, 249.2832052732667, 249.2832052732667, 249.32681309523738, 249.32681309523738, 251.67157936259073, 251.67157936259073, 251.67157936259073, 251.67157936259073, 251.67157936259073, 251.67157936259073, 251.67157936259073, 251.67157936259073, 251.67157936259073, 251.67157936259073, 251.67157936259073, 251.67157936259073, 255.32712297056162, 255.32712297056162, 256.91817108892167, 256.91817108892167, 257.07946838002965, 257.07946838002965, 257.07946838002965, 257.07946838002965, 257.07946838002965, 257.07946838002965, 257.07946838002965, 257.07946838002965, 257.07946838002965, 262.4986842941347, 262.4986842941347, 262.4986842941347, 262.5117763885087, 262.5117763885087, 262.5117763885087, 262.5117763885087, 262.5117763885087, 262.5117763885087, 262.5117763885087, 262.5118021188209, 262.5118021188209, 263.73468318459186, 263.73468318459186, 263.73468318459186, 263.73468318459186, 263.73468318459186, 263.73468318459186, 263.73468318459186, 263.73468318459186, 263.73468318459186, 263.73468318459186, 263.774662482684, 263.774662482684, 263.774662482684, 264.91658688518254, 264.91658688518254, 264.91658688518254, 264.91658688518254, 264.91658688518254, 264.91658688518254, 266.91206396770417, 266.91206396770417, 266.91206396770417, 266.91206396770417, 266.91206396770417, 266.91206396770417, 266.91206396770417, 266.91206396770417, 266.91206396770417, 267.0210928549619, 267.0210928549619, 267.0210928549619, 267.82188676850484, 267.82188676850484, 267.82188676850484, 267.82188676850484, 267.82188676850484, 267.82188676850484, 267.82188676850484, 267.82188676850484, 267.82188676850484, 267.82188676850484, 267.82188676850484, 267.82188676850484, 267.82188676850484, 267.82188676850484, 267.82188676850484, 267.82188676850484, 267.82188676850484, 267.82188676850484, 267.82188676850484, 267.82188676850484, 267.82188676850484, 267.82188676850484, 267.82188676850484, 267.8480659446875, 267.8480659446875, 267.8480659446875, 267.8480659446875, 267.8480659446875, 267.8480659446875, 267.8480659446875, 267.8480659446875, 267.8480659446875, 267.8480659446875, 267.8480659446875, 267.8480659446875, 267.8480659446875, 267.8480659446875, 267.8480659446875, 267.8480659446875, 267.8480659446875, 267.8480659446875, 267.8480659446875, 267.8480659446875, 267.8480659446875, 268.85209292738944, 268.85209292738944, 268.85209292738944, 268.85209292738944, 268.936169859542, 268.936169859542, 268.936169859542, 268.936169859542, 268.936169859542, 268.936169859542, 268.936169859542, 268.936169859542, 268.936169859542, 268.936169859542, 268.936169859542, 270.5217962643534, 270.5217962643534, 270.5217962643534, 270.5217962643534, 270.5217962643534, 270.5217962643534, 270.5217962643534, 270.60692092265333, 270.60692092265333, 270.6134259909294, 270.6134259909294, 270.6134259909294, 270.6134259909294, 270.6134259909294, 270.6134259909294, 270.6134259909294, 270.6134259909294, 270.6134259909294, 270.6134259909294, 270.61343987666527, 270.61343987666527, 270.61343987666527, 271.2250116979313, 271.2250116979313, 271.24584705512876, 271.24584705512876, 271.24584705512876, 271.24584705512876, 271.24584705512876, 271.24584705512876, 271.24584705512876, 271.24584705512876, 271.24584705512876, 271.24584705512876, 271.24584705512876, 271.24584705512876, 271.24584705512876, 271.24584705512876, 271.24584705512876, 271.24584705512876, 271.24584705512876, 271.24584705512876, 271.24584705512876, 271.2587051055226, 271.2587051055226, 271.2587051055226, 271.8832454856581, 271.8832454856581, 271.8832454856581, 271.8832454856581, 271.8832454856581, 271.8832454856581, 271.8832454856581]
real values2: [70.87291263681897, 70.87291263681897, 70.87291263681897, 104.94235514585168, 104.94235514585168, 104.94235514585168, 104.98893606238946, 104.98893606238946, 104.98903603028187, 104.98903603028187, 115.84997079203517, 115.84997079203517, 115.84997079203517, 115.96056446961472, 115.96056446961472, 126.83186738864111, 126.83186738864111, 126.83186738864111, 126.83186738864111, 126.83186738864111, 140.4736683825867, 140.4736683825867, 140.4736683825867, 169.64582642162648, 169.763486779948, 169.76339274574886, 169.76339274574886, 177.03896672056666, 177.03896672056666, 177.03896672056666, 177.03896672056666, 177.03915103784504, 177.01282805427638, 177.01282805427638, 183.9033478493884, 183.9033478493884, 183.90355824242394, 183.90355824242394, 183.90355824242394, 183.90355824242394, 184.28732783732883, 184.28732783732883, 195.0014022171567, 195.0014022171567, 200.07164842544722, 200.07164842544722, 200.07164842544722, 218.4411980216752, 218.48492169252015, 218.48500174662828, 218.48500174662828, 218.48500174662828, 222.7970366727603, 222.7970366727603, 222.7970366727603, 222.7970366727603, 222.7970366727603, 222.7970366727603, 222.79720572846963, 222.79720572846963, 222.79720572846963, 222.90658178802622, 222.90658178802622, 226.98860963591795, 226.98860963591795, 226.98860963591795, 226.98860963591795, 226.98860963591795, 226.98860963591795, 226.98860963591795, 226.98860963591795, 227.13996359666905, 227.13996359666905, 233.9331246013961, 233.9331246013961, 233.9331246013961, 233.9331246013961, 233.9331246013961, 233.9331246013961, 233.9331246013961, 233.9333127149388, 236.89280646359015, 236.89280646359015, 236.89280646359015, 240.99358973597873, 240.99358973597873, 240.99358973597873, 240.99358973597873, 240.99358973597873, 240.99358973597873, 240.99358973597873, 240.99358973597873, 240.99358973597873, 240.99358973597873, 246.88493051080383, 246.88493051080383, 246.90769836959865, 246.90774611032873, 246.90774611032873, 249.251806991123, 249.251806991123, 249.251806991123, 249.251806991123, 249.251806991123, 249.251806991123, 249.251806991123, 249.251806991123, 249.2832052732667, 249.2832052732667, 249.2832052732667, 249.2832052732667, 249.2832052732667, 249.32681309523738, 249.32681309523738, 251.67157936259073, 251.67157936259073, 251.67157936259073, 251.67157936259073, 251.67157936259073, 251.67157936259073, 251.67157936259073, 251.67157936259073, 251.67157936259073, 251.67157936259073, 251.67157936259073, 251.67157936259073, 255.32712297056162, 255.32712297056162, 256.91817108892167, 256.91817108892167, 257.07946838002965, 257.07946838002965, 257.07946838002965, 257.07946838002965, 257.07946838002965, 257.07946838002965, 257.07946838002965, 257.07946838002965, 257.07946838002965, 262.4986842941347, 262.4986842941347, 262.4986842941347, 262.5117763885087, 262.5117763885087, 262.5117763885087, 262.5117763885087, 262.5117763885087, 262.5117763885087, 262.5117763885087, 262.5118021188209, 262.5118021188209, 263.73468318459186, 263.73468318459186, 263.73468318459186, 263.73468318459186, 263.73468318459186, 263.73468318459186, 263.73468318459186, 263.73468318459186, 263.73468318459186, 263.73468318459186, 263.774662482684, 263.774662482684, 263.774662482684, 264.91658688518254, 264.91658688518254, 264.91658688518254, 264.91658688518254, 264.91658688518254, 264.91658688518254, 266.91206396770417, 266.91206396770417, 266.91206396770417, 266.91206396770417, 266.91206396770417, 266.91206396770417, 266.91206396770417, 266.91206396770417, 266.91206396770417, 267.0210928549619, 267.0210928549619, 267.0210928549619, 267.82188676850484, 267.82188676850484, 267.82188676850484, 267.82188676850484, 267.82188676850484, 267.82188676850484, 267.82188676850484, 267.82188676850484, 267.82188676850484, 267.82188676850484, 267.82188676850484, 267.82188676850484, 267.82188676850484, 267.82188676850484, 267.82188676850484, 267.82188676850484, 267.82188676850484, 267.82188676850484, 267.82188676850484, 267.82188676850484, 267.82188676850484, 267.82188676850484, 267.82188676850484, 267.8480659446875, 267.8480659446875, 267.8480659446875, 267.8480659446875, 267.8480659446875, 267.8480659446875, 267.8480659446875, 267.8480659446875, 267.8480659446875, 267.8480659446875, 267.8480659446875, 267.8480659446875, 267.8480659446875, 267.8480659446875, 267.8480659446875, 267.8480659446875, 267.8480659446875, 267.8480659446875, 267.8480659446875, 267.8480659446875, 267.8480659446875, 268.85209292738944, 268.85209292738944, 268.85209292738944, 268.85209292738944, 268.936169859542, 268.936169859542, 268.936169859542, 268.936169859542, 268.936169859542, 268.936169859542, 268.936169859542, 268.936169859542, 268.936169859542, 268.936169859542, 268.936169859542, 270.5217962643534, 270.5217962643534, 270.5217962643534, 270.5217962643534, 270.5217962643534, 270.5217962643534, 270.5217962643534, 270.60692092265333, 270.60692092265333, 270.6134259909294, 270.6134259909294, 270.6134259909294, 270.6134259909294, 270.6134259909294, 270.6134259909294, 270.6134259909294, 270.6134259909294, 270.6134259909294, 270.6134259909294, 270.61343987666527, 270.61343987666527, 270.61343987666527, 271.2250116979313, 271.2250116979313, 271.24584705512876, 271.24584705512876, 271.24584705512876, 271.24584705512876, 271.24584705512876, 271.24584705512876, 271.24584705512876, 271.24584705512876, 271.24584705512876, 271.24584705512876, 271.24584705512876, 271.24584705512876, 271.24584705512876, 271.24584705512876, 271.24584705512876, 271.24584705512876, 271.24584705512876, 271.24584705512876, 271.24584705512876, 271.2587051055226, 271.2587051055226, 271.2587051055226, 271.8832454856581, 271.8832454856581, 271.8832454856581, 271.8832454856581, 271.8832454856581, 271.8832454856581, 271.8832454856581]
Done!
