('generated stochastic delays:', [array([ 2, 11,  5, ...,  2,  3,  1])])
('opt_fidel_cost:', 1.1)
Running Experiment1: 
('total budget:', 600)
Auto Init: 
C: 20.469600578508693
nu: 20.469600578508693
Budget Remaining: 591.947913885
Number of MFHOO Instances: 1
Budget per MFHOO Instance:590.847913885
Running SOO number: 1 rho: 0.95 nu: 20.469600578508693
delay_type: DHOO
policy: UCBV
[0.984375 0.421875 0.515625 0.984375 0.421875 0.03125  0.03125  0.46875 ]
final iterations:16789223
final HOO number of nodes:426
final HOO height:41
final duration:6517
final optimal value:256.975542 
time durations: [0.0030698776245117188, 4.008569002151489, 8.02971601486206, 12.04587984085083, 16.056554794311523, 16.060521841049194, 20.07459783554077, 24.092113971710205, 24.094343900680542, 28.113447904586792, 32.14290499687195, 32.14542579650879, 36.15711998939514, 36.163044929504395, 36.16727590560913, 40.17356300354004, 40.181206941604614, 40.18384099006653, 40.18780279159546, 44.18722701072693, 44.19506788253784, 44.1984589099884, 48.251518964767456, 48.255038022994995, 52.278992891311646, 52.28350281715393, 52.286983013153076, 56.298298835754395, 56.30283188819885, 60.31286096572876, 60.32027888298035, 60.324649810791016, 64.34010601043701, 64.34466195106506, 64.34894299507141, 68.36014485359192, 68.36472487449646, 68.37309098243713, 72.39006185531616, 72.39618396759033, 72.40074491500854, 76.41296195983887, 80.43271088600159, 80.43836784362793, 84.46046686172485, 84.46532702445984, 88.4877200126648, 92.50399589538574, 96.52039694786072, 96.52672481536865, 96.53087186813354, 100.54672479629517, 100.5528199672699, 104.5711100101471, 104.57700085639954, 108.614501953125, 108.62082386016846, 112.63555479049683, 112.64318680763245, 116.6693708896637, 116.67491483688354, 120.7013738155365, 120.70672082901001, 124.72020101547241, 124.72536182403564, 124.73344302177429, 128.7517249584198, 128.75729298591614, 132.78662586212158, 136.8175950050354, 136.8235728740692, 140.8442850112915, 140.85043287277222, 144.88775897026062, 144.89386296272278, 148.9083390235901, 148.91544699668884, 152.9338150024414, 152.93982481956482, 156.95563888549805, 156.96220898628235, 160.98030400276184, 164.99696588516235, 165.0029468536377, 169.01851892471313, 169.02662301063538, 173.0521948337555, 173.05800700187683, 173.06294798851013, 177.09965181350708, 177.107666015625, 181.12428283691406, 181.13086581230164, 185.15264892578125, 185.1588728427887, 189.1861698627472, 193.20749187469482, 193.21274495124817, 197.2340648174286, 197.23927283287048, 201.26213002204895, 201.26885199546814, 205.27362990379333, 205.2780818939209, 209.29496479034424, 209.29970002174377, 213.32329297065735, 213.328941822052, 217.34688591957092, 221.36671781539917, 221.37168383598328, 221.37698793411255, 225.409353017807, 225.4151577949524, 225.42054295539856, 229.44523692131042, 233.46122097969055, 233.4668688774109, 237.47472095489502, 237.48092484474182, 241.5025589466095, 241.50784182548523, 245.53479290008545, 249.5460238456726, 249.55133986473083, 253.57009887695312, 253.5754919052124, 257.58567786216736, 257.591570854187, 261.6049039363861, 261.610958814621, 265.6319329738617, 269.6528949737549, 269.65840888023376, 269.66345500946045, 273.6785538196564, 273.6838958263397, 277.69562697410583, 277.70118284225464, 281.73127579689026, 281.73639583587646, 285.7486209869385, 285.75430488586426, 289.77442598342896, 289.77982902526855, 293.80705285072327, 297.8185749053955, 297.82524394989014, 301.8344609737396, 301.839478969574, 305.8458819389343, 305.8670599460602, 305.87329483032227, 309.89907693862915, 313.91448402404785, 313.9204649925232, 313.9265718460083, 317.944442987442, 317.9507088661194, 321.98081493377686, 321.98729491233826, 326.00242280960083, 326.00917983055115, 330.02350902557373, 330.0299959182739, 334.0477409362793, 334.05550479888916, 338.07813787460327, 338.0844888687134, 342.1027388572693, 342.1094698905945, 346.12653398513794, 346.1330349445343, 350.16040086746216, 350.1668028831482, 354.1805679798126, 358.1856369972229, 358.1931138038635, 362.2250030040741, 362.23223900794983, 366.25057196617126, 366.2601749897003, 366.268189907074, 370.29016399383545, 370.29742789268494, 374.3141379356384, 374.32191586494446, 378.3349139690399, 378.3434269428253, 382.36701798439026, 382.37442898750305, 386.4209418296814, 386.428386926651, 390.44424986839294, 390.4512948989868, 394.4824469089508, 398.51229596138, 398.51985788345337, 402.54075598716736, 402.5464358329773, 406.5792829990387, 406.587210893631, 410.60786986351013, 410.6155118942261, 414.65875697135925, 414.6683769226074, 418.6782989501953, 418.6856589317322, 422.70770287513733, 422.7151529788971, 426.7476239204407, 426.7551670074463, 430.8078739643097, 434.83843779563904, 434.84571385383606]
noisy values: [56.41319345295263, 59.962338364486115, 85.59978474516566, 86.54438723363134, 87.46275065185532, 87.46304735236639, 97.47349926434396, 97.5421775023946, 97.5421775023946, 97.54247489740784, 98.55184014646395, 98.55184014646395, 108.74311477161726, 108.74311477161726, 108.74311477161726, 108.74311477161726, 108.74311477161726, 108.74311477161726, 108.74311477161726, 108.74311477161726, 108.74311477161726, 108.74311477161726, 108.74311477161726, 108.74311477161726, 121.44101441295771, 121.44101441295771, 121.44101441295771, 147.8098601928386, 147.8098601928386, 149.00495207619883, 149.00495207619883, 149.00495207619883, 151.029000572999, 151.029000572999, 151.029000572999, 151.029000572999, 151.029000572999, 151.029000572999, 151.029000572999, 158.30418938164732, 158.30418938164732, 158.30418938164732, 159.3828091446235, 159.3828091446235, 166.8505146143571, 166.8505146143571, 166.8505146143571, 177.08212572739336, 182.57318533273872, 182.57318533273872, 182.57318533273872, 190.10937412585906, 190.10937412585906, 190.10937412585906, 190.10937412585906, 190.10937412585906, 190.10937412585906, 190.10937412585906, 200.7205962892474, 200.7205962892474, 200.7205962892474, 201.64698600160668, 201.64698600160668, 202.48896839765422, 202.48896839765422, 202.48896839765422, 207.301048421651, 207.301048421651, 207.301048421651, 207.301048421651, 207.301048421651, 208.10381822272154, 208.10381822272154, 208.10381822272154, 208.10381822272154, 208.10381822272154, 208.10381822272154, 208.10400310245032, 208.10400310245032, 208.10400310245032, 208.10400310245032, 212.7403890705429, 212.7403890705429, 212.7403890705429, 212.7403890705429, 212.7403890705429, 213.59513356389854, 213.59513356389854, 213.59513356389854, 213.59513356389854, 213.59513356389854, 213.59513356389854, 213.59513356389854, 213.59513356389854, 213.59513356389854, 219.9830016368948, 219.9830016368948, 219.9830016368948, 223.22747757890855, 223.22747757890855, 223.22747757890855, 223.22747757890855, 223.22747757890855, 223.22747757890855, 228.0234211758645, 228.0234211758645, 228.0234211758645, 228.0234211758645, 233.8645423388417, 234.5496506804042, 234.5496506804042, 234.5496506804042, 235.1428967587483, 235.1428967587483, 235.1428967587483, 235.18161728436544, 238.02024942839918, 238.02024942839918, 238.53222260553468, 238.65733579201412, 238.65733579201412, 238.65733579201412, 238.65733579201412, 238.65745319439804, 238.65745319439804, 241.45409278240734, 241.45409278240734, 241.45409278240734, 241.45409278240734, 241.45409278240734, 241.45409278240734, 241.45409278240734, 241.45409278240734, 241.45409278240734, 241.45409278240734, 245.47799579371082, 245.47799579371082, 245.47799579371082, 245.47799579371082, 245.47799579371082, 245.47799579371082, 245.47799579371082, 245.47799579371082, 245.6103799259345, 245.6103799259345, 245.650554418137, 245.650554418137, 245.650554418137, 247.56042034154652, 247.56042034154652, 247.56042034154652, 247.56042034154652, 247.56042034154652, 247.56042034154652, 247.56042034154652, 247.56042034154652, 247.56042034154652, 247.56042034154652, 247.56042034154652, 247.56042034154652, 247.56042034154652, 247.56042034154652, 247.56042034154652, 247.56042034154652, 247.56042034154652, 247.56042034154652, 247.56042034154652, 247.56042034154652, 247.56042034154652, 247.56042034154652, 247.56042034154652, 247.69306223162886, 247.69306223162886, 250.27040945276678, 250.27040945276678, 250.27040945276678, 250.27040945276678, 250.27040945276678, 250.27040945276678, 250.27040945276678, 250.27040945276678, 250.27040945276678, 250.27040945276678, 250.27040945276678, 250.27040945276678, 250.27040945276678, 250.27040945276678, 250.27040945276678, 250.27040945276678, 250.27040945276678, 250.27040945276678, 250.27040945276678, 250.27040945276678, 253.2754905676694, 253.2754905676694, 253.2754905676694, 253.2754905676694, 253.2754905676694, 254.20202941491974, 254.20202941491974, 254.62526088156537, 254.62526088156537, 254.62526088156537, 254.62526088156537, 254.62526088156537, 254.62526088156537, 254.62526088156537, 256.21531519711664, 256.21531519711664, 256.21531519711664, 256.63491679979586, 256.63491679979586, 256.63491679979586, 256.97554150293973, 256.97554150293973]
data points:
values: [70.87291263681897, 70.87291263681897, 104.94235514585168, 104.94235514585168, 104.91505875640752, 104.9151680585975, 104.9151680585975, 115.76817851694675, 115.84971215281733, 115.84971215281733, 115.84997079203517, 115.96056446961472, 115.96056446961472, 126.83186738864111, 126.83186738864111, 126.83186738864111, 126.83186738864111, 126.83186738864111, 126.83186738864111, 126.83186738864111, 126.83186738864111, 126.83186738864111, 126.83186738864111, 126.83186738864111, 126.83186738864111, 140.4736683825867, 140.4736683825867, 169.64582642162648, 169.64582642162648, 169.64582642162648, 169.763486779948, 169.763486779948, 169.763486779948, 169.7635694883446, 169.7635694883446, 169.7635694883446, 169.7635694883446, 169.7635694883446, 169.7635694883446, 169.7635694883446, 176.84440495297943, 176.84440495297943, 176.84440495297943, 177.01282805427638, 177.01282805427638, 184.28732783732883, 184.28732783732883, 194.5715288806894, 194.5715288806894, 199.61915606842823, 199.61915606842823, 199.61915606842823, 206.89314381631863, 206.89314381631863, 206.89314381631863, 206.89314381631863, 206.89314381631863, 206.89314381631863, 218.4411980216752, 218.4411980216752, 218.4411980216752, 218.4411980216752, 218.48492169252015, 218.48492169252015, 218.48500174662828, 218.48500174662828, 218.48500174662828, 222.79720572846963, 222.79720572846963, 222.79720572846963, 222.79720572846963, 222.79720572846963, 222.82717947774495, 222.82717947774495, 222.82717947774495, 222.82717947774495, 222.82717947774495, 222.82717947774495, 222.82735345734338, 222.82735345734338, 222.82735345734338, 222.82735345734338, 226.98878178066002, 226.98878178066002, 226.98878178066002, 226.98878178066002, 226.98878178066002, 227.14014094361454, 227.14014094361454, 227.14014094361454, 227.14014094361454, 227.14014094361454, 227.14014094361454, 227.14014094361454, 227.14014094361454, 233.9331246013961, 233.9331246013961, 233.9331246013961, 233.9331246013961, 236.63305249536563, 236.63305249536563, 236.63305249536563, 236.63305249536563, 236.63305249536563, 236.63305249536563, 240.9933904560153, 240.9933904560153, 240.9933904560153, 247.1667632796964, 247.1667632796964, 247.18783605427456, 247.18783605427456, 247.18783605427456, 247.14719726380451, 247.14719726380451, 247.14719726380451, 247.18789086525203, 249.5344986887316, 249.5344986887316, 249.46783717010427, 249.59868637712327, 249.59868637712327, 249.59868637712327, 249.59868637712327, 249.59879909450783, 249.59879909450783, 251.94612322392328, 251.94612322392328, 251.94612322392328, 251.94612322392328, 251.94612322392328, 251.94612322392328, 251.94612322392328, 251.94612322392328, 251.94612322392328, 255.58958201704024, 255.58958201704024, 255.58958201704024, 255.58958201704024, 255.58958201704024, 255.58958201704024, 255.58958201704024, 255.58958201704024, 255.58958201704024, 255.72740986658394, 255.72740986658394, 255.76924551737153, 255.76924551737153, 255.76924551737153, 257.22800384624065, 257.22800384624065, 257.22800384624065, 257.22800384624065, 257.22800384624065, 257.22800384624065, 257.22800384624065, 257.22800384624065, 257.22800384624065, 257.22800384624065, 257.22800384624065, 257.22800384624065, 257.22800384624065, 257.22800384624065, 257.22800384624065, 257.22800384624065, 257.22800384624065, 257.22800384624065, 257.22800384624065, 257.22800384624065, 257.22800384624065, 257.22800384624065, 257.22800384624065, 257.3658257280453, 257.3658257280453, 259.5370594512138, 259.5370594512138, 259.5370594512138, 259.5370594512138, 259.5370594512138, 259.5370594512138, 259.5370594512138, 259.5370594512138, 259.5370594512138, 259.5370594512138, 259.5370594512138, 259.5370594512138, 259.5370594512138, 259.5370594512138, 259.5370594512138, 259.5370594512138, 259.5370594512138, 259.5370594512138, 259.5370594512138, 259.5370594512138, 262.65341139006495, 262.65341139006495, 262.65341139006495, 262.65341139006495, 262.65341139006495, 262.6660081427818, 262.6660081427818, 262.6660397554556, 262.6660397554556, 262.6660397554556, 262.6660397554556, 262.6660397554556, 262.6660397554556, 263.8896393195338, 263.8896393195338, 263.8896393195338, 263.8896393195338, 263.9265478845197, 263.9265478845197, 263.9265478845197, 263.90194651629804]
real values1: [70.87291263681897, 74.39645309951365, 104.94235514585168, 104.91505875640752, 104.9151680585975, 104.9151680585975, 115.76817851694675, 115.84971215281733, 115.84971215281733, 115.84997079203517, 115.96056446961472, 115.96056446961472, 126.83186738864111, 126.83186738864111, 126.83186738864111, 126.83186738864111, 126.83186738864111, 126.83186738864111, 126.83186738864111, 126.83186738864111, 126.83186738864111, 126.83186738864111, 126.83186738864111, 126.83186738864111, 140.4736683825867, 140.4736683825867, 140.4736683825867, 169.64582642162648, 169.64582642162648, 169.763486779948, 169.763486779948, 169.763486779948, 169.7635694883446, 169.7635694883446, 169.7635694883446, 169.7635694883446, 169.7635694883446, 169.7635694883446, 169.7635694883446, 176.84440495297943, 176.84440495297943, 176.84440495297943, 177.01282805427638, 177.01282805427638, 184.28732783732883, 184.28732783732883, 184.28732783732883, 194.5715288806894, 199.61915606842823, 199.61915606842823, 199.61915606842823, 206.89314381631863, 206.89314381631863, 206.89314381631863, 206.89314381631863, 206.89314381631863, 206.89314381631863, 206.89314381631863, 218.4411980216752, 218.4411980216752, 218.4411980216752, 218.48492169252015, 218.48492169252015, 218.48500174662828, 218.48500174662828, 218.48500174662828, 222.79720572846963, 222.79720572846963, 222.79720572846963, 222.79720572846963, 222.79720572846963, 222.82717947774495, 222.82717947774495, 222.82717947774495, 222.82717947774495, 222.82717947774495, 222.82717947774495, 222.82735345734338, 222.82735345734338, 222.82735345734338, 222.82735345734338, 226.98878178066002, 226.98878178066002, 226.98878178066002, 226.98878178066002, 226.98878178066002, 227.14014094361454, 227.14014094361454, 227.14014094361454, 227.14014094361454, 227.14014094361454, 227.14014094361454, 227.14014094361454, 227.14014094361454, 227.14014094361454, 233.9331246013961, 233.9331246013961, 233.9331246013961, 236.63305249536563, 236.63305249536563, 236.63305249536563, 236.63305249536563, 236.63305249536563, 236.63305249536563, 240.9933904560153, 240.9933904560153, 240.9933904560153, 240.9933904560153, 247.1667632796964, 247.18783605427456, 247.18783605427456, 247.18783605427456, 247.14719726380451, 247.14719726380451, 247.14719726380451, 247.18789086525203, 249.5344986887316, 249.5344986887316, 249.46783717010427, 249.59868637712327, 249.59868637712327, 249.59868637712327, 249.59868637712327, 249.59879909450783, 249.59879909450783, 251.94612322392328, 251.94612322392328, 251.94612322392328, 251.94612322392328, 251.94612322392328, 251.94612322392328, 251.94612322392328, 251.94612322392328, 251.94612322392328, 251.94612322392328, 255.58958201704024, 255.58958201704024, 255.58958201704024, 255.58958201704024, 255.58958201704024, 255.58958201704024, 255.58958201704024, 255.58958201704024, 255.72740986658394, 255.72740986658394, 255.76924551737153, 255.76924551737153, 255.76924551737153, 257.22800384624065, 257.22800384624065, 257.22800384624065, 257.22800384624065, 257.22800384624065, 257.22800384624065, 257.22800384624065, 257.22800384624065, 257.22800384624065, 257.22800384624065, 257.22800384624065, 257.22800384624065, 257.22800384624065, 257.22800384624065, 257.22800384624065, 257.22800384624065, 257.22800384624065, 257.22800384624065, 257.22800384624065, 257.22800384624065, 257.22800384624065, 257.22800384624065, 257.22800384624065, 257.3658257280453, 257.3658257280453, 259.5370594512138, 259.5370594512138, 259.5370594512138, 259.5370594512138, 259.5370594512138, 259.5370594512138, 259.5370594512138, 259.5370594512138, 259.5370594512138, 259.5370594512138, 259.5370594512138, 259.5370594512138, 259.5370594512138, 259.5370594512138, 259.5370594512138, 259.5370594512138, 259.5370594512138, 259.5370594512138, 259.5370594512138, 259.5370594512138, 262.65341139006495, 262.65341139006495, 262.65341139006495, 262.65341139006495, 262.65341139006495, 262.6660081427818, 262.6660081427818, 262.6660397554556, 262.6660397554556, 262.6660397554556, 262.6660397554556, 262.6660397554556, 262.6660397554556, 263.8896393195338, 263.8896393195338, 263.8896393195338, 263.8896393195338, 263.9265478845197, 263.9265478845197, 263.9265478845197, 263.90194651629804, 263.90194651629804]
real values2: [70.87291263681897, 74.39645309951365, 104.94235514585168, 104.91505875640752, 104.9151680585975, 104.9151680585975, 115.76817851694675, 115.84971215281733, 115.84971215281733, 115.84997079203517, 115.96056446961472, 115.96056446961472, 126.83186738864111, 126.83186738864111, 126.83186738864111, 126.83186738864111, 126.83186738864111, 126.83186738864111, 126.83186738864111, 126.83186738864111, 126.83186738864111, 126.83186738864111, 126.83186738864111, 126.83186738864111, 140.4736683825867, 140.4736683825867, 140.4736683825867, 169.64582642162648, 169.64582642162648, 169.763486779948, 169.763486779948, 169.763486779948, 169.7635694883446, 169.7635694883446, 169.7635694883446, 169.7635694883446, 169.7635694883446, 169.7635694883446, 169.7635694883446, 176.84440495297943, 176.84440495297943, 176.84440495297943, 177.01282805427638, 177.01282805427638, 184.28732783732883, 184.28732783732883, 184.28732783732883, 194.5715288806894, 199.61915606842823, 199.61915606842823, 199.61915606842823, 206.89314381631863, 206.89314381631863, 206.89314381631863, 206.89314381631863, 206.89314381631863, 206.89314381631863, 206.89314381631863, 218.4411980216752, 218.4411980216752, 218.4411980216752, 218.48492169252015, 218.48492169252015, 218.48500174662828, 218.48500174662828, 218.48500174662828, 222.79720572846963, 222.79720572846963, 222.79720572846963, 222.79720572846963, 222.79720572846963, 222.82717947774495, 222.82717947774495, 222.82717947774495, 222.82717947774495, 222.82717947774495, 222.82717947774495, 222.82735345734338, 222.82735345734338, 222.82735345734338, 222.82735345734338, 226.98878178066002, 226.98878178066002, 226.98878178066002, 226.98878178066002, 226.98878178066002, 227.14014094361454, 227.14014094361454, 227.14014094361454, 227.14014094361454, 227.14014094361454, 227.14014094361454, 227.14014094361454, 227.14014094361454, 227.14014094361454, 233.9331246013961, 233.9331246013961, 233.9331246013961, 236.63305249536563, 236.63305249536563, 236.63305249536563, 236.63305249536563, 236.63305249536563, 236.63305249536563, 240.9933904560153, 240.9933904560153, 240.9933904560153, 240.9933904560153, 247.1667632796964, 247.18783605427456, 247.18783605427456, 247.18783605427456, 247.14719726380451, 247.14719726380451, 247.14719726380451, 247.18789086525203, 249.5344986887316, 249.5344986887316, 249.46783717010427, 249.59868637712327, 249.59868637712327, 249.59868637712327, 249.59868637712327, 249.59879909450783, 249.59879909450783, 251.94612322392328, 251.94612322392328, 251.94612322392328, 251.94612322392328, 251.94612322392328, 251.94612322392328, 251.94612322392328, 251.94612322392328, 251.94612322392328, 251.94612322392328, 255.58958201704024, 255.58958201704024, 255.58958201704024, 255.58958201704024, 255.58958201704024, 255.58958201704024, 255.58958201704024, 255.58958201704024, 255.72740986658394, 255.72740986658394, 255.76924551737153, 255.76924551737153, 255.76924551737153, 257.22800384624065, 257.22800384624065, 257.22800384624065, 257.22800384624065, 257.22800384624065, 257.22800384624065, 257.22800384624065, 257.22800384624065, 257.22800384624065, 257.22800384624065, 257.22800384624065, 257.22800384624065, 257.22800384624065, 257.22800384624065, 257.22800384624065, 257.22800384624065, 257.22800384624065, 257.22800384624065, 257.22800384624065, 257.22800384624065, 257.22800384624065, 257.22800384624065, 257.22800384624065, 257.3658257280453, 257.3658257280453, 259.5370594512138, 259.5370594512138, 259.5370594512138, 259.5370594512138, 259.5370594512138, 259.5370594512138, 259.5370594512138, 259.5370594512138, 259.5370594512138, 259.5370594512138, 259.5370594512138, 259.5370594512138, 259.5370594512138, 259.5370594512138, 259.5370594512138, 259.5370594512138, 259.5370594512138, 259.5370594512138, 259.5370594512138, 259.5370594512138, 262.65341139006495, 262.65341139006495, 262.65341139006495, 262.65341139006495, 262.65341139006495, 262.6660081427818, 262.6660081427818, 262.6660397554556, 262.6660397554556, 262.6660397554556, 262.6660397554556, 262.6660397554556, 262.6660397554556, 263.8896393195338, 263.8896393195338, 263.8896393195338, 263.8896393195338, 263.9265478845197, 263.9265478845197, 263.9265478845197, 263.90194651629804, 263.90194651629804]
Done!
