('generated stochastic delays:', [array([ 2, 11,  5, ...,  2,  3,  1])])
('opt_fidel_cost:', 1.1)
Running Experiment1: 
('total budget:', 600)
Auto Init: 
C: 20.469600578508693
nu: 20.469600578508693
Budget Remaining: 591.98980689
Number of MFHOO Instances: 1
Budget per MFHOO Instance:590.88980689
Running SOO number: 1 rho: 0.95 nu: 20.469600578508693
delay_type: DHOO
policy: UCBV
[0.9921875 0.0234375 0.3046875 0.9921875 0.109375  0.015625  0.015625
 0.984375 ]
final iterations:65672685
final HOO number of nodes:674
final HOO height:45
final duration:590
final optimal value:292.057099 
time durations: [0.0012269020080566406, 4.004648923873901, 8.0105299949646, 12.015142917633057, 16.017871856689453, 16.01845693588257, 20.021329879760742, 20.036672830581665, 24.0311758518219, 24.032527923583984, 28.04049587249756, 28.041162967681885, 32.04533886909485, 32.04615497589111, 36.05359482765198, 36.05565690994263, 36.056288957595825, 36.05708384513855, 40.06073594093323, 40.06123685836792, 40.06200098991394, 44.079740047454834, 44.081238985061646, 48.0912549495697, 52.10228085517883, 56.10892605781555, 56.109910011291504, 60.12120699882507, 64.12561702728271, 64.12671494483948, 68.13665986061096, 68.13751792907715, 68.13819599151611, 72.14871788024902, 72.14969205856323, 76.15640497207642, 76.15769004821777, 76.15854787826538, 80.16650104522705, 84.1720449924469, 88.1768548488617, 88.17826294898987, 92.18564486503601, 92.18655204772949, 96.19920492172241, 100.21312594413757, 104.21912884712219, 108.22468495368958, 108.2261049747467, 112.22850298881531, 112.22947597503662, 116.2489550113678, 120.25613284111023, 120.25784397125244, 124.26321792602539, 124.26480793952942, 128.29120087623596, 128.29292798042297, 132.300528049469, 132.30184602737427, 136.31402897834778, 136.3153748512268, 140.33243989944458, 140.33342695236206, 140.3347249031067, 144.349289894104, 144.35100293159485, 148.35681700706482, 148.358216047287, 152.37032794952393, 152.37181901931763, 152.37327194213867, 156.38429403305054, 156.38607001304626, 160.3957679271698, 164.40663194656372, 164.40908193588257, 164.4111669063568, 168.42403984069824, 168.42596101760864, 172.4357888698578, 172.43803596496582, 176.4457769393921, 176.44728684425354, 176.4489598274231, 180.4632089138031, 180.46563291549683, 180.467435836792, 180.4703438282013, 184.47538900375366, 184.4775619506836, 184.47948694229126, 184.48134803771973, 184.48306393623352, 188.48895001411438, 188.49070000648499, 188.49260187149048, 192.5064709186554, 192.52138686180115, 192.52341103553772, 192.52694702148438, 196.5328528881073, 196.53471183776855, 196.53679203987122, 200.5504388809204, 200.55276799201965, 200.5548369884491, 204.5614869594574, 204.56342792510986, 204.5686378479004, 208.57965302467346, 208.58186793327332, 208.58418703079224, 212.59556484222412, 212.59763884544373, 212.59975290298462, 212.60200905799866, 216.6048300266266, 216.6074080467224, 216.60957503318787, 216.63098788261414, 216.63342905044556, 216.6392970085144, 220.64584493637085, 220.66821885108948, 220.6710720062256, 220.67323184013367, 224.6783528327942, 224.68201994895935, 224.68496990203857, 224.68913292884827, 228.69515585899353, 228.69759488105774, 228.69997096061707, 232.7078080177307, 232.71115803718567, 232.71356582641602, 236.72295784950256, 236.72531986236572, 236.72808289527893, 240.747416973114, 240.75012683868408, 240.7528359889984, 244.75732398033142, 244.7600338459015, 244.77178692817688, 244.77429604530334, 244.77697801589966, 244.78023099899292, 248.78862404823303, 248.79135084152222, 248.79402589797974, 248.7969150543213, 252.80467295646667, 252.80802989006042, 252.81110405921936, 252.81378293037415, 256.8217499256134, 256.8248429298401, 256.8276000022888, 260.83537793159485, 260.83922696113586, 260.8421459197998, 260.84496688842773, 264.8525049686432, 264.85583090782166, 268.86266803741455, 268.8659179210663, 268.86833596229553, 268.8716650009155, 272.8738489151001, 272.87712001800537, 272.9007089138031, 272.9040410518646, 276.890095949173, 276.8939769268036, 276.92118883132935, 276.924311876297, 276.9278609752655, 280.94604206085205, 280.9500620365143, 280.95340490341187, 280.9567639827728, 284.97829699516296, 284.9806480407715, 284.98383688926697, 284.9871120452881, 288.9929120540619, 288.9963970184326, 288.9997718334198, 293.0118770599365, 293.0155348777771, 293.0190830230713, 297.0278890132904, 297.03134298324585, 301.0414168834686, 301.0455958843231, 301.04889392852783, 305.0688920021057, 305.0732228755951, 305.0771589279175, 305.08065390586853, 309.08608293533325, 313.09623503685, 313.101371049881, 317.1129469871521, 317.11901593208313, 321.12647700309753, 321.13183784484863, 325.1415069103241, 325.1452000141144, 329.168869972229, 329.1724970340729, 333.19070196151733, 333.19485783576965, 337.20716285705566, 337.2103579044342, 341.22104501724243, 341.2247588634491, 345.2334680557251, 345.23737597465515, 349.24838495254517, 349.2533519268036, 353.27012300491333, 353.2741708755493, 357.29023694992065, 357.2944459915161, 361.307373046875, 361.3109848499298, 365.32701206207275, 369.3371570110321, 369.34112095832825, 373.35536789894104, 373.35970187187195, 377.3799569606781, 381.3881459236145, 381.3935160636902, 385.40674591064453, 389.4120018482208, 389.4161410331726, 393.4366910457611, 393.4411430358887, 397.4623579978943, 401.47313690185547, 401.4791920185089, 405.5057668685913, 405.51005601882935, 409.5287208557129, 413.53622794151306, 413.54024505615234, 413.5438940525055, 417.56355690956116, 421.5697109699249, 421.5746009349823, 425.5844349861145, 425.5886399745941, 429.60434889793396, 429.60937905311584, 433.62564301490784, 433.6300768852234, 433.6354169845581, 437.6521849632263, 441.66040897369385, 441.6648609638214, 445.69176483154297, 445.6968228816986, 449.704598903656, 449.7106189727783, 453.7260899543762, 453.73066687583923, 453.7352669239044, 457.7594759464264, 457.7641680240631, 461.77788400650024, 461.7826750278473, 465.8007118701935, 465.806077003479, 465.8110990524292, 469.8278510570526, 469.83336997032166, 473.85561990737915, 477.8629939556122, 477.86830496788025, 481.8810029029846, 481.8855228424072, 485.9015200138092, 485.9066128730774, 489.91676902770996, 489.921865940094, 493.94488883018494, 493.9502320289612, 497.9596199989319, 497.96501088142395, 501.97884702682495, 501.9840910434723, 501.9894349575043, 506.008407831192, 506.01322388648987, 510.02194690704346, 514.0459580421448, 514.0512390136719, 518.0721259117126, 518.0775699615479, 522.0917160511017, 522.0965619087219, 526.1203470230103, 526.1261079311371, 530.138965845108, 534.1515350341797, 534.1576950550079, 538.1806988716125, 538.1852378845215, 542.2005689144135, 542.2062549591064, 542.2210209369659, 542.22634100914, 546.2414889335632, 550.2599489688873, 550.2654709815979, 554.2750298976898, 554.2804598808289, 554.286358833313, 558.3113198280334, 558.3173129558563, 558.3226130008698, 562.356360912323, 562.3619079589844, 566.3730549812317, 570.3879778385162, 570.3939099311829, 574.4156608581543, 574.4217848777771, 578.4352560043335, 578.4413089752197, 582.4555339813232, 582.4620139598846, 586.4829838275909, 590.4955649375916, 590.5016360282898]
noisy values: [56.41319345295263, 59.962338364486115, 94.53204731537316, 95.64698050257498, 96.66226524327068, 96.66226524327068, 107.72559663853852, 107.72559663853852, 107.72559663853852, 107.72559663853852, 108.65199637463236, 108.65199637463236, 108.65199637463236, 108.65199637463236, 119.81109920369789, 119.81109920369789, 119.81109920369789, 119.81109920369789, 120.10792555627768, 120.10792555627768, 120.10792555627768, 134.4559257306102, 134.4559257306102, 163.70659887524437, 164.50079470121852, 165.64686933632407, 165.64686933632407, 173.88080577431026, 173.88080577431026, 173.88080577431026, 173.88125597433503, 173.88125597433503, 173.88125597433503, 174.76096678733262, 174.76096678733262, 183.00836698185643, 183.00836698185643, 183.00836698185643, 183.3918289730013, 195.1266112114036, 200.7604236779829, 200.7604236779829, 210.1582748101563, 210.1582748101563, 210.1582748101563, 210.1582748101563, 219.73423136073842, 220.9763178064802, 220.9763178064802, 221.95188360328132, 221.95188360328132, 221.95188360328132, 221.95188360328132, 226.92353138928277, 226.92353138928277, 226.92353138928277, 227.27747557440966, 227.27747557440966, 228.32480715598973, 228.32480715598973, 228.32480715598973, 228.32480715598973, 228.32480715598973, 228.32480715598973, 228.32480715598973, 228.32480715598973, 228.32480715598973, 228.32480715598973, 228.32480715598973, 233.2665761930328, 233.2665761930328, 233.2665761930328, 233.61390221039045, 233.61390221039045, 233.61390221039045, 241.10146834602853, 241.10146834602853, 241.10146834602853, 241.44331168066415, 241.44331168066415, 245.02812818636895, 245.02812818636895, 245.02812818636895, 245.02812818636895, 245.02812818636895, 246.71542336755834, 246.71542336755834, 246.71542336755834, 246.71542336755834, 246.71542336755834, 246.71542336755834, 246.71542336755834, 246.71542336755834, 246.71542336755834, 246.71542336755834, 246.71542336755834, 246.71542336755834, 246.71542336755834, 246.71542336755834, 246.71542336755834, 246.71542336755834, 246.71542336755834, 246.71542336755834, 246.71542336755834, 246.71542336755834, 246.71542336755834, 246.71542336755834, 246.71542336755834, 246.71542336755834, 246.71542336755834, 246.71542336755834, 246.71542336755834, 246.71542336755834, 246.71542336755834, 246.71542336755834, 246.71542336755834, 246.71542336755834, 246.71542336755834, 246.71542336755834, 246.71542336755834, 246.71542336755834, 246.71542336755834, 246.71542336755834, 246.71542336755834, 246.71542336755834, 246.71542336755834, 246.71542336755834, 246.71542336755834, 256.0715729341355, 256.0715729341355, 256.0715729341355, 257.12131700336676, 257.12131700336676, 257.12131700336676, 257.12131700336676, 257.12131700336676, 257.12131700336676, 257.12131700336676, 257.12131700336676, 257.12131700336676, 257.8526445286663, 257.8526445286663, 257.8526445286663, 257.8526445286663, 257.8526445286663, 257.8526445286663, 257.8526445286663, 257.8526445286663, 257.8526445286663, 257.8526445286663, 257.8526445286663, 257.8526445286663, 257.8526445286663, 257.8526445286663, 260.5471420250618, 261.001898405255, 261.001898405255, 261.7659562116001, 261.7659562116001, 261.7659562116001, 261.7659562116001, 261.7659562116001, 261.7659562116001, 261.7659562116001, 261.7659562116001, 261.7659562116001, 261.7659562116001, 261.7659562116001, 261.7659562116001, 261.7659562116001, 261.7659562116001, 261.7659562116001, 261.7659562116001, 261.7659562116001, 261.7659562116001, 261.7659562116001, 261.7659562116001, 261.7659562116001, 261.7659562116001, 261.7659562116001, 261.7659562116001, 261.7659562116001, 261.7659562116001, 264.86665307164094, 264.86665307164094, 264.86665307164094, 264.86665307164094, 269.4956812011886, 269.4956812011886, 269.4956812011886, 269.4956812011886, 269.4956812011886, 269.4956812011886, 269.4956812011886, 269.4956812011886, 269.4956812011886, 269.4956812011886, 269.4956812011886, 269.4956812011886, 269.4956812011886, 269.4956812011886, 269.4956812011886, 269.4956812011886, 269.4956812011886, 269.4956812011886, 269.4956812011886, 269.4956812011886, 269.4956812011886, 271.39709946498806, 274.56065504024565, 274.56065504024565, 274.56065504024565, 274.56065504024565, 274.56065504024565, 274.56065504024565, 277.90431673301634, 277.90431673301634, 277.90431673301634, 277.90431673301634, 277.90431673301634, 277.90431673301634, 278.7439959286911, 278.7439959286911, 279.2600814589213, 279.2600814589213, 279.2600814589213, 279.2600814589213, 279.2600814589213, 279.2600814589213, 279.2600814589213, 280.57253473620824, 280.57253473620824, 281.0535096704335, 281.0535096704335, 281.57070198276443, 281.57070198276443, 281.57070198276443, 281.57070198276443, 281.57070198276443, 281.57070198276443, 282.7319029189626, 282.7319029189626, 282.7319029189626, 282.7319029189626, 282.7319029189626, 283.17448890979864, 283.17448890979864, 283.2224513586607, 283.2224513586607, 283.2224513586607, 283.2224513586607, 285.3139625973098, 285.91476884324493, 285.91476884324493, 287.12707672518917, 287.12707672518917, 287.12707672518917, 287.12707672518917, 287.12707672518917, 287.12707672518917, 287.12707672518917, 287.12707672518917, 287.12707672518917, 287.12707672518917, 287.12707672518917, 287.12707672518917, 287.12707672518917, 287.12707672518917, 287.12707672518917, 287.12707672518917, 287.12707672518917, 287.12707672518917, 287.12707672518917, 287.12707672518917, 287.12707672518917, 287.12707672518917, 287.12707672518917, 287.12707672518917, 287.12707672518917, 287.12707672518917, 287.12707672518917, 287.12707672518917, 287.12707672518917, 288.875350927412, 288.875350927412, 288.875350927412, 288.875350927412, 288.875350927412, 288.875350927412, 288.875350927412, 288.875350927412, 288.875350927412, 288.875350927412, 288.875350927412, 288.875350927412, 288.875350927412, 290.4013816658915, 290.4013816658915, 290.4013816658915, 290.4013816658915, 290.4013816658915, 291.06868962473766, 291.06868962473766, 291.06868962473766, 291.06868962473766, 291.06868962473766, 291.06868962473766, 291.06868962473766, 291.06868962473766, 291.06868962473766, 291.06868962473766, 291.06868962473766, 291.06868962473766, 291.06868962473766, 291.06868962473766, 291.06868962473766, 291.06868962473766, 291.06868962473766, 291.06868962473766, 291.06868962473766, 291.06868962473766, 291.06868962473766, 291.06868962473766, 291.06868962473766, 291.06868962473766, 291.1669689985518, 291.1669689985518, 291.52019896697294, 291.52019896697294, 291.52019896697294, 291.52019896697294, 291.52019896697294, 291.52019896697294, 291.52019896697294, 291.52019896697294, 291.52019896697294, 291.52019896697294, 292.05709913252343, 292.05709913252343]
data points:
values: [70.87291263681897, 70.87291263681897, 115.89303989857751, 115.89303989857751, 115.94985205077386, 115.94997398170983, 115.94997398170983, 127.9444834139051, 127.9444834139051, 127.9444834139051, 127.9444834139051, 127.84504410149047, 127.84504410149047, 127.84504410149047, 127.84504410149047, 139.74108478157498, 139.74108478157498, 139.74108478157498, 139.74108478157498, 140.08717575937712, 140.08717575937712, 155.5284880962732, 155.5284880962732, 187.89121954521187, 187.89121954521187, 187.4183227305314, 187.41850129572026, 187.41850129572026, 195.4503152260053, 195.4503152260053, 195.4503152260053, 195.45072277982257, 195.45072277982257, 195.45072277982257, 195.22868095529108, 195.22868095529108, 203.25177743290575, 203.25177743290575, 203.25177743290575, 215.5185311015027, 215.5185311015027, 220.5884810331559, 229.77982002105406, 229.77982002105406, 229.77982002105406, 229.77982002105406, 240.2498658857822, 240.2498658857822, 240.48523354672608, 240.48523354672608, 240.48534538414165, 240.48534538414165, 240.48534538414165, 240.48534538414165, 244.84994901159433, 244.84994901159433, 244.84994901159433, 245.23176667461811, 245.23176667461811, 245.39256816410875, 245.39256816410875, 245.39256816410875, 245.39256816410875, 245.39256816410875, 245.39256816410875, 245.39256816410875, 245.39256816410875, 245.39256816410875, 245.39256816410875, 245.39256816410875, 249.77024517502144, 249.77024517502144, 249.77024517502144, 250.14210174147863, 250.14210174147863, 257.24940427509944, 257.24940427509944, 257.24940427509944, 257.24940427509944, 257.6141433761547, 257.6141433761547, 260.5664789546462, 260.5664789546462, 260.5664789546462, 260.5664789546462, 260.5664789546462, 261.53154324917494, 261.53154324917494, 261.53154324917494, 261.53154324917494, 261.53154324917494, 261.53154324917494, 261.53154324917494, 261.53154324917494, 261.53154324917494, 261.53154324917494, 261.53154324917494, 261.53154324917494, 261.53154324917494, 261.53154324917494, 261.53154324917494, 261.53154324917494, 261.53154324917494, 261.53154324917494, 261.53154324917494, 261.53154324917494, 261.53154324917494, 261.53154324917494, 261.53154324917494, 261.53154324917494, 261.53154324917494, 261.53154324917494, 261.53154324917494, 261.53154324917494, 261.53154324917494, 261.53154324917494, 261.53154324917494, 261.53154324917494, 261.53154324917494, 261.53154324917494, 261.53154324917494, 261.53154324917494, 261.53154324917494, 261.53154324917494, 261.53154324917494, 261.53154324917494, 261.53154324917494, 261.53154324917494, 271.4495948880521, 271.4495948880521, 271.4495948880521, 271.4495948880521, 271.746385214819, 271.746385214819, 271.746385214819, 271.746385214819, 271.746385214819, 271.746385214819, 271.746385214819, 271.746385214819, 271.746385214819, 271.74645590271325, 271.74645590271325, 271.74645590271325, 271.74645590271325, 271.74645590271325, 271.74645590271325, 271.74645590271325, 271.74645590271325, 271.74645590271325, 271.74645590271325, 271.74645590271325, 271.74645590271325, 271.74645590271325, 271.74645590271325, 273.8483933464954, 274.3263273195111, 274.3263273195111, 274.4288966404398, 274.4288966404398, 274.4288966404398, 274.4288966404398, 274.4288966404398, 274.4288966404398, 274.4288966404398, 274.4288966404398, 274.4288966404398, 274.4288966404398, 274.4288966404398, 274.4288966404398, 274.4288966404398, 274.4288966404398, 274.4288966404398, 274.4288966404398, 274.4288966404398, 274.4288966404398, 274.4288966404398, 274.4288966404398, 274.4288966404398, 274.4288966404398, 274.4288966404398, 274.4288966404398, 274.4288966404398, 274.4288966404398, 277.00958545096796, 277.00958545096796, 277.00958545096796, 281.206236828807, 281.206236828807, 281.206236828807, 281.206236828807, 281.206236828807, 281.206236828807, 281.206236828807, 281.206236828807, 281.206236828807, 281.206236828807, 281.206236828807, 281.206236828807, 281.206236828807, 281.206236828807, 281.206236828807, 281.206236828807, 281.206236828807, 281.206236828807, 281.206236828807, 281.206236828807, 281.206236828807, 281.206236828807, 282.5763321783235, 285.2826416682662, 285.2826416682662, 285.2826416682662, 285.2826416682662, 285.2826416682662, 285.2826416682662, 288.75688175079404, 288.75688175079404, 288.75688175079404, 288.75688175079404, 288.75688175079404, 288.75688175079404, 289.06491234825796, 289.06491234825796, 289.06495082019325, 289.06495082019325, 289.06495082019325, 289.06495082019325, 289.06495082019325, 289.06495082019325, 289.06495082019325, 289.9145645135488, 289.9145645135488, 290.41152667805125, 290.41152667805125, 290.462374746086, 290.462374746086, 290.462374746086, 290.462374746086, 290.462374746086, 290.462374746086, 291.2004863725241, 291.2004863725241, 291.2004863725241, 291.2004863725241, 291.2004863725241, 291.2201607129461, 291.2201607129461, 291.70570273031234, 291.70570273031234, 291.70570273031234, 291.70570273031234, 293.42044586353427, 294.0383031105433, 294.0383031105433, 294.8661629187086, 294.8661629187086, 294.8661629187086, 294.8661629187086, 294.8661629187086, 294.8661629187086, 294.8661629187086, 294.8661629187086, 294.8661629187086, 294.8661629187086, 294.8661629187086, 294.8661629187086, 294.8661629187086, 294.8661629187086, 294.8661629187086, 294.8661629187086, 294.8661629187086, 294.8661629187086, 294.8661629187086, 294.8661629187086, 294.8661629187086, 294.8661629187086, 294.8661629187086, 294.8661629187086, 294.8661629187086, 294.8661629187086, 294.8661629187086, 294.8661629187086, 294.8661629187086, 296.2622904102384, 296.2622904102384, 296.2622904102384, 296.2622904102384, 296.2622904102384, 296.2622904102384, 296.2622904102384, 296.2622904102384, 296.2622904102384, 296.2622904102384, 296.2622904102384, 296.2622904102384, 296.2622904102384, 297.8273448546704, 297.8273448546704, 297.8273448546704, 297.8273448546704, 297.8273448546704, 298.13052431593326, 298.13052431593326, 298.13052431593326, 298.13052431593326, 298.13052431593326, 298.13052431593326, 298.13052431593326, 298.13052431593326, 298.13052431593326, 298.13052431593326, 298.13052431593326, 298.13052431593326, 298.13052431593326, 298.13052431593326, 298.13052431593326, 298.13052431593326, 298.13052431593326, 298.13052431593326, 298.13052431593326, 298.13052431593326, 298.13052431593326, 298.13052431593326, 298.13052431593326, 298.13052431593326, 298.23118817619405, 298.23118817619405, 298.2312067886054, 298.2312067886054, 298.2312067886054, 298.2312067886054, 298.2312067886054, 298.2312067886054, 298.2312067886054, 298.2312067886054, 298.2312067886054, 298.2312067886054, 298.4369725552687]
real values1: [70.87291263681897, 74.39645309951365, 115.89303989857751, 115.94985205077386, 115.94997398170983, 115.94997398170983, 127.9444834139051, 127.9444834139051, 127.9444834139051, 127.9444834139051, 127.84504410149047, 127.84504410149047, 127.84504410149047, 127.84504410149047, 139.74108478157498, 139.74108478157498, 139.74108478157498, 139.74108478157498, 140.08717575937712, 140.08717575937712, 140.08717575937712, 155.5284880962732, 155.5284880962732, 187.89121954521187, 187.4183227305314, 187.41850129572026, 187.41850129572026, 195.4503152260053, 195.4503152260053, 195.4503152260053, 195.45072277982257, 195.45072277982257, 195.45072277982257, 195.22868095529108, 195.22868095529108, 203.25177743290575, 203.25177743290575, 203.25177743290575, 203.67765696210293, 215.5185311015027, 220.5884810331559, 220.5884810331559, 229.77982002105406, 229.77982002105406, 229.77982002105406, 229.77982002105406, 240.2498658857822, 240.48523354672608, 240.48523354672608, 240.48534538414165, 240.48534538414165, 240.48534538414165, 240.48534538414165, 244.84994901159433, 244.84994901159433, 244.84994901159433, 245.23176667461811, 245.23176667461811, 245.39256816410875, 245.39256816410875, 245.39256816410875, 245.39256816410875, 245.39256816410875, 245.39256816410875, 245.39256816410875, 245.39256816410875, 245.39256816410875, 245.39256816410875, 245.39256816410875, 249.77024517502144, 249.77024517502144, 249.77024517502144, 250.14210174147863, 250.14210174147863, 250.14210174147863, 257.24940427509944, 257.24940427509944, 257.24940427509944, 257.6141433761547, 257.6141433761547, 260.5664789546462, 260.5664789546462, 260.5664789546462, 260.5664789546462, 260.5664789546462, 261.53154324917494, 261.53154324917494, 261.53154324917494, 261.53154324917494, 261.53154324917494, 261.53154324917494, 261.53154324917494, 261.53154324917494, 261.53154324917494, 261.53154324917494, 261.53154324917494, 261.53154324917494, 261.53154324917494, 261.53154324917494, 261.53154324917494, 261.53154324917494, 261.53154324917494, 261.53154324917494, 261.53154324917494, 261.53154324917494, 261.53154324917494, 261.53154324917494, 261.53154324917494, 261.53154324917494, 261.53154324917494, 261.53154324917494, 261.53154324917494, 261.53154324917494, 261.53154324917494, 261.53154324917494, 261.53154324917494, 261.53154324917494, 261.53154324917494, 261.53154324917494, 261.53154324917494, 261.53154324917494, 261.53154324917494, 261.53154324917494, 261.53154324917494, 261.53154324917494, 261.53154324917494, 261.53154324917494, 261.53154324917494, 271.4495948880521, 271.4495948880521, 271.4495948880521, 271.746385214819, 271.746385214819, 271.746385214819, 271.746385214819, 271.746385214819, 271.746385214819, 271.746385214819, 271.746385214819, 271.746385214819, 271.74645590271325, 271.74645590271325, 271.74645590271325, 271.74645590271325, 271.74645590271325, 271.74645590271325, 271.74645590271325, 271.74645590271325, 271.74645590271325, 271.74645590271325, 271.74645590271325, 271.74645590271325, 271.74645590271325, 271.74645590271325, 273.8483933464954, 274.3263273195111, 274.3263273195111, 274.4288966404398, 274.4288966404398, 274.4288966404398, 274.4288966404398, 274.4288966404398, 274.4288966404398, 274.4288966404398, 274.4288966404398, 274.4288966404398, 274.4288966404398, 274.4288966404398, 274.4288966404398, 274.4288966404398, 274.4288966404398, 274.4288966404398, 274.4288966404398, 274.4288966404398, 274.4288966404398, 274.4288966404398, 274.4288966404398, 274.4288966404398, 274.4288966404398, 274.4288966404398, 274.4288966404398, 274.4288966404398, 274.4288966404398, 277.00958545096796, 277.00958545096796, 277.00958545096796, 277.00958545096796, 281.206236828807, 281.206236828807, 281.206236828807, 281.206236828807, 281.206236828807, 281.206236828807, 281.206236828807, 281.206236828807, 281.206236828807, 281.206236828807, 281.206236828807, 281.206236828807, 281.206236828807, 281.206236828807, 281.206236828807, 281.206236828807, 281.206236828807, 281.206236828807, 281.206236828807, 281.206236828807, 281.206236828807, 282.5763321783235, 285.2826416682662, 285.2826416682662, 285.2826416682662, 285.2826416682662, 285.2826416682662, 285.2826416682662, 288.75688175079404, 288.75688175079404, 288.75688175079404, 288.75688175079404, 288.75688175079404, 288.75688175079404, 289.06491234825796, 289.06491234825796, 289.06495082019325, 289.06495082019325, 289.06495082019325, 289.06495082019325, 289.06495082019325, 289.06495082019325, 289.06495082019325, 289.9145645135488, 289.9145645135488, 290.41152667805125, 290.41152667805125, 290.462374746086, 290.462374746086, 290.462374746086, 290.462374746086, 290.462374746086, 290.462374746086, 291.2004863725241, 291.2004863725241, 291.2004863725241, 291.2004863725241, 291.2004863725241, 291.2201607129461, 291.2201607129461, 291.70570273031234, 291.70570273031234, 291.70570273031234, 291.70570273031234, 293.42044586353427, 294.0383031105433, 294.0383031105433, 294.8661629187086, 294.8661629187086, 294.8661629187086, 294.8661629187086, 294.8661629187086, 294.8661629187086, 294.8661629187086, 294.8661629187086, 294.8661629187086, 294.8661629187086, 294.8661629187086, 294.8661629187086, 294.8661629187086, 294.8661629187086, 294.8661629187086, 294.8661629187086, 294.8661629187086, 294.8661629187086, 294.8661629187086, 294.8661629187086, 294.8661629187086, 294.8661629187086, 294.8661629187086, 294.8661629187086, 294.8661629187086, 294.8661629187086, 294.8661629187086, 294.8661629187086, 294.8661629187086, 296.2622904102384, 296.2622904102384, 296.2622904102384, 296.2622904102384, 296.2622904102384, 296.2622904102384, 296.2622904102384, 296.2622904102384, 296.2622904102384, 296.2622904102384, 296.2622904102384, 296.2622904102384, 296.2622904102384, 297.8273448546704, 297.8273448546704, 297.8273448546704, 297.8273448546704, 297.8273448546704, 298.13052431593326, 298.13052431593326, 298.13052431593326, 298.13052431593326, 298.13052431593326, 298.13052431593326, 298.13052431593326, 298.13052431593326, 298.13052431593326, 298.13052431593326, 298.13052431593326, 298.13052431593326, 298.13052431593326, 298.13052431593326, 298.13052431593326, 298.13052431593326, 298.13052431593326, 298.13052431593326, 298.13052431593326, 298.13052431593326, 298.13052431593326, 298.13052431593326, 298.13052431593326, 298.13052431593326, 298.23118817619405, 298.23118817619405, 298.2312067886054, 298.2312067886054, 298.2312067886054, 298.2312067886054, 298.2312067886054, 298.2312067886054, 298.2312067886054, 298.2312067886054, 298.2312067886054, 298.2312067886054, 298.4369725552687, 298.4369725552687]
real values2: [70.87291263681897, 74.39645309951365, 115.89303989857751, 115.94985205077386, 115.94997398170983, 115.94997398170983, 127.9444834139051, 127.9444834139051, 127.9444834139051, 127.9444834139051, 127.84504410149047, 127.84504410149047, 127.84504410149047, 127.84504410149047, 139.74108478157498, 139.74108478157498, 139.74108478157498, 139.74108478157498, 140.08717575937712, 140.08717575937712, 140.08717575937712, 155.5284880962732, 155.5284880962732, 187.89121954521187, 187.4183227305314, 187.41850129572026, 187.41850129572026, 195.4503152260053, 195.4503152260053, 195.4503152260053, 195.45072277982257, 195.45072277982257, 195.45072277982257, 195.22868095529108, 195.22868095529108, 203.25177743290575, 203.25177743290575, 203.25177743290575, 203.67765696210293, 215.5185311015027, 220.5884810331559, 220.5884810331559, 229.77982002105406, 229.77982002105406, 229.77982002105406, 229.77982002105406, 240.2498658857822, 240.48523354672608, 240.48523354672608, 240.48534538414165, 240.48534538414165, 240.48534538414165, 240.48534538414165, 244.84994901159433, 244.84994901159433, 244.84994901159433, 245.23176667461811, 245.23176667461811, 245.39256816410875, 245.39256816410875, 245.39256816410875, 245.39256816410875, 245.39256816410875, 245.39256816410875, 245.39256816410875, 245.39256816410875, 245.39256816410875, 245.39256816410875, 245.39256816410875, 249.77024517502144, 249.77024517502144, 249.77024517502144, 250.14210174147863, 250.14210174147863, 250.14210174147863, 257.24940427509944, 257.24940427509944, 257.24940427509944, 257.6141433761547, 257.6141433761547, 260.5664789546462, 260.5664789546462, 260.5664789546462, 260.5664789546462, 260.5664789546462, 261.53154324917494, 261.53154324917494, 261.53154324917494, 261.53154324917494, 261.53154324917494, 261.53154324917494, 261.53154324917494, 261.53154324917494, 261.53154324917494, 261.53154324917494, 261.53154324917494, 261.53154324917494, 261.53154324917494, 261.53154324917494, 261.53154324917494, 261.53154324917494, 261.53154324917494, 261.53154324917494, 261.53154324917494, 261.53154324917494, 261.53154324917494, 261.53154324917494, 261.53154324917494, 261.53154324917494, 261.53154324917494, 261.53154324917494, 261.53154324917494, 261.53154324917494, 261.53154324917494, 261.53154324917494, 261.53154324917494, 261.53154324917494, 261.53154324917494, 261.53154324917494, 261.53154324917494, 261.53154324917494, 261.53154324917494, 261.53154324917494, 261.53154324917494, 261.53154324917494, 261.53154324917494, 261.53154324917494, 261.53154324917494, 271.4495948880521, 271.4495948880521, 271.4495948880521, 271.746385214819, 271.746385214819, 271.746385214819, 271.746385214819, 271.746385214819, 271.746385214819, 271.746385214819, 271.746385214819, 271.746385214819, 271.74645590271325, 271.74645590271325, 271.74645590271325, 271.74645590271325, 271.74645590271325, 271.74645590271325, 271.74645590271325, 271.74645590271325, 271.74645590271325, 271.74645590271325, 271.74645590271325, 271.74645590271325, 271.74645590271325, 271.74645590271325, 273.8483933464954, 274.3263273195111, 274.3263273195111, 274.4288966404398, 274.4288966404398, 274.4288966404398, 274.4288966404398, 274.4288966404398, 274.4288966404398, 274.4288966404398, 274.4288966404398, 274.4288966404398, 274.4288966404398, 274.4288966404398, 274.4288966404398, 274.4288966404398, 274.4288966404398, 274.4288966404398, 274.4288966404398, 274.4288966404398, 274.4288966404398, 274.4288966404398, 274.4288966404398, 274.4288966404398, 274.4288966404398, 274.4288966404398, 274.4288966404398, 274.4288966404398, 274.4288966404398, 277.00958545096796, 277.00958545096796, 277.00958545096796, 277.00958545096796, 281.206236828807, 281.206236828807, 281.206236828807, 281.206236828807, 281.206236828807, 281.206236828807, 281.206236828807, 281.206236828807, 281.206236828807, 281.206236828807, 281.206236828807, 281.206236828807, 281.206236828807, 281.206236828807, 281.206236828807, 281.206236828807, 281.206236828807, 281.206236828807, 281.206236828807, 281.206236828807, 281.206236828807, 282.5763321783235, 285.2826416682662, 285.2826416682662, 285.2826416682662, 285.2826416682662, 285.2826416682662, 285.2826416682662, 288.75688175079404, 288.75688175079404, 288.75688175079404, 288.75688175079404, 288.75688175079404, 288.75688175079404, 289.06491234825796, 289.06491234825796, 289.06495082019325, 289.06495082019325, 289.06495082019325, 289.06495082019325, 289.06495082019325, 289.06495082019325, 289.06495082019325, 289.9145645135488, 289.9145645135488, 290.41152667805125, 290.41152667805125, 290.462374746086, 290.462374746086, 290.462374746086, 290.462374746086, 290.462374746086, 290.462374746086, 291.2004863725241, 291.2004863725241, 291.2004863725241, 291.2004863725241, 291.2004863725241, 291.2201607129461, 291.2201607129461, 291.70570273031234, 291.70570273031234, 291.70570273031234, 291.70570273031234, 293.42044586353427, 294.0383031105433, 294.0383031105433, 294.8661629187086, 294.8661629187086, 294.8661629187086, 294.8661629187086, 294.8661629187086, 294.8661629187086, 294.8661629187086, 294.8661629187086, 294.8661629187086, 294.8661629187086, 294.8661629187086, 294.8661629187086, 294.8661629187086, 294.8661629187086, 294.8661629187086, 294.8661629187086, 294.8661629187086, 294.8661629187086, 294.8661629187086, 294.8661629187086, 294.8661629187086, 294.8661629187086, 294.8661629187086, 294.8661629187086, 294.8661629187086, 294.8661629187086, 294.8661629187086, 294.8661629187086, 294.8661629187086, 296.2622904102384, 296.2622904102384, 296.2622904102384, 296.2622904102384, 296.2622904102384, 296.2622904102384, 296.2622904102384, 296.2622904102384, 296.2622904102384, 296.2622904102384, 296.2622904102384, 296.2622904102384, 296.2622904102384, 297.8273448546704, 297.8273448546704, 297.8273448546704, 297.8273448546704, 297.8273448546704, 298.13052431593326, 298.13052431593326, 298.13052431593326, 298.13052431593326, 298.13052431593326, 298.13052431593326, 298.13052431593326, 298.13052431593326, 298.13052431593326, 298.13052431593326, 298.13052431593326, 298.13052431593326, 298.13052431593326, 298.13052431593326, 298.13052431593326, 298.13052431593326, 298.13052431593326, 298.13052431593326, 298.13052431593326, 298.13052431593326, 298.13052431593326, 298.13052431593326, 298.13052431593326, 298.13052431593326, 298.23118817619405, 298.23118817619405, 298.2312067886054, 298.2312067886054, 298.2312067886054, 298.2312067886054, 298.2312067886054, 298.2312067886054, 298.2312067886054, 298.2312067886054, 298.2312067886054, 298.2312067886054, 298.4369725552687, 298.4369725552687]
Done!
