('generated stochastic delays:', [array([ 2, 11,  5, ...,  2,  3,  1])])
('opt_fidel_cost:', 1.1)
Running Experiment1: 
('total budget:', 600)
Auto Init: 
C: 20.469600578508693
nu: 20.469600578508693
Budget Remaining: 591.990225077
Number of MFHOO Instances: 1
Budget per MFHOO Instance:590.890225077
Running SOO number: 1 rho: 0.95 nu: 20.469600578508693
delay_type: DHOO
policy: UCBV
[0.99609375 0.4140625  0.8203125  0.9921875  0.7421875  0.0078125
 0.0078125  0.9921875 ]
final iterations:52793890
final HOO number of nodes:587
final HOO height:58
final duration:590
final optimal value:299.305161 
time durations: [0.0013260841369628906, 4.006271123886108, 4.009371042251587, 4.009984970092773, 8.012147188186646, 8.012623071670532, 12.018933057785034, 12.019517183303833, 16.024713039398193, 16.02570915222168, 20.032001972198486, 20.034236192703247, 24.03990912437439, 24.040405988693237, 28.055418968200684, 28.057257175445557, 32.06298017501831, 32.0635130405426, 36.076765060424805, 36.0778911113739, 40.085713148117065, 44.09670615196228, 48.099250078201294, 48.10188412666321, 48.102835178375244, 52.107694149017334, 52.10855317115784, 56.144214153289795, 60.151915073394775, 60.15292000770569, 64.16634011268616, 68.18010902404785, 72.1835150718689, 76.18949913978577, 76.19047999382019, 80.19638204574585, 80.19771599769592, 84.20899796485901, 84.21027112007141, 88.21874117851257, 88.21981501579285, 92.22319316864014, 92.22422409057617, 92.2255711555481, 92.22707605361938, 96.22885203361511, 96.24170708656311, 96.25432801246643, 96.25586700439453, 100.23820209503174, 100.24951696395874, 100.25106406211853, 104.26064705848694, 104.26176118850708, 104.26295900344849, 108.27416896820068, 108.27635097503662, 112.28371405601501, 112.2854311466217, 116.29057216644287, 120.29784107208252, 120.29918217658997, 120.30046105384827, 124.3162009716034, 124.31751418113708, 124.31873297691345, 128.32568097114563, 128.332612991333, 128.33486604690552, 132.3410210609436, 132.3424060344696, 132.34402704238892, 136.35787916183472, 136.35965013504028, 136.36071109771729, 140.3644561767578, 140.36605215072632, 140.36779308319092, 140.385724067688, 140.38755011558533, 144.3815951347351, 144.38363313674927, 144.38631319999695, 148.3963851928711, 148.39918518066406, 148.40207600593567, 148.4049379825592, 152.4189829826355, 152.4207329750061, 152.4223871231079, 156.45723414421082, 160.4688379764557, 160.47129201889038, 164.47485399246216, 168.48246717453003, 168.48470902442932, 172.49470210075378, 172.49614119529724, 176.50229215621948, 180.50966596603394, 180.5116720199585, 184.5298581123352, 188.54273009300232, 188.54558396339417, 192.5561921596527, 192.55877709388733, 196.57496213912964, 200.58090114593506, 200.58312606811523, 204.62190914154053, 208.62610816955566, 208.62829899787903, 212.65172219276428, 212.65384101867676, 216.66446208953857, 220.68303203582764, 220.68487811088562, 220.68647718429565, 224.6969289779663, 224.69921398162842, 228.70853900909424, 228.71087217330933, 232.72482204437256, 232.72726917266846, 236.73996710777283, 236.74347019195557, 240.75881505012512, 240.76227402687073, 244.77260518074036, 244.7751441001892, 248.79141116142273, 252.8059720993042, 252.80859303474426, 256.81896018981934, 256.82147002220154, 260.8343961238861, 264.84279108047485, 264.84539914131165, 268.86053109169006, 268.863174200058, 268.86562514305115, 272.88280415534973, 272.88532519340515, 276.9022400379181, 276.90519404411316, 280.91681599617004, 284.93324518203735, 284.93597197532654, 288.95013403892517, 288.9535171985626, 292.9615020751953, 292.96399307250977, 296.97276306152344, 296.9756991863251, 300.9947900772095, 300.9974009990692, 301.00032210350037, 305.0100300312042, 305.0139820575714, 309.02833104133606, 313.03281903266907, 313.0352141857147, 317.047669172287, 317.05151414871216, 317.05533719062805, 321.09560108184814, 325.1080811023712, 325.1115770339966, 329.11817502975464, 329.12116408348083, 333.13840413093567, 333.14174699783325, 337.15802001953125, 337.16114807128906, 337.16440320014954, 341.209566116333, 341.2130620479584, 345.22713708877563, 345.23060607910156, 349.24254298210144, 349.2464621067047, 353.27595114707947, 353.27961802482605, 357.29324197769165, 357.29683208465576, 361.31257820129395, 361.31883907318115, 365.3328490257263, 365.3366641998291, 369.36921215057373, 369.37285113334656, 373.39180397987366, 373.39537715911865, 377.4182620048523, 381.42894411087036, 381.4330141544342, 385.4570121765137, 385.4604890346527, 389.4831211566925, 389.4865961074829, 393.4995231628418, 393.5030381679535, 397.524600982666, 401.5335531234741, 401.53694796562195, 405.55285716056824, 405.5564911365509, 409.5740761756897, 409.5777361392975, 413.5967140197754, 413.6001901626587, 417.6247730255127, 421.6330361366272, 421.6369330883026, 425.6518020629883, 425.65653705596924, 429.6765911579132, 429.68083906173706, 429.68368697166443, 429.68763518333435, 433.71842312812805, 433.7222261428833, 433.72636103630066, 437.75356006622314, 437.7573812007904, 441.7682101726532, 445.77273297309875, 445.7777771949768, 449.78305196762085, 449.78776597976685, 453.80477499961853, 453.80857014656067, 457.8335211277008, 461.8403160572052, 461.84425115585327, 465.858736038208, 465.86299204826355, 469.87402510643005, 473.88686513900757, 473.8915910720825, 477.91134810447693, 477.91585302352905, 481.92700600624084, 481.931529045105, 485.9575021266937, 489.9661600589752, 489.9719521999359, 493.9882581233978, 493.99298906326294, 498.00926303863525, 498.0135431289673, 502.0283830165863, 502.0332989692688, 506.0531220436096, 506.05806517601013, 510.0780391693115, 510.0852541923523, 514.0998911857605, 514.1050441265106, 518.1184890270233, 518.1228771209717, 522.1396219730377, 526.1546430587769, 526.1598320007324, 530.1838161945343, 530.1872301101685, 534.2095470428467, 538.2293891906738, 538.235552072525, 542.2456510066986, 542.2538089752197, 546.2561821937561, 546.2618010044098, 550.301066160202, 550.3044910430908, 550.3100380897522, 554.3370900154114, 554.3415591716766, 558.3562061786652, 558.3613691329956, 562.3921320438385, 566.4268801212311, 566.4314091205597, 570.4462671279907, 570.4516971111298, 574.4746341705322, 574.4808251857758, 578.5062971115112, 578.5111181735992, 582.5331771373749, 582.5382699966431, 586.5630791187286, 586.5680801868439, 590.6061811447144, 590.6113750934601]
noisy values: [56.41319345295263, 56.41319345295263, 59.962338364486115, 59.962338364486115, 85.59978474516566, 85.59978474516566, 94.53204731537316, 94.53204731537316, 94.53204731537316, 94.53204731537316, 98.45755423491572, 98.45755423491572, 98.45755423491572, 98.45755423491572, 107.72595937124706, 107.72595937124706, 108.85155298002653, 108.85155298002653, 120.10792555627768, 120.10792555627768, 134.4564066776998, 163.70729102882132, 165.01063590034022, 165.01063590034022, 165.01063590034022, 167.25187762890283, 167.25187762890283, 175.50162540080072, 175.50162540080072, 175.50162540080072, 176.47436500850318, 176.47436500850318, 184.50870354456157, 196.26166416512268, 196.26166416512268, 196.26166416512268, 196.26166416512268, 202.815770529539, 202.815770529539, 223.35481856040394, 223.35481856040394, 224.27975201105824, 224.27975201105824, 224.27975201105824, 224.27975201105824, 225.9144538076955, 225.9144538076955, 225.9144538076955, 225.9144538076955, 231.1447595331278, 231.1447595331278, 231.1447595331278, 231.87765396339415, 231.87765396339415, 231.87765396339415, 232.47292505052587, 232.66792494576808, 232.66792494576808, 232.66792494576808, 238.48647489093173, 246.2525448662316, 246.2525448662316, 246.2525448662316, 249.68323724135217, 249.68323724135217, 249.68323724135217, 249.68323724135217, 249.68323724135217, 249.68323724135217, 261.1197605030562, 261.1197605030562, 261.1197605030562, 261.7173488711742, 261.7173488711742, 261.7173488711742, 261.7173488711742, 261.7173488711742, 261.7173488711742, 261.7173488711742, 261.7173488711742, 261.7173488711742, 261.7173488711742, 261.7173488711742, 262.25642414320953, 262.25642414320953, 262.25642414320953, 262.25642414320953, 265.263134368344, 265.263134368344, 265.263134368344, 265.263134368344, 265.263134368344, 265.263134368344, 265.263134368344, 265.263134368344, 265.263134368344, 265.263134368344, 265.263134368344, 265.64692783466126, 266.1700104346742, 266.1700104346742, 266.1700104346742, 269.1204664939699, 269.1204664939699, 269.1204664939699, 269.1204664939699, 273.51744454603335, 273.51744454603335, 273.51744454603335, 273.63819079041514, 273.63819079041514, 273.63819079041514, 275.48011067611867, 275.48011067611867, 275.48011067611867, 275.48011067611867, 275.48011067611867, 275.48011067611867, 276.5701358336027, 276.5701358336027, 276.5701358336027, 276.5701358336027, 281.82146752664585, 281.82146752664585, 282.21374731958986, 282.21374731958986, 282.21374731958986, 282.21374731958986, 282.5745481621222, 282.5745481621222, 284.2352741010811, 284.2352741010811, 284.2352741010811, 284.50626553436274, 284.56873777785995, 284.5687951334275, 284.5932863243817, 284.5932863243817, 286.22516647847607, 286.22516647847607, 286.22516647847607, 286.22516647847607, 286.22516647847607, 286.22516647847607, 286.22516647847607, 286.22516647847607, 286.22516647847607, 286.22516647847607, 286.22516647847607, 286.22516647847607, 286.22516647847607, 286.22516647847607, 286.22516647847607, 286.22516647847607, 286.22516647847607, 286.22516647847607, 286.22516647847607, 286.22516647847607, 288.6881850548418, 288.6882434477484, 288.6882434477484, 288.6882434477484, 288.6882434477484, 288.6882434477484, 288.6882434477484, 289.72237527010145, 289.72237527010145, 289.72237527010145, 289.72237527010145, 289.72237527010145, 289.72237527010145, 289.72237527010145, 289.72237527010145, 289.72237527010145, 289.72237527010145, 289.72237527010145, 289.72237527010145, 289.72237527010145, 289.72237527010145, 289.78666009826975, 289.78666009826975, 293.0785413083152, 293.0785413083152, 293.0785413083152, 293.0785413083152, 293.3444809921335, 293.3444809921335, 293.5911960344285, 293.5911960344285, 293.5911960344285, 293.5911960344285, 294.49113313298074, 294.49113313298074, 294.49113313298074, 294.49113313298074, 294.49113313298074, 294.49113313298074, 294.49113313298074, 294.5036199741422, 294.5036199741422, 294.5036199741422, 294.5036199741422, 294.74290449926684, 294.74290449926684, 294.74290449926684, 294.74290449926684, 294.74290449926684, 295.62156212329126, 295.62156212329126, 295.62156212329126, 295.62156212329126, 295.62156212329126, 295.62156212329126, 295.62156212329126, 295.62156212329126, 295.62156212329126, 295.62156212329126, 295.62156212329126, 295.62156212329126, 295.62156212329126, 295.63401666725923, 295.63401666725923, 295.63401666725923, 296.97136703382483, 296.97136703382483, 296.97136703382483, 296.97136703382483, 296.97136703382483, 297.54851493829, 297.54851493829, 297.54851493829, 297.54851493829, 297.54851493829, 297.54851493829, 297.54851493829, 297.54851493829, 297.54851493829, 297.54851493829, 297.54851493829, 297.54851493829, 297.54851493829, 297.54851493829, 297.54851493829, 297.54851493829, 297.54854556986504, 297.54854556986504, 297.54854556986504, 297.54854556986504, 297.54854556986504, 297.54854556986504, 297.54854556986504, 297.5814375801989, 297.5814375801989, 299.30516121143836, 299.30516121143836, 299.30516121143836, 299.30516121143836, 299.30516121143836, 299.30516121143836, 299.30516121143836, 299.30516121143836, 299.30516121143836, 299.30516121143836, 299.30516121143836, 299.30516121143836, 299.30516121143836, 299.30516121143836, 299.30516121143836, 299.30516121143836, 299.30516121143836, 299.30516121143836, 299.30516121143836, 299.30516121143836, 299.30516121143836, 299.30516121143836, 299.30516121143836, 299.30516121143836, 299.30516121143836, 299.30516121143836, 299.30516121143836, 299.30516121143836, 299.30516121143836, 299.30516121143836, 299.30516121143836, 299.30516121143836, 299.30516121143836, 299.30516121143836, 299.30516121143836, 299.30516121143836, 299.30516121143836, 299.30516121143836, 299.30516121143836, 299.30516121143836, 299.30516121143836, 299.30516121143836]
data points:
values: [70.87291263681897, 70.87291263681897, 70.87291263681897, 74.39645309951365, 104.94235514585168, 104.94235514585168, 104.94235514585168, 115.89303989857751, 115.89303989857751, 115.89303989857751, 115.89303989857751, 115.84971215281733, 115.84971215281733, 115.84971215281733, 115.84971215281733, 127.94479887636948, 127.94479887636948, 128.0797035514305, 128.0797035514305, 140.08717575937712, 155.52891428947217, 187.89183641203908, 187.89183641203908, 187.99903709955328, 187.99903709955328, 187.99903709955328, 187.99913853092542, 187.99913853092542, 196.0560184261831, 196.0560184261831, 196.0560184261831, 195.9949976297201, 195.9949976297201, 215.645311693876, 215.645311693876, 215.645311693876, 215.645311693876, 215.645311693876, 220.72129850528282, 240.99920031894354, 240.99920031894354, 240.99920031894354, 241.0451018462347, 241.0451018462347, 241.0451018462347, 241.0451018462347, 241.04517752932378, 241.04517752932378, 241.04517752932378, 241.04517752932378, 245.80264813845514, 245.80264813845514, 245.80264813845514, 245.80264813845514, 245.80264813845514, 245.80264813845514, 245.69594337556217, 245.90203508293496, 245.90203508293496, 250.66142931034662, 258.1649943589526, 258.1649943589526, 258.1649943589526, 258.1649943589526, 261.1300419316156, 261.1300419316156, 261.1300419316156, 261.1300419316156, 261.1300419316156, 272.4663220718368, 272.4663220718368, 272.4663220718368, 272.4663220718368, 272.49782647676346, 272.49782647676346, 272.49782647676346, 272.49782647676346, 272.49782647676346, 272.49782647676346, 272.49782647676346, 272.49782647676346, 272.49782647676346, 272.49782647676346, 272.49782647676346, 272.4978761001291, 272.4978761001291, 272.4978761001291, 272.4978761001291, 275.0848812529784, 275.0848812529784, 275.0848812529784, 275.0848812529784, 275.0848812529784, 275.0848812529784, 275.0848812529784, 275.0848812529784, 275.0848812529784, 275.0848812529784, 275.0848812529784, 274.9738272127901, 275.0324608453147, 275.0324608453147, 275.0324608453147, 277.61897301627374, 277.61897301627374, 277.61897301627374, 281.71000201247784, 281.71000201247784, 281.71000201247784, 281.71000201247784, 281.83435864004684, 281.83435864004684, 281.83435864004684, 283.30716085473995, 283.30716085473995, 283.30716085473995, 283.30716085473995, 283.30716085473995, 283.30716085473995, 284.02466897161, 284.02466897161, 284.02466897161, 289.4175424330963, 289.4175424330963, 289.4175424330963, 289.43033691865145, 289.43033691865145, 289.43033691865145, 289.43033691865145, 289.4303089102877, 289.4303089102877, 290.7785867468263, 290.7785867468263, 290.7785867468263, 290.72118643242777, 290.7850233906925, 290.78507960677166, 290.81010480825637, 290.81010480825637, 292.1585287872745, 292.1585287872745, 292.1585287872745, 292.1585287872745, 292.1585287872745, 292.1585287872745, 292.1585287872745, 292.1585287872745, 292.1585287872745, 292.1585287872745, 292.1585287872745, 292.1585287872745, 292.1585287872745, 292.1585287872745, 292.1585287872745, 292.1585287872745, 292.1585287872745, 292.1585287872745, 292.1585287872745, 294.36750166623574, 294.36750166623574, 294.3675590101231, 294.3675590101231, 294.3675590101231, 294.3675590101231, 294.3675590101231, 294.3675590101231, 295.1317337230561, 295.1317337230561, 295.1317337230561, 295.1317337230561, 295.1317337230561, 295.1317337230561, 295.1317337230561, 295.1317337230561, 295.1317337230561, 295.1317337230561, 295.1317337230561, 295.1317337230561, 295.1317337230561, 295.1317337230561, 295.197218833272, 298.2721140734017, 298.2721140734017, 298.2721140734017, 298.2721140734017, 298.2721140734017, 298.27848023192405, 298.27848023192405, 298.27849509082984, 298.27849509082984, 298.27849509082984, 298.27849509082984, 298.9541552360311, 298.9541552360311, 298.9541552360311, 298.9541552360311, 298.9541552360311, 298.9541552360311, 298.9541552360311, 298.96683007950105, 298.96683007950105, 298.96683007950105, 298.96683007950105, 298.9831869096226, 298.9831869096226, 298.9831869096226, 298.9831869096226, 298.9831869096226, 299.6589352385013, 299.6589352385013, 299.6589352385013, 299.6589352385013, 299.6589352385013, 299.6589352385013, 299.6589352385013, 299.6589352385013, 299.6589352385013, 299.6589352385013, 299.6589352385013, 299.6589352385013, 299.6589352385013, 299.671559557918, 299.671559557918, 300.82175515920716, 300.82175515920716, 300.82175515920716, 300.82175515920716, 300.82175515920716, 300.82175515920716, 301.2111182734714, 301.2111182734714, 301.2111182734714, 301.2111182734714, 301.2111182734714, 301.2111182734714, 301.2111182734714, 301.2111182734714, 301.2111182734714, 301.2111182734714, 301.2111182734714, 301.2111182734714, 301.2111182734714, 301.2111182734714, 301.2111182734714, 301.2111182734714, 301.21114855590713, 301.21114855590713, 301.21114855590713, 301.21114855590713, 301.21114855590713, 301.21114855590713, 301.21114855590713, 301.24444617935785, 302.8030239039383, 302.8030239039383, 302.8030239039383, 302.8030239039383, 302.8030239039383, 302.8030239039383, 302.8030239039383, 302.8030239039383, 302.8030239039383, 302.8030239039383, 302.8030239039383, 302.8030239039383, 302.8030239039383, 302.8030239039383, 302.8030239039383, 302.8030239039383, 302.8030239039383, 302.8030239039383, 302.8030239039383, 302.8030239039383, 302.8030239039383, 302.8030239039383, 302.8030239039383, 302.8030239039383, 302.8030239039383, 302.8030239039383, 302.8030239039383, 302.8030239039383, 302.8030239039383, 302.8030239039383, 302.8030239039383, 302.8030239039383, 302.8030239039383, 302.8030239039383, 302.8030239039383, 302.8030239039383, 302.8030239039383, 302.8030239039383, 302.8030239039383, 302.8030239039383, 302.8030239039383, 302.8030239039383]
real values1: [70.87291263681897, 70.87291263681897, 74.39645309951365, 74.39645309951365, 104.94235514585168, 104.94235514585168, 115.89303989857751, 115.89303989857751, 115.89303989857751, 115.89303989857751, 115.84971215281733, 115.84971215281733, 115.84971215281733, 115.84971215281733, 127.94479887636948, 127.94479887636948, 128.0797035514305, 128.0797035514305, 140.08717575937712, 140.08717575937712, 155.52891428947217, 187.89183641203908, 187.99903709955328, 187.99903709955328, 187.99903709955328, 187.99913853092542, 187.99913853092542, 196.0560184261831, 196.0560184261831, 196.0560184261831, 195.9949976297201, 195.9949976297201, 203.79088560042473, 215.645311693876, 215.645311693876, 215.645311693876, 215.645311693876, 220.72129850528282, 220.72129850528282, 240.99920031894354, 240.99920031894354, 241.0451018462347, 241.0451018462347, 241.0451018462347, 241.0451018462347, 241.04517752932378, 241.04517752932378, 241.04517752932378, 241.04517752932378, 245.80264813845514, 245.80264813845514, 245.80264813845514, 245.80264813845514, 245.80264813845514, 245.80264813845514, 245.69594337556217, 245.90203508293496, 245.90203508293496, 245.90203508293496, 250.66142931034662, 258.1649943589526, 258.1649943589526, 258.1649943589526, 261.1300419316156, 261.1300419316156, 261.1300419316156, 261.1300419316156, 261.1300419316156, 261.1300419316156, 272.4663220718368, 272.4663220718368, 272.4663220718368, 272.49782647676346, 272.49782647676346, 272.49782647676346, 272.49782647676346, 272.49782647676346, 272.49782647676346, 272.49782647676346, 272.49782647676346, 272.49782647676346, 272.49782647676346, 272.49782647676346, 272.4978761001291, 272.4978761001291, 272.4978761001291, 272.4978761001291, 275.0848812529784, 275.0848812529784, 275.0848812529784, 275.0848812529784, 275.0848812529784, 275.0848812529784, 275.0848812529784, 275.0848812529784, 275.0848812529784, 275.0848812529784, 275.0848812529784, 274.9738272127901, 275.0324608453147, 275.0324608453147, 275.0324608453147, 277.61897301627374, 277.61897301627374, 277.61897301627374, 277.61897301627374, 281.71000201247784, 281.71000201247784, 281.71000201247784, 281.83435864004684, 281.83435864004684, 281.83435864004684, 283.30716085473995, 283.30716085473995, 283.30716085473995, 283.30716085473995, 283.30716085473995, 283.30716085473995, 284.02466897161, 284.02466897161, 284.02466897161, 284.02466897161, 289.4175424330963, 289.4175424330963, 289.43033691865145, 289.43033691865145, 289.43033691865145, 289.43033691865145, 289.4303089102877, 289.4303089102877, 290.7785867468263, 290.7785867468263, 290.7785867468263, 290.72118643242777, 290.7850233906925, 290.78507960677166, 290.81010480825637, 290.81010480825637, 292.1585287872745, 292.1585287872745, 292.1585287872745, 292.1585287872745, 292.1585287872745, 292.1585287872745, 292.1585287872745, 292.1585287872745, 292.1585287872745, 292.1585287872745, 292.1585287872745, 292.1585287872745, 292.1585287872745, 292.1585287872745, 292.1585287872745, 292.1585287872745, 292.1585287872745, 292.1585287872745, 292.1585287872745, 292.1585287872745, 294.36750166623574, 294.3675590101231, 294.3675590101231, 294.3675590101231, 294.3675590101231, 294.3675590101231, 294.3675590101231, 295.1317337230561, 295.1317337230561, 295.1317337230561, 295.1317337230561, 295.1317337230561, 295.1317337230561, 295.1317337230561, 295.1317337230561, 295.1317337230561, 295.1317337230561, 295.1317337230561, 295.1317337230561, 295.1317337230561, 295.1317337230561, 295.197218833272, 295.197218833272, 298.2721140734017, 298.2721140734017, 298.2721140734017, 298.2721140734017, 298.27848023192405, 298.27848023192405, 298.27849509082984, 298.27849509082984, 298.27849509082984, 298.27849509082984, 298.9541552360311, 298.9541552360311, 298.9541552360311, 298.9541552360311, 298.9541552360311, 298.9541552360311, 298.9541552360311, 298.96683007950105, 298.96683007950105, 298.96683007950105, 298.96683007950105, 298.9831869096226, 298.9831869096226, 298.9831869096226, 298.9831869096226, 298.9831869096226, 299.6589352385013, 299.6589352385013, 299.6589352385013, 299.6589352385013, 299.6589352385013, 299.6589352385013, 299.6589352385013, 299.6589352385013, 299.6589352385013, 299.6589352385013, 299.6589352385013, 299.6589352385013, 299.6589352385013, 299.671559557918, 299.671559557918, 299.671559557918, 300.82175515920716, 300.82175515920716, 300.82175515920716, 300.82175515920716, 300.82175515920716, 301.2111182734714, 301.2111182734714, 301.2111182734714, 301.2111182734714, 301.2111182734714, 301.2111182734714, 301.2111182734714, 301.2111182734714, 301.2111182734714, 301.2111182734714, 301.2111182734714, 301.2111182734714, 301.2111182734714, 301.2111182734714, 301.2111182734714, 301.2111182734714, 301.21114855590713, 301.21114855590713, 301.21114855590713, 301.21114855590713, 301.21114855590713, 301.21114855590713, 301.21114855590713, 301.24444617935785, 301.24444617935785, 302.8030239039383, 302.8030239039383, 302.8030239039383, 302.8030239039383, 302.8030239039383, 302.8030239039383, 302.8030239039383, 302.8030239039383, 302.8030239039383, 302.8030239039383, 302.8030239039383, 302.8030239039383, 302.8030239039383, 302.8030239039383, 302.8030239039383, 302.8030239039383, 302.8030239039383, 302.8030239039383, 302.8030239039383, 302.8030239039383, 302.8030239039383, 302.8030239039383, 302.8030239039383, 302.8030239039383, 302.8030239039383, 302.8030239039383, 302.8030239039383, 302.8030239039383, 302.8030239039383, 302.8030239039383, 302.8030239039383, 302.8030239039383, 302.8030239039383, 302.8030239039383, 302.8030239039383, 302.8030239039383, 302.8030239039383, 302.8030239039383, 302.8030239039383, 302.8030239039383, 302.8030239039383, 302.8030239039383]
real values2: [70.87291263681897, 70.87291263681897, 74.39645309951365, 74.39645309951365, 104.94235514585168, 104.94235514585168, 115.89303989857751, 115.89303989857751, 115.89303989857751, 115.89303989857751, 115.84971215281733, 115.84971215281733, 115.84971215281733, 115.84971215281733, 127.94479887636948, 127.94479887636948, 128.0797035514305, 128.0797035514305, 140.08717575937712, 140.08717575937712, 155.52891428947217, 187.89183641203908, 187.99903709955328, 187.99903709955328, 187.99903709955328, 187.99913853092542, 187.99913853092542, 196.0560184261831, 196.0560184261831, 196.0560184261831, 195.9949976297201, 195.9949976297201, 203.79088560042473, 215.645311693876, 215.645311693876, 215.645311693876, 215.645311693876, 220.72129850528282, 220.72129850528282, 240.99920031894354, 240.99920031894354, 241.0451018462347, 241.0451018462347, 241.0451018462347, 241.0451018462347, 241.04517752932378, 241.04517752932378, 241.04517752932378, 241.04517752932378, 245.80264813845514, 245.80264813845514, 245.80264813845514, 245.80264813845514, 245.80264813845514, 245.80264813845514, 245.69594337556217, 245.90203508293496, 245.90203508293496, 245.90203508293496, 250.66142931034662, 258.1649943589526, 258.1649943589526, 258.1649943589526, 261.1300419316156, 261.1300419316156, 261.1300419316156, 261.1300419316156, 261.1300419316156, 261.1300419316156, 272.4663220718368, 272.4663220718368, 272.4663220718368, 272.49782647676346, 272.49782647676346, 272.49782647676346, 272.49782647676346, 272.49782647676346, 272.49782647676346, 272.49782647676346, 272.49782647676346, 272.49782647676346, 272.49782647676346, 272.49782647676346, 272.4978761001291, 272.4978761001291, 272.4978761001291, 272.4978761001291, 275.0848812529784, 275.0848812529784, 275.0848812529784, 275.0848812529784, 275.0848812529784, 275.0848812529784, 275.0848812529784, 275.0848812529784, 275.0848812529784, 275.0848812529784, 275.0848812529784, 274.9738272127901, 275.0324608453147, 275.0324608453147, 275.0324608453147, 277.61897301627374, 277.61897301627374, 277.61897301627374, 277.61897301627374, 281.71000201247784, 281.71000201247784, 281.71000201247784, 281.83435864004684, 281.83435864004684, 281.83435864004684, 283.30716085473995, 283.30716085473995, 283.30716085473995, 283.30716085473995, 283.30716085473995, 283.30716085473995, 284.02466897161, 284.02466897161, 284.02466897161, 284.02466897161, 289.4175424330963, 289.4175424330963, 289.43033691865145, 289.43033691865145, 289.43033691865145, 289.43033691865145, 289.4303089102877, 289.4303089102877, 290.7785867468263, 290.7785867468263, 290.7785867468263, 290.72118643242777, 290.7850233906925, 290.78507960677166, 290.81010480825637, 290.81010480825637, 292.1585287872745, 292.1585287872745, 292.1585287872745, 292.1585287872745, 292.1585287872745, 292.1585287872745, 292.1585287872745, 292.1585287872745, 292.1585287872745, 292.1585287872745, 292.1585287872745, 292.1585287872745, 292.1585287872745, 292.1585287872745, 292.1585287872745, 292.1585287872745, 292.1585287872745, 292.1585287872745, 292.1585287872745, 292.1585287872745, 294.36750166623574, 294.3675590101231, 294.3675590101231, 294.3675590101231, 294.3675590101231, 294.3675590101231, 294.3675590101231, 295.1317337230561, 295.1317337230561, 295.1317337230561, 295.1317337230561, 295.1317337230561, 295.1317337230561, 295.1317337230561, 295.1317337230561, 295.1317337230561, 295.1317337230561, 295.1317337230561, 295.1317337230561, 295.1317337230561, 295.1317337230561, 295.197218833272, 295.197218833272, 298.2721140734017, 298.2721140734017, 298.2721140734017, 298.2721140734017, 298.27848023192405, 298.27848023192405, 298.27849509082984, 298.27849509082984, 298.27849509082984, 298.27849509082984, 298.9541552360311, 298.9541552360311, 298.9541552360311, 298.9541552360311, 298.9541552360311, 298.9541552360311, 298.9541552360311, 298.96683007950105, 298.96683007950105, 298.96683007950105, 298.96683007950105, 298.9831869096226, 298.9831869096226, 298.9831869096226, 298.9831869096226, 298.9831869096226, 299.6589352385013, 299.6589352385013, 299.6589352385013, 299.6589352385013, 299.6589352385013, 299.6589352385013, 299.6589352385013, 299.6589352385013, 299.6589352385013, 299.6589352385013, 299.6589352385013, 299.6589352385013, 299.6589352385013, 299.671559557918, 299.671559557918, 299.671559557918, 300.82175515920716, 300.82175515920716, 300.82175515920716, 300.82175515920716, 300.82175515920716, 301.2111182734714, 301.2111182734714, 301.2111182734714, 301.2111182734714, 301.2111182734714, 301.2111182734714, 301.2111182734714, 301.2111182734714, 301.2111182734714, 301.2111182734714, 301.2111182734714, 301.2111182734714, 301.2111182734714, 301.2111182734714, 301.2111182734714, 301.2111182734714, 301.21114855590713, 301.21114855590713, 301.21114855590713, 301.21114855590713, 301.21114855590713, 301.21114855590713, 301.21114855590713, 301.24444617935785, 301.24444617935785, 302.8030239039383, 302.8030239039383, 302.8030239039383, 302.8030239039383, 302.8030239039383, 302.8030239039383, 302.8030239039383, 302.8030239039383, 302.8030239039383, 302.8030239039383, 302.8030239039383, 302.8030239039383, 302.8030239039383, 302.8030239039383, 302.8030239039383, 302.8030239039383, 302.8030239039383, 302.8030239039383, 302.8030239039383, 302.8030239039383, 302.8030239039383, 302.8030239039383, 302.8030239039383, 302.8030239039383, 302.8030239039383, 302.8030239039383, 302.8030239039383, 302.8030239039383, 302.8030239039383, 302.8030239039383, 302.8030239039383, 302.8030239039383, 302.8030239039383, 302.8030239039383, 302.8030239039383, 302.8030239039383, 302.8030239039383, 302.8030239039383, 302.8030239039383, 302.8030239039383, 302.8030239039383, 302.8030239039383]
Done!
