('generated stochastic delays:', [array([ 2, 11,  5, ...,  2,  3,  1])])
('opt_fidel_cost:', 1.1)
Running Experiment1: 
('total budget:', 600)
Auto Init: 
C: 20.469600578508693
nu: 20.469600578508693
Budget Remaining: 591.993268013
Number of MFHOO Instances: 1
Budget per MFHOO Instance:590.893268013
Running SOO number: 1 rho: 0.95 nu: 20.469600578508693
delay_type: DHOO
policy: UCBV
[0.9921875 0.015625  0.828125  0.984375  0.953125  0.015625  0.015625
 0.453125 ]
final iterations:69819855
final HOO number of nodes:561
final HOO height:45
final duration:590
final optimal value:265.086748 
time durations: [0.0012600421905517578, 4.002537965774536, 8.007720947265625, 12.014823913574219, 12.016104936599731, 12.017186880111694, 16.019742965698242, 16.020395040512085, 20.031622886657715, 24.04115605354309, 24.041693925857544, 24.042278051376343, 28.058188915252686, 28.05884099006653, 32.065857887268066, 36.07564902305603, 36.077000856399536, 40.094882011413574, 40.09585905075073, 44.101043939590454, 44.10196900367737, 44.103158950805664, 48.10553002357483, 52.1072940826416, 52.10835385322571, 56.1155149936676, 56.11617088317871, 56.11687207221985, 60.131738901138306, 60.13426208496094, 64.14128804206848, 64.14237093925476, 68.15010094642639, 72.1567759513855, 76.16461706161499, 76.16587996482849, 80.17440986633301, 80.17538690567017, 84.18762707710266, 88.19526886940002, 88.19672203063965, 92.20143294334412, 96.20594096183777, 96.2070050239563, 96.20814085006714, 100.22622299194336, 100.22753190994263, 104.25037503242493, 104.25151705741882, 108.26436996459961, 108.26547193527222, 112.26695895195007, 112.26878905296326, 116.27716207504272, 116.27822303771973, 120.30128598213196, 120.30275893211365, 124.31067085266113, 124.31237292289734, 128.3289029598236, 128.3301339149475, 128.33149194717407, 132.34433507919312, 136.3522469997406, 136.35359001159668, 140.36575603485107, 140.36791801452637, 144.37307786941528, 144.37559700012207, 148.38090586662292, 148.38282203674316, 152.39636993408203, 152.3978168964386, 156.4083549976349, 156.41247296333313, 160.41767191886902, 160.41965508460999, 160.4213409423828, 164.43888807296753, 164.4410538673401, 168.4524700641632, 172.45930695533752, 172.46139788627625, 176.46648788452148, 176.4681088924408, 180.47914385795593, 180.48101496696472, 184.49771404266357, 188.5142240524292, 188.51654696464539, 192.5217568874359, 196.52866387367249, 196.53078198432922, 200.53533792495728, 200.53746604919434, 204.5512728691101, 204.55318593978882, 208.56852793693542, 212.57534503936768, 212.5780589580536, 216.58395099639893, 220.58932900428772, 220.59236907958984, 224.60694694519043, 224.6110589504242, 228.61864495277405, 232.62998700141907, 232.63198494911194, 232.63456296920776, 236.65077686309814, 236.65274906158447, 236.6548879146576, 240.67325901985168, 240.6753749847412, 244.68667006492615, 244.68972992897034, 248.6970179080963, 248.70013904571533, 252.70900893211365, 252.71134996414185, 256.7275800704956, 256.72984290122986, 260.7545659542084, 260.7569479942322, 260.76003098487854, 264.77350902557373, 264.77674293518066, 268.79469990730286, 268.79946994781494, 272.81832003593445, 272.82155299186707, 272.8244409561157, 276.8374478816986, 280.84402799606323, 280.84861302375793, 280.85237407684326, 284.8685450553894, 288.8806309700012, 288.8834578990936, 292.88926005363464, 292.8987889289856, 296.8988630771637, 296.90269899368286, 296.90690898895264, 300.9209430217743, 304.92873907089233, 304.9313519001007, 308.9470479488373, 308.9498870372772, 312.9690399169922, 312.9722809791565, 316.9885869026184, 316.9909620285034, 321.0160539150238, 325.0224618911743, 325.02535486221313, 329.04489302635193, 329.04800391197205, 333.0771679878235, 337.08422589302063, 337.08771991729736, 341.1006760597229, 341.1037440299988, 345.1164479255676, 349.1191039085388, 349.1223978996277, 353.1429760456085, 357.1630709171295, 357.16732907295227, 361.18197298049927, 361.1861879825592, 365.19458985328674, 369.19967007637024, 369.203644990921, 373.2113540172577, 373.2153880596161, 377.22491097450256, 381.2325949668884, 381.23592591285706, 385.25067687034607, 385.2540249824524, 389.2662630081177, 389.2713248729706, 393.2872610092163, 397.2973470687866, 397.30122089385986, 401.3143150806427, 401.31770491600037, 405.33430194854736, 405.33762097358704, 409.3553719520569, 409.3594808578491, 413.3706040382385, 413.3752739429474, 417.3809509277344, 417.3851659297943, 421.3953080177307, 421.40104508399963, 425.41260600090027, 425.4161560535431, 429.4275999069214, 429.43112087249756, 429.4349000453949, 433.4488949775696, 437.4619948863983, 437.4665729999542, 441.494313955307, 441.4981520175934, 445.5121600627899, 449.517963886261, 449.5215120315552, 453.53511786460876, 453.5396239757538, 457.5549900531769, 461.5690438747406, 461.5732340812683, 465.60058403015137, 465.6043598651886, 469.61576890945435, 469.6229250431061, 473.634850025177, 477.64788603782654, 477.6518099308014, 481.6634590625763, 481.6690318584442, 485.68347692489624, 485.6897749900818, 489.6988310813904, 489.70659494400024, 493.7226870059967, 493.72708106040955, 497.7433068752289, 497.7474899291992, 501.758642911911, 505.76839303970337, 505.77420806884766, 509.7903869152069, 509.7992990016937, 509.8071370124817, 513.8344719409943, 513.8459038734436, 517.8629100322723, 517.8672740459442, 517.8718678951263, 521.879369020462, 521.8836228847504, 521.8880178928375, 525.9035229682922, 525.9134640693665, 529.9256939888, 529.9318058490753, 533.9430348873138, 537.9568860530853, 537.9607858657837, 541.984148979187, 541.9888648986816, 546.0143649578094, 546.0185298919678, 550.0282819271088, 550.0337159633636, 554.0433330535889, 554.0468308925629, 558.0659818649292, 558.0710060596466, 562.0838389396667, 562.0938839912415, 562.1011199951172, 566.113156080246, 566.1181929111481, 570.1267518997192, 570.1324269771576, 574.14705991745, 574.1546950340271, 578.1636040210724, 578.1681320667267, 582.1802098751068, 582.1875820159912, 586.1954588890076, 586.2000780105591, 586.2040710449219, 590.2138559818268, 590.2190990447998]
noisy values: [56.41319345295263, 56.41319345295263, 85.59978474516566, 86.6053536421627, 86.6053536421627, 86.6053536421627, 88.3975983615451, 88.3975983615451, 98.4578496921392, 98.4578496921392, 98.4578496921392, 98.4578496921392, 99.36123510645947, 99.36123510645947, 99.36123510645947, 109.31194229675623, 109.31194229675623, 109.31194229675623, 109.31194229675623, 109.31194229675623, 109.31194229675623, 109.31194229675623, 109.57988472851133, 109.57988472851133, 109.57988472851133, 110.25946150835144, 110.25946150835144, 110.25946150835144, 110.50645013259418, 110.50645013259418, 110.50645013259418, 110.50645013259418, 111.32302311362028, 124.4643442297189, 124.4643442297189, 124.4643442297189, 151.37401540426322, 151.37401540426322, 152.39159568842211, 153.28407355084158, 153.28407355084158, 160.73749096489854, 160.73749096489854, 160.73749096489854, 160.73749096489854, 161.53161739149513, 161.53161739149513, 161.5318387973979, 161.5318387973979, 168.80634497054865, 168.80634497054865, 168.80634497054865, 168.80634497054865, 168.80634497054865, 168.80634497054865, 169.13093895935074, 169.13093895935074, 169.13093895935074, 169.13093895935074, 179.63648214470322, 179.63648214470322, 179.63648214470322, 185.1329881144195, 185.34321421392315, 185.34321421392315, 203.27267997599117, 203.27267997599117, 203.27267997599117, 203.27267997599117, 203.27267997599117, 203.27267997599117, 203.27267997599117, 203.27267997599117, 204.19188203570883, 204.19188203570883, 204.95512303803923, 204.95512303803923, 204.95512303803923, 204.95512303803923, 204.95512303803923, 204.95512303803923, 209.5495265009251, 209.5495265009251, 209.5495265009251, 209.5495265009251, 209.73962372750202, 209.73962372750202, 209.73962372750202, 210.30885768883377, 210.30885768883377, 215.05908588181396, 215.05908588181396, 215.05908588181396, 215.05908588181396, 215.05908588181396, 215.05908588181396, 215.05908588181396, 215.24837490475602, 215.24837490475602, 215.24837490475602, 222.38169535671142, 222.38169535671142, 222.38169535671142, 225.72896067702163, 225.72896067702163, 225.72896067702163, 225.72896067702163, 225.72896067702163, 225.72896067702163, 225.72896067702163, 225.72896067702163, 225.72896067702163, 225.72896067702163, 225.72896067702163, 225.8490321204228, 225.8490321204228, 225.8490321204228, 225.8490321204228, 225.8490321204228, 225.8490321204228, 225.8490321204228, 225.8490321204228, 236.1955485973433, 236.1955485973433, 236.1955485973433, 236.1955485973433, 236.1955485973433, 236.1955485973433, 236.1955485973433, 236.32623686089016, 236.32623686089016, 236.32623686089016, 236.32623686089016, 236.32623686089016, 236.32623686089016, 236.32623686089016, 237.0691244675485, 237.64256653165347, 237.64256653165347, 237.64256653165347, 240.44857506783455, 240.44857506783455, 240.44857506783455, 240.44857506783455, 240.7444779548349, 240.7444779548349, 240.7444779548349, 240.999881676018, 240.999881676018, 243.70804374181952, 243.70804374181952, 243.95090730889095, 243.95090730889095, 243.95090730889095, 243.95090730889095, 243.95090730889095, 243.95090730889095, 243.95090730889095, 244.46877975318836, 244.46877975318836, 244.46877975318836, 244.46877975318836, 244.46877975318836, 244.46877975318836, 244.46877975318836, 244.46877975318836, 247.96962324812236, 247.96962324812236, 247.96962324812236, 249.92573725134437, 249.92573725134437, 249.92573725134437, 249.92573725134437, 249.92573725134437, 249.92573725134437, 249.92573725134437, 249.92573725134437, 249.92573725134437, 249.92573725134437, 249.9879550847047, 249.9879550847047, 249.9879550847047, 249.9879550847047, 249.9879550847047, 249.9879550847047, 249.9879550847047, 249.9879550847047, 249.9879550847047, 249.9879550847047, 249.9879550847047, 249.9879550847047, 249.9879550847047, 249.9879550847047, 249.9879550847047, 249.9879550847047, 249.9879550847047, 249.9879550847047, 249.9879550847047, 249.9879550847047, 249.9879550847047, 255.74012317725925, 255.74012317725925, 255.74012317725925, 255.74012317725925, 255.74012317725925, 255.74012317725925, 255.74012317725925, 255.74012317725925, 256.314690905383, 256.7193756950693, 256.7193756950693, 258.3015317916224, 258.3015317916224, 258.3015317916224, 258.3015317916224, 258.3015317916224, 258.3015317916224, 258.3015317916224, 258.3015317916224, 258.3015317916224, 258.3015670343831, 258.4105923080383, 258.4105923080383, 259.95865271334753, 259.95865271334753, 259.95865271334753, 259.95865271334753, 260.23291634120056, 260.23291634120056, 260.23291634120056, 260.23291634120056, 260.23291634120056, 260.23291634120056, 260.23291634120056, 260.23291634120056, 260.23291634120056, 262.5391101006998, 262.5391101006998, 262.5391101006998, 262.5391101006998, 262.5391101006998, 262.5391101006998, 262.5391101006998, 262.5391101006998, 262.5391101006998, 262.5391101006998, 262.5391101006998, 262.5391101006998, 262.5391101006998, 262.5391101006998, 262.5391101006998, 262.5391101006998, 262.5694932821132, 262.5694932821132, 263.70810499323113, 263.70810499323113, 263.70810499323113, 263.70810499323113, 263.70810499323113, 263.70810499323113, 263.70810499323113, 263.70810499323113, 263.70810499323113, 263.70810499323113, 263.70810499323113, 263.70810499323113, 263.70810499323113, 263.70810499323113, 263.70810499323113, 263.70810499323113, 263.70810499323113, 265.0867475092401, 265.0867475092401, 265.0867475092401, 265.0867475092401, 265.0867475092401, 265.0867475092401, 265.0867475092401, 265.0867475092401, 265.0867475092401, 265.0867475092401, 265.0867475092401]
data points:
values: [70.87291263681897, 70.87291263681897, 104.94235514585168, 104.94235514585168, 104.98893606238946, 104.98893606238946, 104.98893606238946, 104.9888016384907, 104.9888016384907, 115.84997079203517, 115.84997079203517, 115.84997079203517, 115.84997079203517, 115.88939232121344, 115.88939232121344, 115.88939232121344, 126.4437764880909, 126.4437764880909, 126.4437764880909, 126.4437764880909, 126.4437764880909, 126.4437764880909, 126.4437764880909, 126.75371290423432, 126.75371290423432, 126.75371290423432, 126.54810696258028, 126.54810696258028, 126.54810696258028, 126.83158396163608, 126.83158396163608, 126.83158396163608, 126.83158396163608, 140.82305272310316, 140.82305272310316, 140.82305272310316, 170.15142415780787, 170.15142415780787, 170.15142415780787, 170.2393323867531, 170.23941555946143, 170.23941555946143, 177.53539051200977, 177.53539051200977, 177.53539051200977, 177.53539051200977, 177.4851672390452, 177.4851672390452, 177.4853712563245, 177.4853712563245, 184.56690810269023, 184.56690810269023, 184.56690810269023, 184.56690810269023, 184.56690810269023, 184.56690810269023, 184.92178227545958, 184.92178227545958, 184.92178227545958, 195.49556776173665, 195.49556776173665, 195.49556776173665, 195.49556776173665, 200.59188000355377, 200.81966061565234, 219.33056708395947, 219.33056708395947, 219.33056708395947, 219.33056708395947, 219.33056708395947, 219.33056708395947, 219.33056708395947, 219.33056708395947, 219.33056708395947, 219.45555089614095, 219.45555089614095, 219.45560506181005, 219.45560506181005, 219.45560506181005, 219.45560506181005, 219.45560506181005, 219.45560506181005, 223.58417859202686, 223.58417859202686, 223.58417859202686, 223.58417859202686, 223.78696568802997, 223.78696568802997, 223.78696568802997, 223.64541425154576, 223.64541425154576, 227.9740351725434, 227.9740351725434, 227.9740351725434, 227.9740351725434, 227.9740351725434, 227.9740351725434, 227.9740351725434, 228.174668238334, 228.174668238334, 235.030671642886, 235.030671642886, 235.030671642886, 235.030671642886, 237.89177158466967, 237.89177158466967, 237.89177158466967, 237.89177158466967, 237.89177158466967, 237.89177158466967, 237.89177158466967, 237.89177158466967, 237.89177158466967, 237.89177158466967, 237.89177158466967, 238.01829961360596, 238.01829961360596, 238.01829961360596, 238.01829961360596, 238.01829961360596, 238.01829961360596, 238.01829961360596, 248.25350898730898, 248.25350898730898, 248.25350898730898, 248.25350898730898, 248.25350898730898, 248.25350898730898, 248.25350898730898, 248.25350898730898, 248.39086911422373, 248.39086911422373, 248.39086911422373, 248.39086911422373, 248.39086911422373, 248.39086911422373, 248.39086911422373, 248.53726636469025, 248.53729993844047, 248.53729993844047, 248.53729993844047, 250.89683126696997, 250.89683126696997, 250.89683126696997, 250.89683126696997, 250.661010821488, 250.661010821488, 250.661010821488, 250.92691525154183, 250.92691525154183, 253.225099119567, 253.225099119567, 252.98350660823047, 252.98350660823047, 252.98350660823047, 252.98350660823047, 252.98350660823047, 252.98350660823047, 252.98350660823047, 253.0520696225766, 253.0520696225766, 253.0520696225766, 253.0520696225766, 253.0520696225766, 253.0520696225766, 253.0520696225766, 253.0520696225766, 257.1510046162718, 257.1510046162718, 257.1510046162718, 258.7006116556789, 258.7006116556789, 258.7006116556789, 258.7006116556789, 258.7006116556789, 258.7006116556789, 258.7006116556789, 258.7006116556789, 258.7006116556789, 258.7006116556789, 258.7650090299396, 258.7650090299396, 258.7650090299396, 258.7650090299396, 258.7650090299396, 258.7650090299396, 258.7650090299396, 258.7650090299396, 258.7650090299396, 258.7650090299396, 258.7650090299396, 258.7650090299396, 258.7650090299396, 258.7650090299396, 258.7650090299396, 258.7650090299396, 258.7650090299396, 258.7650090299396, 258.7650090299396, 258.7650090299396, 264.25523942524114, 264.25523942524114, 264.25523942524114, 264.25523942524114, 264.25523942524114, 264.25523942524114, 264.25523942524114, 264.25523942524114, 264.25523942524114, 264.4087406485349, 264.40872342597925, 264.40872342597925, 265.64044108169037, 265.64044108169037, 265.64044108169037, 265.64044108169037, 265.64044108169037, 265.64044108169037, 265.64044108169037, 265.64044108169037, 265.64047542478374, 265.64047542478374, 265.3756170868365, 265.3756170868365, 266.6061068105776, 266.6061068105776, 266.6061068105776, 266.6061068105776, 266.887372437195, 266.887372437195, 266.887372437195, 266.887372437195, 266.887372437195, 266.887372437195, 266.887372437195, 266.887372437195, 266.887372437195, 268.90872207389043, 268.90872207389043, 268.90872207389043, 268.90872207389043, 268.90872207389043, 268.90872207389043, 268.90872207389043, 268.90872207389043, 268.90872207389043, 268.90872207389043, 268.90872207389043, 268.90872207389043, 268.90872207389043, 268.90872207389043, 268.90872207389043, 268.90872207389043, 268.93984241154124, 268.93984241154124, 269.77881602207526, 269.77881602207526, 269.77881602207526, 269.77881602207526, 269.77881602207526, 269.77881602207526, 269.77881602207526, 269.77881602207526, 269.77881602207526, 269.77881602207526, 269.77881602207526, 269.77881602207526, 269.77881602207526, 269.77881602207526, 269.77881602207526, 269.77881602207526, 269.77881602207526, 270.87740990237273, 270.87740990237273, 270.87740990237273, 270.87740990237273, 270.87740990237273, 270.87740990237273, 270.87740990237273, 270.87740990237273, 270.87740990237273, 270.87740990237273]
real values1: [70.87291263681897, 70.87291263681897, 104.94235514585168, 104.98893606238946, 104.98893606238946, 104.98893606238946, 104.9888016384907, 104.9888016384907, 115.84997079203517, 115.84997079203517, 115.84997079203517, 115.84997079203517, 115.88939232121344, 115.88939232121344, 115.88939232121344, 126.4437764880909, 126.4437764880909, 126.4437764880909, 126.4437764880909, 126.4437764880909, 126.4437764880909, 126.4437764880909, 126.75371290423432, 126.75371290423432, 126.75371290423432, 126.54810696258028, 126.54810696258028, 126.54810696258028, 126.83158396163608, 126.83158396163608, 126.83158396163608, 126.83158396163608, 126.83186738864111, 140.82305272310316, 140.82305272310316, 140.82305272310316, 170.15142415780787, 170.15142415780787, 170.2393323867531, 170.23941555946143, 170.23941555946143, 177.53539051200977, 177.53539051200977, 177.53539051200977, 177.53539051200977, 177.4851672390452, 177.4851672390452, 177.4853712563245, 177.4853712563245, 184.56690810269023, 184.56690810269023, 184.56690810269023, 184.56690810269023, 184.56690810269023, 184.56690810269023, 184.92178227545958, 184.92178227545958, 184.92178227545958, 184.92178227545958, 195.49556776173665, 195.49556776173665, 195.49556776173665, 200.59188000355377, 200.81966061565234, 200.81966061565234, 219.33056708395947, 219.33056708395947, 219.33056708395947, 219.33056708395947, 219.33056708395947, 219.33056708395947, 219.33056708395947, 219.33056708395947, 219.45555089614095, 219.45555089614095, 219.45560506181005, 219.45560506181005, 219.45560506181005, 219.45560506181005, 219.45560506181005, 219.45560506181005, 223.58417859202686, 223.58417859202686, 223.58417859202686, 223.58417859202686, 223.78696568802997, 223.78696568802997, 223.78696568802997, 223.64541425154576, 223.64541425154576, 227.9740351725434, 227.9740351725434, 227.9740351725434, 227.9740351725434, 227.9740351725434, 227.9740351725434, 227.9740351725434, 228.174668238334, 228.174668238334, 228.174668238334, 235.030671642886, 235.030671642886, 235.030671642886, 237.89177158466967, 237.89177158466967, 237.89177158466967, 237.89177158466967, 237.89177158466967, 237.89177158466967, 237.89177158466967, 237.89177158466967, 237.89177158466967, 237.89177158466967, 237.89177158466967, 238.01829961360596, 238.01829961360596, 238.01829961360596, 238.01829961360596, 238.01829961360596, 238.01829961360596, 238.01829961360596, 238.01829961360596, 248.25350898730898, 248.25350898730898, 248.25350898730898, 248.25350898730898, 248.25350898730898, 248.25350898730898, 248.25350898730898, 248.39086911422373, 248.39086911422373, 248.39086911422373, 248.39086911422373, 248.39086911422373, 248.39086911422373, 248.39086911422373, 248.53726636469025, 248.53729993844047, 248.53729993844047, 248.53729993844047, 250.89683126696997, 250.89683126696997, 250.89683126696997, 250.89683126696997, 250.661010821488, 250.661010821488, 250.661010821488, 250.92691525154183, 250.92691525154183, 253.225099119567, 253.225099119567, 252.98350660823047, 252.98350660823047, 252.98350660823047, 252.98350660823047, 252.98350660823047, 252.98350660823047, 252.98350660823047, 253.0520696225766, 253.0520696225766, 253.0520696225766, 253.0520696225766, 253.0520696225766, 253.0520696225766, 253.0520696225766, 253.0520696225766, 257.1510046162718, 257.1510046162718, 257.1510046162718, 258.7006116556789, 258.7006116556789, 258.7006116556789, 258.7006116556789, 258.7006116556789, 258.7006116556789, 258.7006116556789, 258.7006116556789, 258.7006116556789, 258.7006116556789, 258.7650090299396, 258.7650090299396, 258.7650090299396, 258.7650090299396, 258.7650090299396, 258.7650090299396, 258.7650090299396, 258.7650090299396, 258.7650090299396, 258.7650090299396, 258.7650090299396, 258.7650090299396, 258.7650090299396, 258.7650090299396, 258.7650090299396, 258.7650090299396, 258.7650090299396, 258.7650090299396, 258.7650090299396, 258.7650090299396, 258.7650090299396, 264.25523942524114, 264.25523942524114, 264.25523942524114, 264.25523942524114, 264.25523942524114, 264.25523942524114, 264.25523942524114, 264.25523942524114, 264.4087406485349, 264.40872342597925, 264.40872342597925, 265.64044108169037, 265.64044108169037, 265.64044108169037, 265.64044108169037, 265.64044108169037, 265.64044108169037, 265.64044108169037, 265.64044108169037, 265.64047542478374, 265.64047542478374, 265.3756170868365, 265.3756170868365, 266.6061068105776, 266.6061068105776, 266.6061068105776, 266.6061068105776, 266.887372437195, 266.887372437195, 266.887372437195, 266.887372437195, 266.887372437195, 266.887372437195, 266.887372437195, 266.887372437195, 266.887372437195, 268.90872207389043, 268.90872207389043, 268.90872207389043, 268.90872207389043, 268.90872207389043, 268.90872207389043, 268.90872207389043, 268.90872207389043, 268.90872207389043, 268.90872207389043, 268.90872207389043, 268.90872207389043, 268.90872207389043, 268.90872207389043, 268.90872207389043, 268.90872207389043, 268.93984241154124, 268.93984241154124, 269.77881602207526, 269.77881602207526, 269.77881602207526, 269.77881602207526, 269.77881602207526, 269.77881602207526, 269.77881602207526, 269.77881602207526, 269.77881602207526, 269.77881602207526, 269.77881602207526, 269.77881602207526, 269.77881602207526, 269.77881602207526, 269.77881602207526, 269.77881602207526, 269.77881602207526, 270.87740990237273, 270.87740990237273, 270.87740990237273, 270.87740990237273, 270.87740990237273, 270.87740990237273, 270.87740990237273, 270.87740990237273, 270.87740990237273, 270.87740990237273, 270.87740990237273]
real values2: [70.87291263681897, 70.87291263681897, 104.94235514585168, 104.98893606238946, 104.98893606238946, 104.98893606238946, 104.9888016384907, 104.9888016384907, 115.84997079203517, 115.84997079203517, 115.84997079203517, 115.84997079203517, 115.88939232121344, 115.88939232121344, 115.88939232121344, 126.4437764880909, 126.4437764880909, 126.4437764880909, 126.4437764880909, 126.4437764880909, 126.4437764880909, 126.4437764880909, 126.75371290423432, 126.75371290423432, 126.75371290423432, 126.54810696258028, 126.54810696258028, 126.54810696258028, 126.83158396163608, 126.83158396163608, 126.83158396163608, 126.83158396163608, 126.83186738864111, 140.82305272310316, 140.82305272310316, 140.82305272310316, 170.15142415780787, 170.15142415780787, 170.2393323867531, 170.23941555946143, 170.23941555946143, 177.53539051200977, 177.53539051200977, 177.53539051200977, 177.53539051200977, 177.4851672390452, 177.4851672390452, 177.4853712563245, 177.4853712563245, 184.56690810269023, 184.56690810269023, 184.56690810269023, 184.56690810269023, 184.56690810269023, 184.56690810269023, 184.92178227545958, 184.92178227545958, 184.92178227545958, 184.92178227545958, 195.49556776173665, 195.49556776173665, 195.49556776173665, 200.59188000355377, 200.81966061565234, 200.81966061565234, 219.33056708395947, 219.33056708395947, 219.33056708395947, 219.33056708395947, 219.33056708395947, 219.33056708395947, 219.33056708395947, 219.33056708395947, 219.45555089614095, 219.45555089614095, 219.45560506181005, 219.45560506181005, 219.45560506181005, 219.45560506181005, 219.45560506181005, 219.45560506181005, 223.58417859202686, 223.58417859202686, 223.58417859202686, 223.58417859202686, 223.78696568802997, 223.78696568802997, 223.78696568802997, 223.64541425154576, 223.64541425154576, 227.9740351725434, 227.9740351725434, 227.9740351725434, 227.9740351725434, 227.9740351725434, 227.9740351725434, 227.9740351725434, 228.174668238334, 228.174668238334, 228.174668238334, 235.030671642886, 235.030671642886, 235.030671642886, 237.89177158466967, 237.89177158466967, 237.89177158466967, 237.89177158466967, 237.89177158466967, 237.89177158466967, 237.89177158466967, 237.89177158466967, 237.89177158466967, 237.89177158466967, 237.89177158466967, 238.01829961360596, 238.01829961360596, 238.01829961360596, 238.01829961360596, 238.01829961360596, 238.01829961360596, 238.01829961360596, 238.01829961360596, 248.25350898730898, 248.25350898730898, 248.25350898730898, 248.25350898730898, 248.25350898730898, 248.25350898730898, 248.25350898730898, 248.39086911422373, 248.39086911422373, 248.39086911422373, 248.39086911422373, 248.39086911422373, 248.39086911422373, 248.39086911422373, 248.53726636469025, 248.53729993844047, 248.53729993844047, 248.53729993844047, 250.89683126696997, 250.89683126696997, 250.89683126696997, 250.89683126696997, 250.661010821488, 250.661010821488, 250.661010821488, 250.92691525154183, 250.92691525154183, 253.225099119567, 253.225099119567, 252.98350660823047, 252.98350660823047, 252.98350660823047, 252.98350660823047, 252.98350660823047, 252.98350660823047, 252.98350660823047, 253.0520696225766, 253.0520696225766, 253.0520696225766, 253.0520696225766, 253.0520696225766, 253.0520696225766, 253.0520696225766, 253.0520696225766, 257.1510046162718, 257.1510046162718, 257.1510046162718, 258.7006116556789, 258.7006116556789, 258.7006116556789, 258.7006116556789, 258.7006116556789, 258.7006116556789, 258.7006116556789, 258.7006116556789, 258.7006116556789, 258.7006116556789, 258.7650090299396, 258.7650090299396, 258.7650090299396, 258.7650090299396, 258.7650090299396, 258.7650090299396, 258.7650090299396, 258.7650090299396, 258.7650090299396, 258.7650090299396, 258.7650090299396, 258.7650090299396, 258.7650090299396, 258.7650090299396, 258.7650090299396, 258.7650090299396, 258.7650090299396, 258.7650090299396, 258.7650090299396, 258.7650090299396, 258.7650090299396, 264.25523942524114, 264.25523942524114, 264.25523942524114, 264.25523942524114, 264.25523942524114, 264.25523942524114, 264.25523942524114, 264.25523942524114, 264.4087406485349, 264.40872342597925, 264.40872342597925, 265.64044108169037, 265.64044108169037, 265.64044108169037, 265.64044108169037, 265.64044108169037, 265.64044108169037, 265.64044108169037, 265.64044108169037, 265.64047542478374, 265.64047542478374, 265.3756170868365, 265.3756170868365, 266.6061068105776, 266.6061068105776, 266.6061068105776, 266.6061068105776, 266.887372437195, 266.887372437195, 266.887372437195, 266.887372437195, 266.887372437195, 266.887372437195, 266.887372437195, 266.887372437195, 266.887372437195, 268.90872207389043, 268.90872207389043, 268.90872207389043, 268.90872207389043, 268.90872207389043, 268.90872207389043, 268.90872207389043, 268.90872207389043, 268.90872207389043, 268.90872207389043, 268.90872207389043, 268.90872207389043, 268.90872207389043, 268.90872207389043, 268.90872207389043, 268.90872207389043, 268.93984241154124, 268.93984241154124, 269.77881602207526, 269.77881602207526, 269.77881602207526, 269.77881602207526, 269.77881602207526, 269.77881602207526, 269.77881602207526, 269.77881602207526, 269.77881602207526, 269.77881602207526, 269.77881602207526, 269.77881602207526, 269.77881602207526, 269.77881602207526, 269.77881602207526, 269.77881602207526, 269.77881602207526, 270.87740990237273, 270.87740990237273, 270.87740990237273, 270.87740990237273, 270.87740990237273, 270.87740990237273, 270.87740990237273, 270.87740990237273, 270.87740990237273, 270.87740990237273, 270.87740990237273]
Done!
