('generated stochastic delays:', [array([ 2, 11,  5, ...,  2,  3,  1])])
('test function', 'Borehole')
('opt_fidel_cost:', 1.1)
Running Experiment1: 
('total budget:', 600)
Auto Init: 
C: 20.469600578508693
nu: 20.469600578508693
Budget Remaining: 591.996354103
Number of MFHOO Instances: 1
Budget per MFHOO Instance:590.896354103
number of HOO: 1
Running SOO number: 1 rho: 0.95 nu: 20.469600578508693
delay_type: HOO
policy: UCB1
[0.984375 0.015625 0.984375 0.984375 0.984375 0.015625 0.015625 0.984375]
final iterations:74
final HOO number of nodes:149
final HOO height:41
final duration:592
final optimal value:288.819351 
time durations: [8.009131908416748, 16.01733684539795, 24.02796697616577, 32.03568196296692, 40.042359828948975, 48.05240797996521, 56.0598828792572, 64.06869292259216, 72.07773089408875, 80.08596992492676, 88.09328293800354, 96.09793591499329, 104.10740494728088, 112.11350297927856, 120.11900496482849, 128.12835383415222, 136.1349639892578, 144.14407181739807, 152.15033292770386, 160.1559009552002, 168.16539788246155, 176.17271089553833, 184.18187499046326, 192.19082283973694, 200.2015998363495, 208.20426392555237, 216.2126488685608, 224.2185080051422, 232.22633981704712, 240.2364640235901, 248.24272084236145, 256.25142884254456, 264.26119899749756, 272.2685308456421, 280.2784860134125, 288.2849760055542, 296.2947950363159, 304.29896783828735, 312.30618381500244, 320.3157408237457, 328.3207769393921, 336.3264238834381, 344.3353040218353, 352.34193992614746, 360.3506028652191, 368.35655093193054, 376.35986399650574, 384.36385202407837, 392.3708658218384, 400.37961888313293, 408.3905658721924, 416.39882802963257, 424.4053280353546, 432.41676592826843, 440.4266149997711, 448.43748903274536, 456.445396900177, 464.45527696609497, 472.46681094169617, 480.4748339653015, 488.481027841568, 496.4911358356476, 504.4960389137268, 512.505264043808, 520.5145750045776, 528.5211930274963, 536.5307328701019, 544.5385038852692, 552.5504648685455, 560.5587010383606, 568.5667560100555, 576.5728089809418, 584.5798108577728, 592.5883009433746]
noisy values: [59.962338364486115, 94.53204731537316, 95.64698050257498, 96.66226524327068, 96.66226524327068, 107.72595937124706, 107.72595937124706, 107.72595937124706, 107.72595937124706, 108.85155298002653, 120.10792555627768, 120.10792555627768, 134.4564066776998, 163.70729102882132, 165.01063590034022, 166.1601685642479, 166.1601685642479, 174.42006493669243, 174.42006493669243, 174.42006493669243, 174.42006493669243, 175.59668788502245, 183.8835217100106, 183.8835217100106, 195.68025963968418, 201.34349012452248, 220.9721689623775, 222.14310852800025, 223.12376935975306, 223.12376935975306, 228.47747456950583, 228.47747456950583, 228.47747456950583, 228.47747456950583, 229.442335538905, 234.75731295700047, 234.75731295700047, 242.66051571466008, 246.2776285974548, 257.81596462476585, 258.75780665284833, 259.4937464524642, 259.4937464524642, 262.6630385648617, 262.6630385648617, 262.6630385648617, 262.6630385648617, 263.3682391595456, 266.4880651150961, 266.4880651150961, 271.1705738539515, 273.3072146974163, 279.67610545889977, 280.4012033827677, 280.9203318607159, 280.9203318607159, 282.7244184022426, 282.7244184022426, 282.7244184022426, 282.7244184022426, 283.21285198698445, 283.21285198698445, 283.21285198698445, 283.21285198698445, 283.21285198698445, 283.21285198698445, 283.21285198698445, 284.9752955540884, 284.9752955540884, 287.5951423298505, 287.5951423298505, 287.5951423298505, 287.5951423298505, 288.8193508132872]
data points:
values: [74.39645309951365, 115.89303989857751, 115.89303989857751, 115.94985205077386, 115.94997398170983, 115.94997398170983, 127.94479887636948, 127.94479887636948, 127.94479887636948, 127.94479887636948, 128.0797035514305, 140.08717575937712, 155.52891428947217, 187.89183641203908, 187.89183641203908, 187.99903709955328, 187.99913853092542, 187.99913853092542, 196.05624446796506, 196.05624446796506, 196.05624446796506, 196.05624446796506, 196.1621630347779, 204.22362178963178, 216.12991613665875, 216.12991613665875, 241.6032491792446, 241.6032491792446, 241.75491444034427, 241.75498017306447, 241.75498017306447, 246.52646004490123, 246.52646004490123, 246.52646004490123, 246.52646004490123, 246.5935372082819, 251.36631534779707, 258.91277661133853, 258.91277661133853, 273.29861716877645, 273.29861716877645, 273.47584631953634, 273.47588238727417, 273.47588238727417, 276.07217240993816, 276.07217240993816, 276.07217240993816, 276.07217240993816, 276.1085970689846, 278.70522964330104, 282.95380974659554, 282.95380974659554, 290.5977669041064, 290.5977669041064, 290.783396700075, 290.78341492597076, 290.78341492597076, 292.1379960514023, 292.1379960514023, 292.1379960514023, 292.1379960514023, 292.15631143176233, 292.15631143176233, 292.15631143176233, 292.15631143176233, 292.15631143176233, 292.15631143176233, 292.15631143176233, 293.5109774816778, 293.5109774816778, 295.7663509672653, 295.7663509672653, 295.7663509672653, 295.7663509672653]
Done!
opt_val: 295.766350967
