('generated stochastic delays:', [array([ 2, 11,  5, ...,  2,  3,  1])])
('test function', 'Borehole')
('opt_fidel_cost:', 1.1)
Running Experiment1: 
('total budget:', 600)
Auto Init: 
C: 20.469600578508693
nu: 20.469600578508693
Budget Remaining: 591.99276495
Number of MFHOO Instances: 1
Budget per MFHOO Instance:590.89276495
number of HOO: 1
Running SOO number: 1 rho: 0.95 nu: 20.469600578508693
delay_type: HOO
policy: UCB1
[0.984375 0.015625 0.984375 0.984375 0.984375 0.015625 0.015625 0.984375]
final iterations:74
final HOO number of nodes:149
final HOO height:41
final duration:593
final optimal value:288.819351 
time durations: [8.013993978500366, 16.029917001724243, 24.050145149230957, 32.0650200843811, 40.08328914642334, 48.088746070861816, 56.10333800315857, 64.11374998092651, 72.12050914764404, 80.13488411903381, 88.14688515663147, 96.16034507751465, 104.17713499069214, 112.18837213516235, 120.20260810852051, 128.22183513641357, 136.24166011810303, 144.26173496246338, 152.2733690738678, 160.28817415237427, 168.30197596549988, 176.316388130188, 184.32928705215454, 192.34406304359436, 200.3605601787567, 208.36547708511353, 216.38218307495117, 224.39559507369995, 232.40951013565063, 240.41629815101624, 248.4256181716919, 256.44085597991943, 264.45382499694824, 272.4689190387726, 280.48612213134766, 288.50470209121704, 296.52402114868164, 304.5324921607971, 312.5397720336914, 320.5568070411682, 328.57006907463074, 336.5893340110779, 344.60472798347473, 352.6247911453247, 360.6375811100006, 368.6542270183563, 376.6684091091156, 384.6873800754547, 392.69937205314636, 400.7155110836029, 408.73032808303833, 416.75276708602905, 424.76355504989624, 432.7783441543579, 440.79867601394653, 448.80639600753784, 456.81960701942444, 464.83426904678345, 472.85170912742615, 480.86761498451233, 488.8844361305237, 496.90101408958435, 504.91231298446655, 512.9257740974426, 520.9442930221558, 528.9559659957886, 536.9773051738739, 544.9947550296783, 553.0045671463013, 561.0197050571442, 569.0370199680328, 577.047168970108, 585.0588421821594, 593.0684411525726]
noisy values: [59.962338364486115, 94.53204731537316, 95.64698050257498, 96.66226524327068, 96.66226524327068, 107.72595937124706, 107.72595937124706, 107.72595937124706, 107.72595937124706, 108.85155298002653, 120.10792555627768, 120.10792555627768, 134.4564066776998, 163.70729102882132, 165.01063590034022, 166.1601685642479, 166.1601685642479, 174.42006493669243, 174.42006493669243, 174.42006493669243, 174.42006493669243, 175.59668788502245, 183.8835217100106, 183.8835217100106, 195.68025963968418, 201.34349012452248, 220.9721689623775, 222.14310852800025, 223.12376935975306, 223.12376935975306, 228.47747456950583, 228.47747456950583, 228.47747456950583, 228.47747456950583, 229.442335538905, 234.75731295700047, 234.75731295700047, 242.66051571466008, 246.2776285974548, 257.81596462476585, 258.75780665284833, 259.4937464524642, 259.4937464524642, 262.6630385648617, 262.6630385648617, 262.6630385648617, 262.6630385648617, 263.3682391595456, 266.4880651150961, 266.4880651150961, 271.1705738539515, 273.3072146974163, 279.67610545889977, 280.4012033827677, 280.9203318607159, 280.9203318607159, 282.7244184022426, 282.7244184022426, 282.7244184022426, 282.7244184022426, 283.21285198698445, 283.21285198698445, 283.21285198698445, 283.21285198698445, 283.21285198698445, 283.21285198698445, 283.21285198698445, 284.9752955540884, 284.9752955540884, 287.5951423298505, 287.5951423298505, 287.5951423298505, 287.5951423298505, 288.8193508132872]
data points:
values: [74.39645309951365, 115.89303989857751, 115.89303989857751, 115.94985205077386, 115.94997398170983, 115.94997398170983, 127.94479887636948, 127.94479887636948, 127.94479887636948, 127.94479887636948, 128.0797035514305, 140.08717575937712, 155.52891428947217, 187.89183641203908, 187.89183641203908, 187.99903709955328, 187.99913853092542, 187.99913853092542, 196.05624446796506, 196.05624446796506, 196.05624446796506, 196.05624446796506, 196.1621630347779, 204.22362178963178, 216.12991613665875, 216.12991613665875, 241.6032491792446, 241.6032491792446, 241.75491444034427, 241.75498017306447, 241.75498017306447, 246.52646004490123, 246.52646004490123, 246.52646004490123, 246.52646004490123, 246.5935372082819, 251.36631534779707, 258.91277661133853, 258.91277661133853, 273.29861716877645, 273.29861716877645, 273.47584631953634, 273.47588238727417, 273.47588238727417, 276.07217240993816, 276.07217240993816, 276.07217240993816, 276.07217240993816, 276.1085970689846, 278.70522964330104, 282.95380974659554, 282.95380974659554, 290.5977669041064, 290.5977669041064, 290.783396700075, 290.78341492597076, 290.78341492597076, 292.1379960514023, 292.1379960514023, 292.1379960514023, 292.1379960514023, 292.15631143176233, 292.15631143176233, 292.15631143176233, 292.15631143176233, 292.15631143176233, 292.15631143176233, 292.15631143176233, 293.5109774816778, 293.5109774816778, 295.7663509672653, 295.7663509672653, 295.7663509672653, 295.7663509672653]
Done!
opt_val: 295.766350967
