('generated stochastic delays:', [array([ 2, 11,  5, ...,  2,  3,  1])])
('test function', 'CurrinExp')
('opt_fidel_cost:', 1.1)
Running Experiment1: 
('total budget:', 600)
Auto Init: 
C: 0.6094708385895093
nu: 0.6094708385895093
Budget Remaining: 591.99209094
Number of MFHOO Instances: 1
Budget per MFHOO Instance:590.89209094
number of HOO: 1
Running SOO number: 1 rho: 0.95 nu: 0.6094708385895093
delay_type: HOO
policy: UCB1
[0.1875 0.0625]
final iterations:74
final HOO number of nodes:149
final HOO height:15
final duration:592
final optimal value:13.697627 
time durations: [8.00572681427002, 16.013040781021118, 24.015740871429443, 32.02214288711548, 40.029913902282715, 48.03904700279236, 56.04126977920532, 64.04871678352356, 72.05587577819824, 80.06023383140564, 88.0666868686676, 96.07254195213318, 104.08193278312683, 112.09075999259949, 120.10242986679077, 128.10994791984558, 136.1173918247223, 144.12842798233032, 152.1383249759674, 160.14799785614014, 168.15651679039001, 176.16839289665222, 184.1783149242401, 192.18875098228455, 200.19664597511292, 208.20480680465698, 216.20835399627686, 224.2147707939148, 232.22672390937805, 240.23284482955933, 248.24101281166077, 256.2449839115143, 264.25479888916016, 272.2628757953644, 280.2680559158325, 288.2748558521271, 296.28205490112305, 304.29219698905945, 312.2964057922363, 320.30678486824036, 328.31345987319946, 336.32152485847473, 344.32867980003357, 352.3368718624115, 360.34771394729614, 368.3534908294678, 376.3605787754059, 384.37026476860046, 392.37738585472107, 400.38183999061584, 408.3924398422241, 416.4004077911377, 424.40839290618896, 432.4178857803345, 440.42297077178955, 448.43440794944763, 456.4376468658447, 464.44543385505676, 472.4563949108124, 480.46174788475037, 488.47037291526794, 496.480281829834, 504.48640394210815, 512.4945600032806, 520.5031008720398, 528.5115327835083, 536.5215079784393, 544.5317080020905, 552.5373578071594, 560.5430588722229, 568.5494418144226, 576.5596508979797, 584.5678009986877, 592.5765879154205]
noisy values: [10.137243844238416, 11.871326289026328, 13.460979993162073, 13.460979993162073, 13.460979993162073, 13.460979993162073, 13.460979993162073, 13.460979993162073, 13.510807196296792, 13.510807196296792, 13.510807196296792, 13.510807196296792, 13.697626768634182, 13.697626768634182, 13.697626768634182, 13.697626768634182, 13.697626768634182, 13.697626768634182, 13.697626768634182, 13.697626768634182, 13.697626768634182, 13.697626768634182, 13.697626768634182, 13.697626768634182, 13.697626768634182, 13.697626768634182, 13.697626768634182, 13.697626768634182, 13.697626768634182, 13.697626768634182, 13.697626768634182, 13.697626768634182, 13.697626768634182, 13.697626768634182, 13.697626768634182, 13.697626768634182, 13.697626768634182, 13.697626768634182, 13.697626768634182, 13.697626768634182, 13.697626768634182, 13.697626768634182, 13.697626768634182, 13.697626768634182, 13.697626768634182, 13.697626768634182, 13.697626768634182, 13.697626768634182, 13.697626768634182, 13.697626768634182, 13.697626768634182, 13.697626768634182, 13.697626768634182, 13.697626768634182, 13.697626768634182, 13.697626768634182, 13.697626768634182, 13.697626768634182, 13.697626768634182, 13.697626768634182, 13.697626768634182, 13.697626768634182, 13.697626768634182, 13.697626768634182, 13.697626768634182, 13.697626768634182, 13.697626768634182, 13.697626768634182, 13.697626768634182, 13.697626768634182, 13.697626768634182, 13.697626768634182, 13.697626768634182, 13.697626768634182]
data points:
values: [10.287858438527588, 12.038761773243245, 13.482506925408414, 13.482506925408414, 13.482506925408414, 13.482506925408414, 13.482506925408414, 13.482506925408414, 13.482506925408414, 13.510807297165968, 13.510807297165968, 13.510807297165968, 13.510807297165968, 13.697964656782032, 13.697964656782032, 13.697964656782032, 13.697964656782032, 13.697964656782032, 13.697964656782032, 13.697964656782032, 13.697964656782032, 13.697964656782032, 13.697964656782032, 13.697964656782032, 13.697964656782032, 13.697964656782032, 13.697964656782032, 13.697964656782032, 13.697964656782032, 13.697964656782032, 13.697964656782032, 13.697964656782032, 13.697964656782032, 13.697964656782032, 13.697964656782032, 13.697964656782032, 13.697964656782032, 13.697964656782032, 13.697964656782032, 13.697964656782032, 13.697964656782032, 13.697964656782032, 13.697964656782032, 13.697964656782032, 13.697964656782032, 13.697964656782032, 13.697964656782032, 13.697964656782032, 13.697964656782032, 13.697964656782032, 13.697964656782032, 13.697964656782032, 13.697964656782032, 13.697964656782032, 13.697964656782032, 13.697964656782032, 13.697964656782032, 13.697964656782032, 13.697964656782032, 13.697964656782032, 13.697964656782032, 13.697964656782032, 13.697964656782032, 13.697964656782032, 13.697964656782032, 13.697964656782032, 13.697964656782032, 13.697964656782032, 13.697964656782032, 13.697964656782032, 13.697964656782032, 13.697964656782032, 13.697964656782032, 13.697964656782032]
Done!
opt_val: 13.6979646568
