('generated stochastic delays:', [array([ 2, 11,  5, ...,  2,  3,  1])])
('opt_fidel_cost:', 1.1)
Running Experiment1: 
('total budget:', 600)
Auto Init: 
C: 0.6094708385895093
nu: 0.6094708385895093
Budget Remaining: 591.980315924
Number of MFHOO Instances: 1
Budget per MFHOO Instance:590.880315924
Running SOO number: 1 rho: 0.95 nu: 0.6094708385895093
delay_type: HOO
policy: UCBV
[0.21875  0.015625]
final iterations:74
final HOO number of nodes:149
final HOO height:14
final duration:592
final optimal value:13.798306 
time durations: [8.019413948059082, 16.032594919204712, 24.040514945983887, 32.053733110427856, 40.062931060791016, 48.07692813873291, 56.087393045425415, 64.096764087677, 72.1063940525055, 80.11840796470642, 88.13815593719482, 96.15334510803223, 104.17189812660217, 112.18069505691528, 120.1973979473114, 128.2133629322052, 136.22928500175476, 144.24665594100952, 152.263365983963, 160.28401803970337, 168.2966251373291, 176.313462972641, 184.33010411262512, 192.34611296653748, 200.36217308044434, 208.37945008277893, 216.39632511138916, 224.41243410110474, 232.42714405059814, 240.4396789073944, 248.4564390182495, 256.4755930900574, 264.4856550693512, 272.5080840587616, 280.52841806411743, 288.54468393325806, 296.56000995635986, 304.57652592658997, 312.59445905685425, 320.60415291786194, 328.6230170726776, 336.6442289352417, 344.6584711074829, 352.6735579967499, 360.68974804878235, 368.6995620727539, 376.71891713142395, 384.72449803352356, 392.7355251312256, 400.74663400650024, 408.75695610046387, 416.76377606391907, 424.7742669582367, 432.7797529697418, 440.79054498672485, 448.79806900024414, 456.80771493911743, 464.8188490867615, 472.82457304000854, 480.83223700523376, 488.8398389816284, 496.8523941040039, 504.86248111724854, 512.8681659698486, 520.8775911331177, 528.8849029541016, 536.894807100296, 544.9041600227356, 552.9092659950256, 560.9197189807892, 568.9266800880432, 576.9381639957428, 584.9467771053314, 592.9572329521179]
noisy values: [10.137243844238416, 11.871326289026328, 13.460979993162073, 13.460979993162073, 13.460979993162073, 13.460979993162073, 13.460979993162073, 13.460979993162073, 13.460979993162073, 13.697626768634182, 13.702100050022084, 13.798304067080057, 13.798304067080057, 13.798304067080057, 13.798304067080057, 13.798305567610718, 13.798305567610718, 13.798305567610718, 13.798305567610718, 13.798305567610718, 13.798305567610718, 13.798305567610718, 13.798305567610718, 13.798305567610718, 13.798305567610718, 13.798305567610718, 13.798305567610718, 13.798305567610718, 13.798305567610718, 13.798305567610718, 13.798305567610718, 13.798305567610718, 13.798305567610718, 13.798305567610718, 13.798305567610718, 13.798305567610718, 13.798305567610718, 13.798305567610718, 13.798305567610718, 13.798305567610718, 13.798305567610718, 13.798305567610718, 13.798305567610718, 13.798305567610718, 13.798305567610718, 13.798305567610718, 13.798305567610718, 13.798305567610718, 13.798305567610718, 13.798305567610718, 13.798305567610718, 13.798305567610718, 13.798305567610718, 13.798305567610718, 13.798305567610718, 13.798305567610718, 13.798305567610718, 13.798305567610718, 13.798305567610718, 13.798305567610718, 13.798305567610718, 13.798305567610718, 13.798305567610718, 13.798305567610718, 13.798305567610718, 13.798305567610718, 13.798305567610718, 13.798305567610718, 13.798305567610718, 13.798305567610718, 13.798305567610718, 13.798305567610718, 13.798305567610718, 13.798305567610718]
data points:
values: [10.287858438527588, 12.038761773243245, 13.482506925408414, 13.482506925408414, 13.482506925408414, 13.482506925408414, 13.482506925408414, 13.482506925408414, 13.482506925408414, 13.482506925408414, 13.697964656782032, 13.702100157703487, 13.798304170095632, 13.798304170095632, 13.798304170095632, 13.798304170095632, 13.79830556761073, 13.79830556761073, 13.79830556761073, 13.79830556761073, 13.79830556761073, 13.79830556761073, 13.79830556761073, 13.79830556761073, 13.79830556761073, 13.79830556761073, 13.79830556761073, 13.79830556761073, 13.79830556761073, 13.79830556761073, 13.79830556761073, 13.79830556761073, 13.79830556761073, 13.79830556761073, 13.79830556761073, 13.79830556761073, 13.79830556761073, 13.79830556761073, 13.79830556761073, 13.79830556761073, 13.79830556761073, 13.79830556761073, 13.79830556761073, 13.79830556761073, 13.79830556761073, 13.79830556761073, 13.79830556761073, 13.79830556761073, 13.79830556761073, 13.79830556761073, 13.79830556761073, 13.79830556761073, 13.79830556761073, 13.79830556761073, 13.79830556761073, 13.79830556761073, 13.79830556761073, 13.79830556761073, 13.79830556761073, 13.79830556761073, 13.79830556761073, 13.79830556761073, 13.79830556761073, 13.79830556761073, 13.79830556761073, 13.79830556761073, 13.79830556761073, 13.79830556761073, 13.79830556761073, 13.79830556761073, 13.79830556761073, 13.79830556761073, 13.79830556761073, 13.79830556761073]
Done!
