('generated stochastic delays:', [array([ 2, 11,  5, ...,  2,  3,  1])])
('opt_fidel_cost:', 1.1)
Running Experiment1: 
('total budget:', 600)
Auto Init: 
C: 0.6094708385895093
nu: 0.6094708385895093
Budget Remaining: 591.994153023
Number of MFHOO Instances: 1
Budget per MFHOO Instance:590.894153023
Running SOO number: 1 rho: 0.95 nu: 0.6094708385895093
delay_type: HOO
policy: UCBV
[0.25390625 0.01171875]
final iterations:74
final HOO number of nodes:149
final HOO height:16
final duration:592
final optimal value:13.688384 
time durations: [8.007078886032104, 16.017632007598877, 24.02641201019287, 32.03313493728638, 40.04101586341858, 48.04940485954285, 56.0563428401947, 64.06744194030762, 72.07670903205872, 80.08375287055969, 88.0941789150238, 96.1033239364624, 104.11246705055237, 112.1209499835968, 120.1291229724884, 128.13560390472412, 136.1444878578186, 144.15041303634644, 152.1579179763794, 160.16475296020508, 168.17277097702026, 176.17808604240417, 184.187509059906, 192.19691586494446, 200.20518898963928, 208.2107629776001, 216.21953105926514, 224.2294728755951, 232.238862991333, 240.24845504760742, 248.25747394561768, 256.26078605651855, 264.2687089443207, 272.2788419723511, 280.2867970466614, 288.29819893836975, 296.3053138256073, 304.31508803367615, 312.3235619068146, 320.3366219997406, 328.35733103752136, 336.3639569282532, 344.38331604003906, 352.3978810310364, 360.41416597366333, 368.4342129230499, 376.4510669708252, 384.46380591392517, 392.47865986824036, 400.4974730014801, 408.51366901397705, 416.53228187561035, 424.5468008518219, 432.5612850189209, 440.5833270549774, 448.6036808490753, 456.61374282836914, 464.62875294685364, 472.6463129520416, 480.6634519100189, 488.67281198501587, 496.68765902519226, 504.7049388885498, 512.7203938961029, 520.7371549606323, 528.756490945816, 536.7693438529968, 544.7835938930511, 552.7985119819641, 560.8105089664459, 568.8240449428558, 576.833498954773, 584.8493430614471, 592.8707299232483]
noisy values: [10.137243844238416, 11.871326289026328, 13.460979993162073, 13.460979993162073, 13.460979993162073, 13.460979993162073, 13.460979993162073, 13.510807196296792, 13.510807196296792, 13.510808665562896, 13.510808665562896, 13.510808665562896, 13.510808665562896, 13.619360517218302, 13.619360517218302, 13.619360517218468, 13.619360517218468, 13.619360517218468, 13.619360517218468, 13.666757482241984, 13.666757482241984, 13.666757482241984, 13.666757482241984, 13.666757482241984, 13.666757482241984, 13.666757482241984, 13.666757482241984, 13.666757482241984, 13.666757482241984, 13.666757482241984, 13.666757482241984, 13.666757482241984, 13.68838359084033, 13.68838359084033, 13.68838359084033, 13.68838359084033, 13.68838359084033, 13.68838359084033, 13.68838359084033, 13.68838359084033, 13.68838359084033, 13.68838359084033, 13.68838359084033, 13.68838359084033, 13.68838359084033, 13.68838359084033, 13.68838359084033, 13.68838359084033, 13.68838359084033, 13.68838359084033, 13.68838359084033, 13.68838359084033, 13.68838359084033, 13.68838359084033, 13.68838359084033, 13.68838359084033, 13.68838359084033, 13.68838359084033, 13.68838359084033, 13.68838359084033, 13.68838359084033, 13.68838359084033, 13.68838359084033, 13.68838359084033, 13.68838359084033, 13.68838359084033, 13.68838359084033, 13.68838359084033, 13.68838359084033, 13.68838359084033, 13.68838359084033, 13.68838359084033, 13.68838359084033, 13.68838359084033]
data points:
values: [10.287858438527588, 12.038761773243245, 13.482506925408414, 13.482506925408414, 13.482506925408414, 13.482506925408414, 13.482506925408414, 13.482506925408414, 13.510807297165968, 13.510807297165968, 13.510808665562907, 13.510808665562907, 13.510808665562907, 13.510808665562907, 13.619360517218311, 13.619360517218311, 13.619360517218468, 13.619360517218468, 13.619360517218468, 13.619360517218468, 13.666757482241984, 13.666757482241984, 13.666757482241984, 13.666757482241984, 13.666757482241984, 13.666757482241984, 13.666757482241984, 13.666757482241984, 13.666757482241984, 13.666757482241984, 13.666757482241984, 13.666757482241984, 13.666757482241984, 13.68838359084033, 13.68838359084033, 13.68838359084033, 13.68838359084033, 13.68838359084033, 13.68838359084033, 13.68838359084033, 13.68838359084033, 13.68838359084033, 13.68838359084033, 13.68838359084033, 13.68838359084033, 13.68838359084033, 13.68838359084033, 13.68838359084033, 13.68838359084033, 13.68838359084033, 13.68838359084033, 13.68838359084033, 13.68838359084033, 13.68838359084033, 13.68838359084033, 13.68838359084033, 13.68838359084033, 13.68838359084033, 13.68838359084033, 13.68838359084033, 13.68838359084033, 13.68838359084033, 13.68838359084033, 13.68838359084033, 13.68838359084033, 13.68838359084033, 13.68838359084033, 13.68838359084033, 13.68838359084033, 13.68838359084033, 13.68838359084033, 13.68838359084033, 13.68838359084033, 13.68838359084033]
Done!
