('generated stochastic delays:', [array([ 2, 11,  5, ...,  2,  3,  1])])
('test function', 'Hartmann6')
('opt_fidel_cost:', 1.0)
Running Experiment1: 
('total budget:', 600)
Auto Init: 
C: 0.008422546129901821
nu: 0.008422546129901821
Budget Remaining: 591.991153002
Number of MFHOO Instances: 1
Budget per MFHOO Instance:590.991153002
number of HOO: 1
Running SOO number: 1 rho: 0.95 nu: 0.008422546129901821
delay_type: DHOO
policy: UCB1
[0.2265625 0.1171875 0.3671875 0.2421875 0.3046875 0.671875 ]
final iterations:66758060
final HOO number of nodes:557
final HOO height:38
final duration:590
final optimal value:3.166860 
time durations: [0.0010259151458740234, 4.00586199760437, 8.00772500038147, 8.00834584236145, 12.014351844787598, 16.02028799057007, 16.021318912506104, 20.026259899139404, 24.03015398979187, 28.035976886749268, 32.045830965042114, 32.04686880111694, 36.05164885520935, 36.05251598358154, 40.05993580818176, 40.06067085266113, 44.067806005477905, 48.080607891082764, 48.081432819366455, 52.087766885757446, 52.089046001434326, 56.09640598297119, 56.09705185890198, 60.10110688209534, 60.101943016052246, 64.11002779006958, 64.11074090003967, 68.12432193756104, 72.13042998313904, 72.13215589523315, 76.138906955719, 76.1397008895874, 76.14046597480774, 80.15851497650146, 80.15942287445068, 84.16316080093384, 84.16394686698914, 88.17099785804749, 92.17522597312927, 92.17619895935059, 96.1841688156128, 100.1911129951477, 100.19252681732178, 104.20159387588501, 104.2027997970581, 108.21055483818054, 108.21258997917175, 112.21923089027405, 112.22022986412048, 116.22780084609985, 116.22876191139221, 120.24002599716187, 124.242910861969, 124.24408102035522, 124.24506878852844, 128.25625896453857, 132.26828980445862, 136.27748799324036, 136.27861499786377, 140.28667783737183, 140.2878258228302, 144.29739379882812, 148.30851292610168, 148.31015586853027, 152.31982684135437, 152.3210048675537, 156.32657289505005, 156.3277189731598, 160.33281779289246, 160.33400893211365, 164.34267783164978, 164.34396481513977, 168.34968090057373, 168.35125184059143, 172.35606598854065, 176.35993885993958, 176.3611228466034, 180.36589097976685, 180.36814999580383, 184.3787338733673, 184.38000297546387, 188.38953495025635, 188.39234495162964, 192.39884281158447, 196.40571689605713, 196.40806484222412, 200.4127459526062, 200.41488599777222, 204.42150592803955, 204.42340993881226, 208.431902885437, 212.44427800178528, 212.4457368850708, 216.45320892333984, 216.45503187179565, 220.46463584899902, 220.46668601036072, 220.46909999847412, 224.47275400161743, 224.47442197799683, 228.48072695732117, 228.48237681388855, 232.49373984336853, 232.4954879283905, 236.50712990760803, 240.51482701301575, 240.51716589927673, 240.51937580108643, 244.5272159576416, 244.52970385551453, 244.53211998939514, 248.5423448085785, 248.54441499710083, 252.55239391326904, 252.5542049407959, 256.5632917881012, 256.56525778770447, 260.5728998184204, 264.57532691955566, 264.57802081108093, 268.5879878997803, 268.5898389816284, 272.598562002182, 272.6009249687195, 272.60297179222107, 276.6173667907715, 276.6197509765625, 280.6301279067993, 280.6322019100189, 284.6451449394226, 284.6475148200989, 288.65769481658936, 288.6604177951813, 292.67306995391846, 292.6753578186035, 296.68245482444763, 296.68529295921326, 300.68914580345154, 304.6984488964081, 304.7012519836426, 308.71219396591187, 308.71445393562317, 312.73019099235535, 312.7333469390869, 312.73548102378845, 316.7463538646698, 316.7486448287964, 320.75622487068176, 320.7591619491577, 324.77044701576233, 324.7731719017029, 328.7793769836426, 328.78297090530396, 332.79092597961426, 332.79347681999207, 336.80184984207153, 336.8047308921814, 340.810261964798, 344.8256130218506, 344.828980922699, 344.83246779441833, 348.8412129878998, 348.8450548648834, 352.8539619445801, 352.8568489551544, 356.86603689193726, 360.8779079914093, 360.8799479007721, 364.9047999382019, 368.909227848053, 368.911780834198, 372.91623401641846, 376.923143863678, 376.9262709617615, 380.93963098526, 380.9421458244324, 384.95349383354187, 384.95840287208557, 384.9627540111542, 388.98144483566284, 388.98416090011597, 392.99096488952637, 392.9933660030365, 397.00136280059814, 397.0042498111725, 401.01225900650024, 401.0160868167877, 401.01907682418823, 405.0275909900665, 409.03647899627686, 409.0395658016205, 413.0550220012665, 413.05922293663025, 417.0632469654083, 417.06664991378784, 421.07670187950134, 421.080237865448, 421.0838317871094, 425.09757900238037, 429.10578083992004, 429.10895800590515, 433.12890696525574, 433.13162779808044, 437.1431999206543, 441.1523377895355, 441.15543699264526, 445.16426491737366, 449.1724729537964, 449.1757719516754, 453.1858768463135, 453.1889839172363, 457.20488595962524, 457.21092081069946, 461.2227578163147, 461.2261447906494, 465.23269486427307, 469.2367379665375, 469.2409029006958, 473.2517259120941, 473.2550559043884, 477.26426792144775, 477.2678828239441, 481.27449083328247, 485.2801959514618, 485.2837338447571, 489.29077887535095, 489.2947669029236, 489.2981150150299, 493.303790807724, 493.3080849647522, 497.3181710243225, 501.3264989852905, 501.3307638168335, 505.33962082862854, 509.34768986701965, 509.35320591926575, 513.3608248233795, 513.3652429580688, 517.3733468055725, 521.3808829784393, 521.3844499588013, 525.396253824234, 529.4027910232544, 529.4067249298096, 533.418653011322, 533.4296579360962, 533.4333407878876, 537.439435005188, 537.4433748722076, 541.4527909755707, 541.45827293396, 541.4628829956055, 545.4737079143524, 545.4773879051208, 545.4810090065002, 549.502888917923, 549.5066468715668, 553.5170328617096, 553.5219209194183, 553.5266778469086, 557.5407128334045, 557.5445849895477, 561.5548708438873, 561.5592129230499, 561.5635268688202, 565.5708107948303, 565.5767819881439, 565.5823678970337, 569.5895729064941, 569.5934588909149, 573.6161818504333, 573.6215779781342, 577.6381168365479, 577.6440389156342, 581.6559498310089, 581.6606259346008, 585.6678969860077, 585.672040939331, 589.6833038330078]
noisy values: [0.4993653078584064, 0.568923612459111, 0.7652541077718751, 0.7652541077718751, 0.7652541077718751, 0.7652541077718751, 0.7652541077718751, 1.1107885039128729, 1.1107885039128729, 1.4668288362210462, 2.56641832621277, 2.56641832621277, 2.56641832621277, 2.56641832621277, 2.5805848005582694, 2.5805848005582694, 2.7580573613405215, 2.7580573613405215, 2.7580573613405215, 2.7580573613405215, 2.7580573613405215, 2.7580573613405215, 2.7580573613405215, 2.7580573613405215, 2.7580573613405215, 2.7580573613405215, 2.7580573613405215, 2.7580573613405215, 2.7580573613405215, 2.7580573613405215, 2.7580573613405215, 2.7580573613405215, 2.7580573613405215, 2.7580573613405215, 2.7580573613405215, 2.7580573613405215, 2.7580573613405215, 2.7580573613405215, 2.7580573613405215, 2.7580573613405215, 2.7580573613405215, 2.7580573613405215, 2.7580573613405215, 2.7580573613405215, 2.7580573613405215, 2.7580573613405215, 2.8586242007040545, 2.8586242007040545, 2.8586242007040545, 2.8586242007040545, 2.8586242007040545, 2.8586242007040545, 2.8586242007040545, 2.8586242007040545, 2.8586242007040545, 2.8586242007040545, 2.8586242007040545, 2.8586242007040545, 2.8586242007040545, 2.8586242007040545, 2.8586242007040545, 2.8586242007040545, 2.8586242007040545, 2.8586242007040545, 2.8586242007040545, 2.8586242007040545, 2.8586242007040545, 2.8586242007040545, 2.874790069319979, 2.874790069319979, 2.914911621940275, 2.914911621940275, 2.914911621940275, 2.914911621940275, 2.914911621940275, 3.0231615065820248, 3.0231615065820248, 3.0231615065820248, 3.0231615065820248, 3.0231615065820248, 3.0231615065820248, 3.0231615065820248, 3.0231615065820248, 3.0231615065820248, 3.0231615065820248, 3.0231615065820248, 3.0231615065820248, 3.0231615065820248, 3.0231615065820248, 3.0231615065820248, 3.0231615065820248, 3.0231615065820248, 3.0231615065820248, 3.0231615065820248, 3.0231615065820248, 3.0231615065820248, 3.0231615065820248, 3.0231615065820248, 3.0231615065820248, 3.0231615065820248, 3.0231615065820248, 3.0231615065820248, 3.0231615065820248, 3.0231615065820248, 3.0231615065820248, 3.0231615065820248, 3.0231615065820248, 3.0231615065820248, 3.0423924807441094, 3.0423924807441094, 3.0423924807441094, 3.0423924807441094, 3.0423924807441094, 3.0423924807441094, 3.0423924807441094, 3.0423924807441094, 3.0423924807441094, 3.0423924807441094, 3.0423924807441094, 3.0423924807441094, 3.0423924807441094, 3.0423924807441094, 3.05688106289348, 3.05688106289348, 3.05688106289348, 3.096015244832231, 3.096015244832231, 3.096015244832231, 3.096015244832231, 3.096015244832231, 3.096015244832231, 3.096015244832231, 3.096015244832231, 3.096015244832231, 3.096015244832231, 3.096015244832231, 3.096015244832231, 3.096015244832231, 3.096015244832231, 3.096015244832231, 3.096015244832231, 3.096015244832231, 3.096015244832231, 3.096015244832231, 3.096015244832231, 3.096015244832231, 3.096015244832231, 3.096015244832231, 3.096015244832231, 3.096015244832231, 3.096015244832231, 3.096015244832231, 3.096015244832231, 3.096015244832231, 3.096015244832231, 3.096015244832231, 3.096015244832231, 3.096015244832231, 3.096015244832231, 3.096015244832231, 3.096015244832231, 3.12704841565942, 3.12704841565942, 3.12704841565942, 3.12704841565942, 3.12704841565942, 3.12704841565942, 3.12704841565942, 3.12704841565942, 3.12704841565942, 3.12704841565942, 3.12704841565942, 3.12704841565942, 3.12704841565942, 3.12704841565942, 3.12704841565942, 3.12704841565942, 3.12704841565942, 3.12704841565942, 3.12704841565942, 3.12704841565942, 3.12704841565942, 3.12704841565942, 3.12704841565942, 3.12704841565942, 3.12704841565942, 3.12704841565942, 3.12704841565942, 3.12704841565942, 3.12704841565942, 3.12704841565942, 3.12704841565942, 3.127596203537105, 3.127596203537105, 3.127596203537105, 3.127596203537105, 3.127596203537105, 3.127596203537105, 3.127596203537105, 3.127596203537105, 3.127596203537105, 3.127596203537105, 3.127596203537105, 3.127596203537105, 3.127596203537105, 3.127596203537105, 3.1288021661806114, 3.1288021661806114, 3.1288021661806114, 3.1288021661806114, 3.1288021661806114, 3.1288021661806114, 3.1288021661806114, 3.1288021661806114, 3.1288021661806114, 3.1288021661806114, 3.1288021661806114, 3.1288021661806114, 3.1309076832562646, 3.1309076832562646, 3.1309076832562646, 3.1309076832562646, 3.1380081897221928, 3.1380081897221928, 3.1380081897221928, 3.1380081897221928, 3.1380081897221928, 3.1380081897221928, 3.1380081897221928, 3.1380081897221928, 3.1380081897221928, 3.1380081897221928, 3.1380081897221928, 3.1380081897221928, 3.1380081897221928, 3.1380081897221928, 3.1380081897221928, 3.1380081897221928, 3.1380081897221928, 3.1380081897221928, 3.1380081897221928, 3.1380081897221928, 3.1380081897221928, 3.1380081897221928, 3.1380081897221928, 3.1380081897221928, 3.1380081897221928, 3.1380081897221928, 3.1380081897221928, 3.140323457856938, 3.140323457856938, 3.140323457856938, 3.140323457856938, 3.140323457856938, 3.140323457856938, 3.140323457856938, 3.140323457856938, 3.140323457856938, 3.140323457856938, 3.140323457856938, 3.140323457856938, 3.140323457856938, 3.140323457856938, 3.140323457856938, 3.140323457856938, 3.155155289501829, 3.155155289501829, 3.155155289501829, 3.155155289501829, 3.155155289501829, 3.1594046363052257, 3.1594046363052257, 3.160358046159231, 3.160358046159231, 3.1668599396298767, 3.1668599396298767, 3.1668599396298767, 3.1668599396298767, 3.1668599396298767]
data points:
values: [0.5053149917022333, 0.5713312483035078, 0.7809775383635229, 0.7809775383635229, 0.7809775383635229, 0.7809775383635229, 0.7809775383635229, 1.130099320916897, 1.130099320916897, 1.4738328180263531, 2.570944516195897, 2.570944516195897, 2.570944516195897, 2.570944516195897, 2.585350617332081, 2.585350617332081, 2.770850073408867, 2.770850073408867, 2.770850073408867, 2.770850073408867, 2.770850073408867, 2.770850073408867, 2.770850073408867, 2.770850073408867, 2.770850073408867, 2.770850073408867, 2.770850073408867, 2.770850073408867, 2.770850073408867, 2.770850073408867, 2.770850073408867, 2.770850073408867, 2.770850073408867, 2.770850073408867, 2.770850073408867, 2.770850073408867, 2.770850073408867, 2.770850073408867, 2.770850073408867, 2.770850073408867, 2.770850073408867, 2.770850073408867, 2.770850073408867, 2.770850073408867, 2.770850073408867, 2.770850073408867, 2.8785285985261524, 2.8785285985261524, 2.8785285985261524, 2.8785285985261524, 2.8785285985261524, 2.8785285985261524, 2.8785285985261524, 2.8785285985261524, 2.8785285985261524, 2.8785285985261524, 2.8785285985261524, 2.8785285985261524, 2.8785285985261524, 2.8785285985261524, 2.8785285985261524, 2.8785285985261524, 2.8785285985261524, 2.8785285985261524, 2.8785285985261524, 2.8785285985261524, 2.8785285985261524, 2.8785285985261524, 2.8789713385472084, 2.8789713385472084, 2.918808749830097, 2.918808749830097, 2.918808749830097, 2.918808749830097, 2.918808749830097, 3.0297123240316157, 3.0297123240316157, 3.0297123240316157, 3.0297123240316157, 3.0297123240316157, 3.0297123240316157, 3.0297123240316157, 3.0297123240316157, 3.0297123240316157, 3.0297123240316157, 3.0297123240316157, 3.0297123240316157, 3.0297123240316157, 3.0297123240316157, 3.0297123240316157, 3.0297123240316157, 3.0297123240316157, 3.0297123240316157, 3.0297123240316157, 3.0297123240316157, 3.0297123240316157, 3.0297123240316157, 3.0297123240316157, 3.0297123240316157, 3.0297123240316157, 3.0297123240316157, 3.0297123240316157, 3.0297123240316157, 3.0297123240316157, 3.0297123240316157, 3.0297123240316157, 3.0297123240316157, 3.0297123240316157, 3.0475614171957037, 3.0475614171957037, 3.0475614171957037, 3.0475614171957037, 3.0475614171957037, 3.0475614171957037, 3.0475614171957037, 3.0475614171957037, 3.0475614171957037, 3.0475614171957037, 3.0475614171957037, 3.0475614171957037, 3.0475614171957037, 3.0475614171957037, 3.0616101290787205, 3.0616101290787205, 3.0616101290787205, 3.1010818367407316, 3.1010818367407316, 3.1010818367407316, 3.1010818367407316, 3.1010818367407316, 3.1010818367407316, 3.1010818367407316, 3.1010818367407316, 3.1010818367407316, 3.1010818367407316, 3.1010818367407316, 3.1010818367407316, 3.1010818367407316, 3.1010818367407316, 3.1010818367407316, 3.1010818367407316, 3.1010818367407316, 3.1010818367407316, 3.1010818367407316, 3.1010818367407316, 3.1010818367407316, 3.1010818367407316, 3.1010818367407316, 3.1010818367407316, 3.1010818367407316, 3.1010818367407316, 3.1010818367407316, 3.1010818367407316, 3.1010818367407316, 3.1010818367407316, 3.1010818367407316, 3.1010818367407316, 3.1010818367407316, 3.1010818367407316, 3.1010818367407316, 3.1010818367407316, 3.131753900367839, 3.131753900367839, 3.131753900367839, 3.131753900367839, 3.131753900367839, 3.131753900367839, 3.131753900367839, 3.131753900367839, 3.131753900367839, 3.131753900367839, 3.131753900367839, 3.131753900367839, 3.131753900367839, 3.131753900367839, 3.131753900367839, 3.131753900367839, 3.131753900367839, 3.131753900367839, 3.131753900367839, 3.131753900367839, 3.131753900367839, 3.131753900367839, 3.131753900367839, 3.131753900367839, 3.131753900367839, 3.131753900367839, 3.131753900367839, 3.131753900367839, 3.131753900367839, 3.131753900367839, 3.131753900367839, 3.131608048197149, 3.131608048197149, 3.131608048197149, 3.131608048197149, 3.131608048197149, 3.131608048197149, 3.131608048197149, 3.131608048197149, 3.131608048197149, 3.131608048197149, 3.131608048197149, 3.131608048197149, 3.131608048197149, 3.131608048197149, 3.131608048197149, 3.1328198617925294, 3.1328198617925294, 3.1328198617925294, 3.1328198617925294, 3.1328198617925294, 3.1328198617925294, 3.1328198617925294, 3.1328198617925294, 3.1328198617925294, 3.1328198617925294, 3.1328198617925294, 3.1348303612727384, 3.1348303612727384, 3.1348303612727384, 3.1348303612727384, 3.1420663765271692, 3.1420663765271692, 3.1420663765271692, 3.1420663765271692, 3.1420663765271692, 3.1420663765271692, 3.1420663765271692, 3.1420663765271692, 3.1420663765271692, 3.1420663765271692, 3.1420663765271692, 3.1420663765271692, 3.1420663765271692, 3.1420663765271692, 3.1420663765271692, 3.1420663765271692, 3.1420663765271692, 3.1420663765271692, 3.1420663765271692, 3.1420663765271692, 3.1420663765271692, 3.1420663765271692, 3.1420663765271692, 3.1420663765271692, 3.1420663765271692, 3.1420663765271692, 3.1420663765271692, 3.144341702669458, 3.144341702669458, 3.144341702669458, 3.144341702669458, 3.144341702669458, 3.144341702669458, 3.144341702669458, 3.144341702669458, 3.144341702669458, 3.144341702669458, 3.144341702669458, 3.144341702669458, 3.144341702669458, 3.144341702669458, 3.144341702669458, 3.144341702669458, 3.159055474620127, 3.159055474620127, 3.159055474620127, 3.159055474620127, 3.159055474620127, 3.1629218733578077, 3.1629218733578077, 3.1629218733578077, 3.1641285137314825, 3.170492428093752, 3.170492428093752, 3.170492428093752, 3.170492428093752, 3.170492428093752]
Done!
opt_val: 3.17049242809
