('generated stochastic delays:', [array([ 2, 11,  5, ...,  2,  3,  1])])
('test function', 'Hartmann6')
('opt_fidel_cost:', 1.0)
Running Experiment1: 
('total budget:', 600)
Auto Init: 
C: 0.008422546129901821
nu: 0.008422546129901821
Budget Remaining: 591.993756056
Number of MFHOO Instances: 1
Budget per MFHOO Instance:590.993756056
number of HOO: 1
Running SOO number: 1 rho: 0.95 nu: 0.008422546129901821
delay_type: DHOO
policy: UCB1
[0.3984375 0.890625  0.359375  0.578125  0.265625  0.046875 ]
final iterations:69028436
final HOO number of nodes:559
final HOO height:34
final duration:590
final optimal value:3.151593 
time durations: [0.000698089599609375, 4.003773927688599, 8.00686502456665, 8.008322954177856, 12.010115146636963, 16.018765926361084, 16.01915192604065, 20.024935007095337, 20.02538800239563, 20.0259370803833, 20.026489973068237, 24.028820991516113, 24.029600143432617, 28.035135984420776, 28.03587794303894, 32.042495012283325, 32.043400049209595, 36.051849126815796, 36.05252194404602, 40.05666708946228, 40.057173013687134, 40.05782413482666, 44.06911897659302, 48.07472109794617, 48.07704305648804, 52.07991814613342, 52.080668926239014, 56.082927942276, 60.088237047195435, 64.09086394309998, 64.091726064682, 68.10479807853699, 72.11433005332947, 72.11517095565796, 76.12359499931335, 76.12437415122986, 80.13148999214172, 84.13411903381348, 88.1440589427948, 92.14831113815308, 92.14926099777222, 96.15542101860046, 96.15707993507385, 100.1622359752655, 104.16916608810425, 104.17037510871887, 108.1726701259613, 108.17384910583496, 112.18035292625427, 116.18165802955627, 116.18305015563965, 120.19351601600647, 124.20813608169556, 124.21023511886597, 124.2117350101471, 128.2225501537323, 128.22383499145508, 132.24010705947876, 132.24108409881592, 136.25615811347961, 136.25761008262634, 136.25879406929016, 140.27351593971252, 140.27469301223755, 144.2815761566162, 148.2881600856781, 148.29001998901367, 152.30416297912598, 156.33047604560852, 156.33154797554016, 160.33396697044373, 164.34378504753113, 164.34524297714233, 168.35708093643188, 172.36239409446716, 172.363755941391, 176.38283610343933, 176.38496804237366, 180.39318013191223, 180.39571809768677, 184.4015519618988, 188.4110231399536, 188.41332507133484, 188.41531801223755, 192.42857193946838, 192.43031692504883, 196.43703699111938, 200.44630002975464, 200.44835805892944, 204.48496007919312, 204.48734712600708, 208.49797201156616, 208.50125312805176, 212.5154299736023, 212.51771807670593, 216.52631902694702, 216.52838611602783, 220.53388500213623, 220.53597211837769, 224.5419909954071, 224.54387998580933, 228.55280900001526, 228.55461311340332, 232.5594539642334, 232.56120204925537, 236.58588004112244, 236.5880401134491, 240.59744310379028, 240.59924411773682, 244.6018750667572, 244.60363006591797, 248.6153209209442, 252.62406706809998, 252.6257791519165, 256.6346790790558, 256.63713908195496, 260.6459860801697, 260.6478900909424, 264.6630301475525, 264.6655390262604, 268.6808409690857, 268.68293499946594, 272.69127106666565, 272.69324111938477, 276.7106111049652, 280.71562695503235, 280.71776604652405, 284.73140597343445, 284.73385310173035, 288.73742604255676, 292.75209403038025, 292.7540271282196, 292.7561950683594, 296.76650404930115, 296.76873111724854, 300.7799880504608, 300.7821431159973, 304.78591203689575, 308.80144000053406, 308.8037130832672, 312.81658697128296, 316.82513093948364, 316.8271961212158, 320.8356010913849, 320.8373079299927, 324.8494391441345, 324.8518531322479, 328.86028504371643, 328.86292815208435, 332.86915612220764, 332.8716809749603, 336.88053607940674, 336.88340497016907, 340.8872151374817, 340.8896019458771, 344.8974199295044, 344.8997609615326, 348.91197514533997, 352.9183599948883, 352.9210629463196, 356.92704010009766, 356.9295620918274, 360.93684005737305, 360.9393119812012, 360.9418170452118, 364.96244406700134, 368.965008020401, 368.9679889678955, 372.97325015068054, 372.9757430553436, 372.97862100601196, 376.98618507385254, 380.99366903305054, 380.99761509895325, 385.0090630054474, 385.0118269920349, 389.02880907058716, 389.03187894821167, 393.0369999408722, 393.039608001709, 397.04855608940125, 397.05119705200195, 401.06894612312317, 401.0715870857239, 405.09478306770325, 405.09782814979553, 409.10840606689453, 409.11197304725647, 413.13524103164673, 413.14002895355225, 417.15164613723755, 417.15461802482605, 421.167475938797, 421.17041301727295, 425.17944598197937, 425.18237805366516, 429.18792605400085, 429.1910300254822, 433.1979639530182, 433.20089292526245, 433.2039260864258, 437.21992897987366, 437.2229039669037, 437.22595405578613, 441.2360141277313, 441.2391619682312, 445.2604160308838, 449.2699649333954, 449.27292108535767, 453.2861371040344, 453.28949213027954, 453.2924370765686, 457.3034870624542, 457.3069369792938, 461.3270330429077, 465.3371500968933, 465.34010004997253, 469.34912514686584, 469.3524241447449, 473.36579513549805, 473.3691589832306, 473.37264704704285, 477.3912191390991, 481.401113986969, 481.40371894836426, 485.4162781238556, 485.4193649291992, 489.4345769882202, 489.4374849796295, 489.4409439563751, 493.4552719593048, 493.45872592926025, 497.4769639968872, 497.4802129268646, 501.48765206336975, 501.4912209510803, 505.5003659725189, 505.5037410259247, 509.52086305618286, 509.52459597587585, 513.5304930210114, 517.5423369407654, 517.5456440448761, 521.5612781047821, 521.5647709369659, 525.5781991481781, 525.5819051265717, 529.5903811454773, 529.5937161445618, 533.615602016449, 533.6197810173035, 537.6281020641327, 537.6317899227142, 541.6393179893494, 541.6430859565735, 545.6514670848846, 549.6662609577179, 549.6699569225311, 553.6951150894165, 553.6990160942078, 557.7144141197205, 557.7182099819183, 561.7395529747009, 561.7438580989838, 561.7469880580902, 565.7733421325684, 565.7772300243378, 569.7917590141296, 569.7995381355286, 573.8089549541473, 573.8128039836884, 573.8168759346008, 577.8354640007019, 577.8393349647522, 581.8478510379791, 581.8520770072937, 585.8711681365967, 585.8752410411835, 585.8791100978851, 589.8904790878296, 589.8948481082916]
noisy values: [0.4993653078584064, 0.568923612459111, 0.568923612459111, 0.568923612459111, 1.0203486692922166, 1.0203486692922166, 1.0203486692922166, 1.0203486692922166, 1.0203486692922166, 1.0203486692922166, 1.0203486692922166, 1.0203486692922166, 1.0203486692922166, 1.0203486692922166, 1.0203486692922166, 1.0727470206180374, 1.0727470206180374, 1.0727470206180374, 1.0727470206180374, 1.0727470206180374, 1.0727470206180374, 1.0727470206180374, 1.0727470206180374, 1.0727470206180374, 1.089840181550297, 1.089840181550297, 1.089840181550297, 1.2209945162378681, 1.2209945162378681, 1.620672424132608, 1.620672424132608, 1.652198343063133, 1.652198343063133, 1.652198343063133, 2.7379365017752546, 2.7379365017752546, 2.7379365017752546, 2.7379365017752546, 2.7379365017752546, 2.7379365017752546, 2.7379365017752546, 2.7379365017752546, 2.7379365017752546, 2.7379365017752546, 2.7379365017752546, 2.7379365017752546, 2.7379365017752546, 2.7379365017752546, 2.7379365017752546, 2.7379365017752546, 2.7379365017752546, 3.0055938000506064, 3.0055938000506064, 3.0055938000506064, 3.0055938000506064, 3.0416394357324203, 3.0416394357324203, 3.0416394357324203, 3.0416394357324203, 3.0416394357324203, 3.0416394357324203, 3.0416394357324203, 3.0416394357324203, 3.0416394357324203, 3.1030394967748047, 3.1030394967748047, 3.108551753722351, 3.108551753722351, 3.108551753722351, 3.108551753722351, 3.108551753722351, 3.108551753722351, 3.108551753722351, 3.108551753722351, 3.108551753722351, 3.108551753722351, 3.124613952996451, 3.124613952996451, 3.124613952996451, 3.124613952996451, 3.124613952996451, 3.124613952996451, 3.124613952996451, 3.124613952996451, 3.124613952996451, 3.124613952996451, 3.124613952996451, 3.124613952996451, 3.124613952996451, 3.124613952996451, 3.124613952996451, 3.124613952996451, 3.124613952996451, 3.124613952996451, 3.124613952996451, 3.124613952996451, 3.124613952996451, 3.124613952996451, 3.124613952996451, 3.124613952996451, 3.124613952996451, 3.124613952996451, 3.124613952996451, 3.124613952996451, 3.124613952996451, 3.124613952996451, 3.124613952996451, 3.124613952996451, 3.124613952996451, 3.124613952996451, 3.124613952996451, 3.124613952996451, 3.124613952996451, 3.124613952996451, 3.124613952996451, 3.124613952996451, 3.124613952996451, 3.124613952996451, 3.124613952996451, 3.124613952996451, 3.124613952996451, 3.124613952996451, 3.124613952996451, 3.124613952996451, 3.124613952996451, 3.124613952996451, 3.124613952996451, 3.124613952996451, 3.124613952996451, 3.1271188283510205, 3.1271188283510205, 3.1271188283510205, 3.1271188283510205, 3.1271188283510205, 3.1271188283510205, 3.1271188283510205, 3.1271188283510205, 3.1271188283510205, 3.1271188283510205, 3.1271188283510205, 3.1307571231809486, 3.1307571231809486, 3.1307571231809486, 3.1307571231809486, 3.1307571231809486, 3.1307571231809486, 3.1307571231809486, 3.1307571231809486, 3.1307571231809486, 3.1307571231809486, 3.1307571231809486, 3.1307571231809486, 3.1307571231809486, 3.1307571231809486, 3.1307571231809486, 3.1307571231809486, 3.1307571231809486, 3.1307571231809486, 3.1364244525925984, 3.1364244525925984, 3.13789917627319, 3.13789917627319, 3.13789917627319, 3.13789917627319, 3.13789917627319, 3.13789917627319, 3.13789917627319, 3.13789917627319, 3.13789917627319, 3.13789917627319, 3.13789917627319, 3.13789917627319, 3.13789917627319, 3.13789917627319, 3.13789917627319, 3.13789917627319, 3.13789917627319, 3.13789917627319, 3.13789917627319, 3.13789917627319, 3.1417905432857545, 3.1417905432857545, 3.1432628330835644, 3.1432628330835644, 3.1432628330835644, 3.1432628330835644, 3.1432628330835644, 3.1432628330835644, 3.1432628330835644, 3.1432628330835644, 3.1432628330835644, 3.1432628330835644, 3.1432628330835644, 3.1432628330835644, 3.1432628330835644, 3.1432628330835644, 3.1432628330835644, 3.1432628330835644, 3.1432628330835644, 3.1432628330835644, 3.1432628330835644, 3.1432628330835644, 3.1432628330835644, 3.1432628330835644, 3.1432628330835644, 3.1432628330835644, 3.1432628330835644, 3.1432628330835644, 3.1432628330835644, 3.1432628330835644, 3.1432628330835644, 3.1432628330835644, 3.1432628330835644, 3.1432628330835644, 3.1432628330835644, 3.1432628330835644, 3.1432628330835644, 3.1432628330835644, 3.1432628330835644, 3.1432628330835644, 3.1432628330835644, 3.1432628330835644, 3.1432628330835644, 3.1432628330835644, 3.1432628330835644, 3.1432628330835644, 3.1432628330835644, 3.1432628330835644, 3.1432628330835644, 3.1432628330835644, 3.1432628330835644, 3.1432628330835644, 3.1432628330835644, 3.1432628330835644, 3.1432628330835644, 3.1432628330835644, 3.1432628330835644, 3.1432628330835644, 3.1432628330835644, 3.1432628330835644, 3.1432628330835644, 3.1432628330835644, 3.1432628330835644, 3.1432628330835644, 3.1432628330835644, 3.1432628330835644, 3.1432628330835644, 3.1432628330835644, 3.1432628330835644, 3.1432628330835644, 3.1432628330835644, 3.1432628330835644, 3.1432628330835644, 3.1432628330835644, 3.1432628330835644, 3.1515929009625396, 3.1515929009625396, 3.1515929009625396, 3.1515929009625396, 3.1515929009625396, 3.1515929009625396, 3.1515929009625396, 3.1515929009625396, 3.1515929009625396, 3.1515929009625396, 3.1515929009625396, 3.1515929009625396, 3.1515929009625396, 3.1515929009625396, 3.1515929009625396, 3.1515929009625396, 3.1515929009625396, 3.1515929009625396, 3.1515929009625396, 3.1515929009625396, 3.1515929009625396, 3.1515929009625396, 3.1515929009625396, 3.1515929009625396, 3.1515929009625396, 3.1515929009625396]
data points:
values: [0.5053149917022333, 0.5713312483035078, 0.5713312483035078, 0.5713312483035078, 1.0240621094002509, 1.0240621094002509, 1.0240621094002509, 1.0240621094002509, 1.0240621094002509, 1.0240621094002509, 1.0240621094002509, 1.0240621094002509, 1.0240621094002509, 1.0240621094002509, 1.0240621094002509, 1.072837624087524, 1.072837624087524, 1.072837624087524, 1.072837624087524, 1.072837624087524, 1.072837624087524, 1.072837624087524, 1.072837624087524, 1.072837624087524, 1.090066625898737, 1.090066625898737, 1.090066625898737, 1.2210476612477263, 1.2210476612477263, 1.62069043904937, 1.62069043904937, 1.6524429983246258, 1.6524429983246258, 1.6524429983246258, 2.7380118954615167, 2.7380118954615167, 2.7380118954615167, 2.7380118954615167, 2.7380118954615167, 2.7380118954615167, 2.7380118954615167, 2.7380118954615167, 2.7380118954615167, 2.7380118954615167, 2.7380118954615167, 2.7380118954615167, 2.7380118954615167, 2.7380118954615167, 2.7380118954615167, 2.7380118954615167, 2.7380118954615167, 3.005641413606987, 3.005641413606987, 3.005641413606987, 3.005641413606987, 3.041664474394143, 3.041664474394143, 3.041664474394143, 3.041664474394143, 3.041664474394143, 3.041664474394143, 3.041664474394143, 3.041664474394143, 3.041664474394143, 3.103066886812714, 3.1085849341280016, 3.1085849341280016, 3.1085849341280016, 3.1085849341280016, 3.1085849341280016, 3.1085849341280016, 3.1085849341280016, 3.1085849341280016, 3.1085849341280016, 3.1085849341280016, 3.1085849341280016, 3.1246320727169823, 3.1246320727169823, 3.1246320727169823, 3.1246320727169823, 3.1246320727169823, 3.1246320727169823, 3.1246320727169823, 3.1246320727169823, 3.1246320727169823, 3.1246320727169823, 3.1246320727169823, 3.1246320727169823, 3.1246320727169823, 3.1246320727169823, 3.1246320727169823, 3.1246320727169823, 3.1246320727169823, 3.1246320727169823, 3.1246320727169823, 3.1246320727169823, 3.1246320727169823, 3.1246320727169823, 3.1246320727169823, 3.1246320727169823, 3.1246320727169823, 3.1246320727169823, 3.1246320727169823, 3.1246320727169823, 3.1246320727169823, 3.1246320727169823, 3.1246320727169823, 3.1246320727169823, 3.1246320727169823, 3.1246320727169823, 3.1246320727169823, 3.1246320727169823, 3.1246320727169823, 3.1246320727169823, 3.1246320727169823, 3.1246320727169823, 3.1246320727169823, 3.1246320727169823, 3.1246320727169823, 3.1246320727169823, 3.1246320727169823, 3.1246320727169823, 3.1246320727169823, 3.1246320727169823, 3.1246320727169823, 3.1246320727169823, 3.1246320727169823, 3.1246320727169823, 3.1246320727169823, 3.1271378628776842, 3.1271378628776842, 3.1271378628776842, 3.1271378628776842, 3.1271378628776842, 3.1271378628776842, 3.1271378628776842, 3.1271378628776842, 3.1271378628776842, 3.1271378628776842, 3.1271378628776842, 3.130769668370257, 3.130769668370257, 3.130769668370257, 3.130769668370257, 3.130769668370257, 3.130769668370257, 3.130769668370257, 3.130769668370257, 3.130769668370257, 3.130769668370257, 3.130769668370257, 3.130769668370257, 3.130769668370257, 3.130769668370257, 3.130769668370257, 3.130769668370257, 3.130769668370257, 3.130769668370257, 3.1364407175390885, 3.1364407175390885, 3.1364407175390885, 3.137914179149029, 3.137914179149029, 3.137914179149029, 3.137914179149029, 3.137914179149029, 3.137914179149029, 3.137914179149029, 3.137914179149029, 3.137914179149029, 3.137914179149029, 3.137914179149029, 3.137914179149029, 3.137914179149029, 3.137914179149029, 3.137914179149029, 3.137914179149029, 3.137914179149029, 3.137914179149029, 3.137914179149029, 3.141810942250362, 3.141810942250362, 3.141810942250362, 3.1432816492003863, 3.1432816492003863, 3.1432816492003863, 3.1432816492003863, 3.1432816492003863, 3.1432816492003863, 3.1432816492003863, 3.1432816492003863, 3.1432816492003863, 3.1432816492003863, 3.1432816492003863, 3.1432816492003863, 3.1432816492003863, 3.1432816492003863, 3.1432816492003863, 3.1432816492003863, 3.1432816492003863, 3.1432816492003863, 3.1432816492003863, 3.1432816492003863, 3.1432816492003863, 3.1432816492003863, 3.1432816492003863, 3.1432816492003863, 3.1432816492003863, 3.1432816492003863, 3.1432816492003863, 3.1432816492003863, 3.1432816492003863, 3.1432816492003863, 3.1432816492003863, 3.1432816492003863, 3.1432816492003863, 3.1432816492003863, 3.1432816492003863, 3.1432816492003863, 3.1432816492003863, 3.1432816492003863, 3.1432816492003863, 3.1432816492003863, 3.1432816492003863, 3.1432816492003863, 3.1432816492003863, 3.1432816492003863, 3.1432816492003863, 3.1432816492003863, 3.1432816492003863, 3.1432816492003863, 3.1432816492003863, 3.1432816492003863, 3.1432816492003863, 3.1432816492003863, 3.1432816492003863, 3.1432816492003863, 3.1432816492003863, 3.1432816492003863, 3.1432816492003863, 3.1432816492003863, 3.1432816492003863, 3.1432816492003863, 3.1432816492003863, 3.1432816492003863, 3.1432816492003863, 3.1432816492003863, 3.1432816492003863, 3.1432816492003863, 3.1432816492003863, 3.1432816492003863, 3.1432816492003863, 3.1432816492003863, 3.1432816492003863, 3.1432816492003863, 3.151611598018174, 3.151611598018174, 3.151611598018174, 3.151611598018174, 3.151611598018174, 3.151611598018174, 3.151611598018174, 3.151611598018174, 3.151611598018174, 3.151611598018174, 3.151611598018174, 3.151611598018174, 3.151611598018174, 3.151611598018174, 3.151611598018174, 3.151611598018174, 3.151611598018174, 3.151611598018174, 3.151611598018174, 3.151611598018174, 3.151611598018174, 3.151611598018174, 3.151611598018174, 3.151611598018174, 3.151611598018174, 3.151611598018174]
Done!
opt_val: 3.15161159802
