('generated stochastic delays:', [array([ 2, 11,  5, ...,  2,  3,  1])])
('test function', 'Hartmann6')
('opt_fidel_cost:', 1.0)
Running Experiment1: 
('total budget:', 600)
Auto Init: 
C: 0.008422546129901821
nu: 0.008422546129901821
Budget Remaining: 591.991016865
Number of MFHOO Instances: 3
Budget per MFHOO Instance:196.330338955
number of HOO: 3
Running SOO number: 1 rho: 0.95 nu: 0.008422546129901821
delay_type: DHOO
policy: UCB1
[0.21875 0.15625 0.53125 0.28125 0.3125  0.6875 ]
final iterations:35900440
final HOO number of nodes:177
final HOO height:28
final duration:196
final optimal value:3.252385 
time durations: [0.0011289119720458984, 4.009202003479004, 4.0097198486328125, 4.010717868804932, 4.011945962905884, 8.02280592918396, 8.023293018341064, 8.023613929748535, 12.034525871276855, 12.04336404800415, 16.0399808883667, 16.068608045578003, 20.045639038085938, 20.046591997146606, 20.079200983047485, 24.050293922424316, 24.05082392692566, 28.065147876739502, 32.06947207450867, 36.081323862075806, 36.081713914871216, 40.0857470035553, 44.08727407455444, 48.093276023864746, 48.09473991394043, 52.10079598426819, 56.107282876968384, 56.12494492530823, 56.12577700614929, 60.13804793357849, 60.138733863830566, 64.15431904792786, 68.15821385383606, 68.15918684005737, 68.16008996963501, 72.17729687690735, 76.19088697433472, 76.19175386428833, 80.1966860294342, 80.19768500328064, 84.21004891395569, 84.21129703521729, 88.22890400886536, 92.23865604400635, 92.23965787887573, 96.25121903419495, 100.26302194595337, 100.26425004005432, 104.27332305908203, 104.27447700500488, 104.27554702758789, 108.28869199752808, 108.29031085968018, 112.30011200904846, 112.30122303962708, 116.31656789779663, 116.31789803504944, 120.34005689620972, 124.3509030342102, 124.35234498977661, 128.380872964859, 132.3898470401764, 132.3914818763733, 136.41093587875366, 136.41232204437256, 140.4243459701538, 140.42559099197388, 144.44795894622803, 144.44900584220886, 148.4735209941864, 148.4748239517212, 152.48338890075684, 156.5007128715515, 156.50220894813538, 160.520663022995, 160.52226185798645, 164.54018807411194, 164.54230284690857, 168.5604898929596, 168.56209993362427, 172.5743110179901, 172.57644987106323, 176.59172892570496, 180.6015980243683, 180.60309886932373, 184.6171839237213, 188.62363386154175, 188.627014875412, 192.64105486869812, 192.6426329612732]
noisy values: [0.4993653078584064, 0.568923612459111, 0.568923612459111, 0.568923612459111, 0.568923612459111, 0.7660402793014575, 0.7660402793014575, 0.7660402793014575, 0.7660402793014575, 1.1107885039128729, 1.1107885039128729, 1.1107885039128729, 1.1107885039128729, 1.1107885039128729, 1.4671790353113117, 1.4675117244470637, 1.4675117244470637, 2.5670638740591136, 2.5670638740591136, 2.5670638740591136, 2.5670638740591136, 2.5670638740591136, 2.5670638740591136, 2.5670638740591136, 2.5670638740591136, 2.6673931935438313, 2.6673931935438313, 2.6673931935438313, 2.6673931935438313, 2.6673931935438313, 2.6673931935438313, 2.6673931935438313, 2.6673931935438313, 2.6673931935438313, 2.6673931935438313, 2.6673931935438313, 2.6673931935438313, 2.6673931935438313, 2.6673931935438313, 2.6673931935438313, 2.6673931935438313, 2.6673931935438313, 2.6673931935438313, 2.6673931935438313, 2.6673931935438313, 2.6673931935438313, 2.738350640026376, 2.738350640026376, 2.9690896394242645, 2.9690896394242645, 2.9690896394242645, 3.1425272531084905, 3.1425272531084905, 3.1425272531084905, 3.1425272531084905, 3.155972037661354, 3.155972037661354, 3.155972037661354, 3.155972037661354, 3.155972037661354, 3.166737496328145, 3.212218070782319, 3.212218070782319, 3.212218070782319, 3.212218070782319, 3.212218070782319, 3.212218070782319, 3.212218070782319, 3.212218070782319, 3.212218070782319, 3.212218070782319, 3.212218070782319, 3.2324022645460118, 3.2324022645460118, 3.2324022645460118, 3.2324022645460118, 3.2523852312538932, 3.2523852312538932, 3.2523852312538932, 3.2523852312538932, 3.2523852312538932, 3.2523852312538932, 3.2523852312538932, 3.2523852312538932, 3.2523852312538932, 3.2523852312538932, 3.2523852312538932, 3.2523852312538932, 3.2523852312538932, 3.2523852312538932]
data points:
values: [0.5053149917022333, 0.5713312483035078, 0.5713312483035078, 0.5713312483035078, 0.5713312483035078, 0.7809775383635229, 0.7809775383635229, 0.7809775383635229, 0.7809775383635229, 1.130099320916897, 1.130099320916897, 1.130099320916897, 1.130099320916897, 1.130099320916897, 1.4738328180263531, 1.4738328180263531, 1.4738328180263531, 2.570944516195897, 2.570944516195897, 2.570944516195897, 2.570944516195897, 2.570944516195897, 2.570944516195897, 2.570944516195897, 2.570944516195897, 2.68611968263253, 2.68611968263253, 2.68611968263253, 2.68611968263253, 2.68611968263253, 2.68611968263253, 2.68611968263253, 2.68611968263253, 2.68611968263253, 2.68611968263253, 2.68611968263253, 2.68611968263253, 2.68611968263253, 2.68611968263253, 2.68611968263253, 2.68611968263253, 2.68611968263253, 2.68611968263253, 2.68611968263253, 2.68611968263253, 2.68611968263253, 2.7552725086023404, 2.7552725086023404, 2.9876732327951183, 2.9876732327951183, 2.9876732327951183, 3.1584543034851524, 3.1584543034851524, 3.1584543034851524, 3.1584543034851524, 3.1701129990780257, 3.1701129990780257, 3.1701129990780257, 3.1701129990780257, 3.1701129990780257, 3.1789439219032727, 3.223691313942165, 3.223691313942165, 3.223691313942165, 3.223691313942165, 3.223691313942165, 3.223691313942165, 3.223691313942165, 3.223691313942165, 3.223691313942165, 3.223691313942165, 3.223691313942165, 3.244847380518144, 3.244847380518144, 3.244847380518144, 3.244847380518144, 3.2639846298841513, 3.2639846298841513, 3.2639846298841513, 3.2639846298841513, 3.2639846298841513, 3.2639846298841513, 3.2639846298841513, 3.2639846298841513, 3.2639846298841513, 3.2639846298841513, 3.2639846298841513, 3.2639846298841513, 3.2639846298841513, 3.2639846298841513]
Done!
Updating C
C: 0.011791564581862549
nu_max: 0.011791564581862549
Running SOO number: 2 rho: 0.925945462757 nu: 0.011791564581862549
delay_type: DHOO
policy: UCB1
[0.21875 0.15625 0.46875 0.28125 0.3125  0.6875 ]
final iterations:36423525
final HOO number of nodes:188
final HOO height:31
final duration:196
final optimal value:3.289906 
time durations: [0.00015306472778320312, 4.011322975158691, 4.012737989425659, 4.01308798789978, 4.015768051147461, 8.013704061508179, 8.015017032623291, 12.026575088500977, 12.02717900276184, 16.04299306869507, 20.06435799598694, 20.06476402282715, 20.071097135543823, 24.07752013206482, 24.096713066101074, 28.084063053131104, 28.13361406326294, 28.134310960769653, 32.15145397186279, 36.15668201446533, 40.17339301109314, 40.17433309555054, 44.18833518028259, 44.18946099281311, 44.19014096260071, 48.2016761302948, 48.20231008529663, 52.22304701805115, 56.23398494720459, 56.234774112701416, 60.246400117874146, 60.24745202064514, 64.25667095184326, 64.25765013694763, 64.25840497016907, 68.27187395095825, 68.27832913398743, 68.2797281742096, 72.28671312332153, 72.28754305839539, 76.29986596107483, 76.30094003677368, 80.3169801235199, 80.31757307052612, 80.31910705566406, 84.33004713058472, 84.33091115951538, 88.35053896903992, 92.36740899085999, 92.36852717399597, 96.38050103187561, 100.38511800765991, 100.3861870765686, 104.3983371257782, 104.39940094947815, 104.40050411224365, 108.41010212898254, 112.41875100135803, 112.41998314857483, 116.43130397796631, 120.44102096557617, 120.44271397590637, 120.44461703300476, 124.4550130367279, 124.45617699623108, 128.46960401535034, 128.47077298164368, 132.4828381538391, 136.50175714492798, 136.50309300422668, 140.5193591117859, 144.53277802467346, 144.53433108329773, 144.5356559753418, 148.54429411888123, 148.54559016227722, 152.57618808746338, 156.5829839706421, 156.58444213867188, 160.60830116271973, 160.61065101623535, 164.63256216049194, 164.6339659690857, 168.6499741077423, 168.65178894996643, 172.67049908638, 172.67227697372437, 176.70117616653442, 180.71318912506104, 180.7149679660797, 184.7256600856781, 184.72827315330505, 188.74279808998108, 188.74469804763794, 192.764062166214, 192.76598596572876]
noisy values: [0.4993653078584064, 0.5689845751602552, 0.7660402793014575, 0.7660402793014575, 0.7660402793014575, 1.1112774647200507, 1.1112774647200507, 1.4016062464268455, 1.4016062464268455, 1.4673475128524978, 2.5668596297361255, 2.5668596297361255, 2.5668596297361255, 2.5668596297361255, 2.5668596297361255, 2.581567118839413, 2.5818473040694476, 2.5818473040694476, 2.7623631268511284, 2.7623631268511284, 2.7623631268511284, 2.7623631268511284, 2.7623631268511284, 2.7623631268511284, 2.7623631268511284, 2.7623631268511284, 2.7623631268511284, 2.7623631268511284, 2.7623631268511284, 2.7623631268511284, 2.7623631268511284, 2.7623631268511284, 2.7623631268511284, 2.7623631268511284, 2.7623631268511284, 2.7623631268511284, 2.7623631268511284, 2.7623631268511284, 2.7623631268511284, 2.7623631268511284, 2.7623631268511284, 2.7623631268511284, 2.7623631268511284, 2.7623631268511284, 2.7623631268511284, 2.7623631268511284, 2.7623631268511284, 2.7623631268511284, 2.7623631268511284, 2.7623631268511284, 2.962482284274004, 2.962482284274004, 2.962482284274004, 3.054871780167014, 3.054871780167014, 3.054871780167014, 3.054871780167014, 3.054871780167014, 3.054871780167014, 3.054871780167014, 3.215946091734231, 3.215946091734231, 3.215946091734231, 3.215946091734231, 3.215946091734231, 3.2232526816080247, 3.2232526816080247, 3.2267548820087466, 3.2267548820087466, 3.2267548820087466, 3.2267548820087466, 3.242998265513309, 3.242998265513309, 3.242998265513309, 3.2519349809287745, 3.2519349809287745, 3.2519349809287745, 3.2519349809287745, 3.2519349809287745, 3.289905785689588, 3.289905785689588, 3.289905785689588, 3.289905785689588, 3.289905785689588, 3.289905785689588, 3.289905785689588, 3.289905785689588, 3.289905785689588, 3.289905785689588, 3.289905785689588, 3.289905785689588, 3.289905785689588, 3.289905785689588, 3.289905785689588, 3.289905785689588, 3.289905785689588]
data points:
values: [0.5053149917022333, 0.5713312483035078, 0.7809775383635229, 0.7809775383635229, 0.7809775383635229, 1.130099320916897, 1.130099320916897, 1.418667992317461, 1.418667992317461, 1.4738328180263531, 2.570944516195897, 2.570944516195897, 2.570944516195897, 2.570944516195897, 2.570944516195897, 2.585350617332081, 2.585350617332081, 2.585350617332081, 2.770850073408867, 2.770850073408867, 2.770850073408867, 2.770850073408867, 2.770850073408867, 2.770850073408867, 2.770850073408867, 2.770850073408867, 2.770850073408867, 2.770850073408867, 2.770850073408867, 2.770850073408867, 2.770850073408867, 2.770850073408867, 2.770850073408867, 2.770850073408867, 2.770850073408867, 2.770850073408867, 2.770850073408867, 2.770850073408867, 2.770850073408867, 2.770850073408867, 2.770850073408867, 2.770850073408867, 2.770850073408867, 2.770850073408867, 2.770850073408867, 2.770850073408867, 2.770850073408867, 2.770850073408867, 2.770850073408867, 2.770850073408867, 2.9693642064102828, 2.9693642064102828, 2.9693642064102828, 3.0576156415072906, 3.0576156415072906, 3.0576156415072906, 3.0576156415072906, 3.0576156415072906, 3.0576156415072906, 3.0576156415072906, 3.2218904416630685, 3.2218904416630685, 3.2218904416630685, 3.2218904416630685, 3.2218904416630685, 3.2283967857653106, 3.2283967857653106, 3.2313086643364533, 3.2313086643364533, 3.2313086643364533, 3.2313086643364533, 3.2472166186055507, 3.2472166186055507, 3.2472166186055507, 3.2562962617706552, 3.2562962617706552, 3.2562962617706552, 3.2562962617706552, 3.2562962617706552, 3.2942033771915833, 3.2942033771915833, 3.2942033771915833, 3.2942033771915833, 3.2942033771915833, 3.2942033771915833, 3.2942033771915833, 3.2942033771915833, 3.2942033771915833, 3.2942033771915833, 3.2942033771915833, 3.2942033771915833, 3.2942033771915833, 3.2942033771915833, 3.2942033771915833, 3.2942033771915833, 3.2942033771915833]
Done!
Updating C
C: 0.016508190414607566
nu_max: 0.016508190414607566
Running SOO number: 3 rho: 0.857375 nu: 0.016508190414607566
delay_type: DHOO
policy: UCB1
[0.21875 0.09375 0.53125 0.28125 0.3125  0.6875 ]
final iterations:46593273
final HOO number of nodes:163
final HOO height:24
final duration:196
final optimal value:3.223628 
time durations: [0.00014901161193847656, 4.0046470165252686, 8.015767097473145, 8.016570091247559, 12.02683711051941, 16.03983497619629, 16.04045295715332, 20.055288076400757, 24.082009077072144, 28.08906602859497, 28.090094089508057, 32.10246205329895, 36.10683012008667, 40.1142098903656, 44.118688106536865, 44.11942410469055, 48.128417015075684, 52.16305994987488, 52.164340019226074, 56.1848669052124, 56.185791015625, 60.19376611709595, 64.20732307434082, 64.20811605453491, 64.208811044693, 68.24607706069946, 68.24686908721924, 68.24738693237305, 72.25827693939209, 76.26430010795593, 76.26568102836609, 80.27890396118164, 80.27980589866638, 84.30712699890137, 84.30818891525269, 88.31358504295349, 88.31468605995178, 92.3373589515686, 92.33828902244568, 96.3707869052887, 96.37187600135803, 100.39199304580688, 104.40221309661865, 108.40856289863586, 108.40964889526367, 112.45842504501343, 112.45931911468506, 116.46521306037903, 116.48323106765747, 120.49394106864929, 120.49524903297424, 124.5054440498352, 124.50643110275269, 128.52256202697754, 132.53485298156738, 136.55224800109863, 140.5598669052124, 140.56135201454163, 144.58113288879395, 148.5937991142273, 148.5951759815216, 152.60851311683655, 152.60957407951355, 156.62995600700378, 156.63199090957642, 160.64385199546814, 160.64498591423035, 160.6465458869934, 164.66761088371277, 164.66892504692078, 168.6953420639038, 168.69681096076965, 172.71258997917175, 176.72722601890564, 176.72860503196716, 180.76800298690796, 180.76939797401428, 184.80134296417236, 184.80277705192566, 188.8221890926361, 188.82417798042297, 192.83361411094666]
noisy values: [0.4993653078584064, 0.5691583569539398, 0.7681707058751845, 0.7681707058751845, 1.1151569788316325, 1.1151569788316325, 1.1151569788316325, 1.1151569788316325, 1.4694185626278367, 2.5683700189158336, 2.5683700189158336, 2.5683700189158336, 2.5683700189158336, 2.5683700189158336, 2.5683700189158336, 2.5683700189158336, 2.5683700189158336, 2.5683700189158336, 2.5683700189158336, 2.6774438644660536, 2.6774438644660536, 2.6774438644660536, 2.6774438644660536, 2.6774438644660536, 2.6774438644660536, 2.6774438644660536, 2.6774438644660536, 2.6774438644660536, 2.6774438644660536, 2.6774438644660536, 2.6774438644660536, 2.6774438644660536, 2.6774438644660536, 2.6774438644660536, 2.6774438644660536, 2.6774438644660536, 2.6774438644660536, 2.6774438644660536, 2.6774438644660536, 2.6774438644660536, 2.6774438644660536, 2.6774438644660536, 2.6774438644660536, 2.6774438644660536, 2.6774438644660536, 2.688317779430355, 2.688317779430355, 2.688317779430355, 2.751036218816949, 2.7799132452709316, 2.7799132452709316, 2.983474538573289, 2.983474538573289, 3.1552066691993543, 3.1552066691993543, 3.1552066691993543, 3.1552066691993543, 3.1552066691993543, 3.1552066691993543, 3.1552066691993543, 3.1552066691993543, 3.1552066691993543, 3.1552066691993543, 3.1552066691993543, 3.1552066691993543, 3.1552066691993543, 3.1552066691993543, 3.1552066691993543, 3.1628860624469084, 3.1628860624469084, 3.1628860624469084, 3.1628860624469084, 3.1837450913190377, 3.2236280952518417, 3.2236280952518417, 3.2236280952518417, 3.2236280952518417, 3.2236280952518417, 3.2236280952518417, 3.2236280952518417, 3.2236280952518417, 3.2236280952518417]
data points:
values: [0.5053149917022333, 0.5713312483035078, 0.7809775383635229, 0.7809775383635229, 1.130099320916897, 1.130099320916897, 1.130099320916897, 1.130099320916897, 1.4738328180263531, 2.570944516195897, 2.570944516195897, 2.570944516195897, 2.570944516195897, 2.570944516195897, 2.570944516195897, 2.570944516195897, 2.570944516195897, 2.570944516195897, 2.570944516195897, 2.68611968263253, 2.68611968263253, 2.68611968263253, 2.68611968263253, 2.68611968263253, 2.68611968263253, 2.68611968263253, 2.68611968263253, 2.68611968263253, 2.68611968263253, 2.68611968263253, 2.68611968263253, 2.68611968263253, 2.68611968263253, 2.68611968263253, 2.68611968263253, 2.68611968263253, 2.68611968263253, 2.68611968263253, 2.68611968263253, 2.68611968263253, 2.68611968263253, 2.68611968263253, 2.68611968263253, 2.68611968263253, 2.68611968263253, 2.69241470911408, 2.69241470911408, 2.69241470911408, 2.7552725086023404, 2.7840473615046313, 2.7840473615046313, 2.9876732327951183, 2.9876732327951183, 3.1584543034851524, 3.1584543034851524, 3.1584543034851524, 3.1584543034851524, 3.1584543034851524, 3.1584543034851524, 3.1584543034851524, 3.1584543034851524, 3.1584543034851524, 3.1584543034851524, 3.1584543034851524, 3.1584543034851524, 3.1584543034851524, 3.1584543034851524, 3.1584543034851524, 3.1645236581993195, 3.1645236581993195, 3.1645236581993195, 3.1645236581993195, 3.185271403003876, 3.225020737979044, 3.225020737979044, 3.225020737979044, 3.225020737979044, 3.225020737979044, 3.225020737979044, 3.225020737979044, 3.225020737979044, 3.225020737979044]
Done!
Updating C
C: 0.02311146658045059
nu_max: 0.02311146658045059
opt_val: 3.29420337719
