('generated stochastic delays:', [array([ 2, 11,  5, ...,  2,  3,  1])])
('opt_fidel_cost:', 1.0)
Running Experiment1: 
('total budget:', 600)
Auto Init: 
C: 0.008422546129901821
nu: 0.008422546129901821
Budget Remaining: 591.99357295
Number of MFHOO Instances: 1
Budget per MFHOO Instance:590.99357295
Running SOO number: 1 rho: 0.95 nu: 0.008422546129901821
delay_type: DHOO
policy: UCBV
[0.125 0.125 0.375 0.25  0.25  0.75 ]
final iterations:58067202
final HOO number of nodes:209
final HOO height:15
final duration:3280
final optimal value:2.757384 
time durations: [0.0013201236724853516, 4.005993127822876, 8.012962102890015, 8.01461911201477, 12.017472982406616, 12.018375158309937, 16.021870136260986, 16.022279977798462, 20.044080018997192, 20.044811010360718, 24.060824155807495, 24.061537981033325, 28.07316517829895, 28.074058055877686, 32.08002209663391, 32.08078908920288, 36.091286182403564, 36.0919771194458, 40.0986750125885, 40.099725008010864, 44.10256600379944, 48.10520315170288, 48.10642409324646, 52.12469816207886, 56.13147497177124, 56.13241410255432, 60.142306089401245, 60.14305520057678, 64.16598606109619, 64.16698098182678, 68.18055605888367, 68.18188714981079, 72.18966007232666, 76.19494819641113, 76.1957471370697, 80.20307803153992, 80.2046160697937, 84.2153890132904, 84.21627306938171, 88.23166012763977, 88.23259806632996, 92.24909520149231, 92.25065016746521, 96.25484204292297, 96.25555419921875, 96.25682616233826, 100.28059697151184, 100.28205513954163, 104.28789615631104, 104.28872609138489, 108.29549598693848, 108.29697608947754, 112.31818008422852, 112.31962418556213, 116.32404398918152, 116.32544302940369, 120.33703112602234, 120.33920502662659, 120.3409070968628, 124.37338709831238, 128.38198113441467, 132.38229417800903, 132.38387203216553, 136.39210605621338, 140.3968300819397, 140.39875316619873, 144.4054000377655, 144.40728306770325, 236.710116147995, 236.7129921913147, 240.72330617904663, 240.7249481678009, 244.7427840232849, 275.17761611938477, 275.1848111152649, 279.193302154541, 279.194797039032, 279.1962261199951, 283.206915140152, 283.2084150314331, 283.20980501174927, 287.26093316078186, 287.26781702041626, 298.07925820350647, 298.0818281173706, 298.08436918258667, 302.09509801864624, 302.0968940258026, 306.1004741191864, 306.10220217704773, 318.36133909225464, 322.3666090965271, 322.3686010837555, 326.38134717941284, 326.38327407836914, 326.3853712081909, 330.4024410247803, 330.4112391471863, 366.61620712280273, 366.620805978775, 370.4680950641632, 370.4703600406647, 374.48015308380127, 374.4822120666504]
noisy values: [0.4993653078584064, 0.568923612459111, 0.7652541077718751, 0.7652541077718751, 1.1097721451231874, 1.1097721451231874, 1.1097721451231874, 1.1097721451231874, 1.1097721451231874, 1.1097721451231874, 1.1097721451231874, 1.1097721451231874, 1.1097721451231874, 1.1097721451231874, 1.1097721451231874, 1.1097721451231874, 1.4664602055997142, 1.4664602055997142, 2.5661801056873426, 2.5661801056873426, 2.5661801056873426, 2.58033396809649, 2.58033396809649, 2.7573840607053457, 2.7573840607053457, 2.7573840607053457, 2.7573840607053457, 2.7573840607053457, 2.7573840607053457, 2.7573840607053457, 2.7573840607053457, 2.7573840607053457, 2.7573840607053457, 2.7573840607053457, 2.7573840607053457, 2.7573840607053457, 2.7573840607053457, 2.7573840607053457, 2.7573840607053457, 2.7573840607053457, 2.7573840607053457, 2.7573840607053457, 2.7573840607053457, 2.7573840607053457, 2.7573840607053457, 2.7573840607053457, 2.7573840607053457, 2.7573840607053457, 2.7573840607053457, 2.7573840607053457, 2.7573840607053457, 2.7573840607053457, 2.7573840607053457, 2.7573840607053457, 2.7573840607053457, 2.7573840607053457, 2.7573840607053457, 2.7573840607053457, 2.7573840607053457, 2.7573840607053457, 2.7573840607053457, 2.7573840607053457, 2.7573840607053457, 2.7573840607053457, 2.7573840607053457, 2.7573840607053457, 2.7573840607053457, 2.7573840607053457, 2.7573840607053457, 2.7573840607053457, 2.7573840607053457, 2.7573840607053457, 2.7573840607053457, 2.7573840607053457, 2.7573840607053457, 2.7573840607053457, 2.7573840607053457, 2.7573840607053457, 2.7573840607053457, 2.7573840607053457, 2.7573840607053457, 2.7573840607053457, 2.7573840607053457, 2.7573840607053457, 2.7573840607053457, 2.7573840607053457, 2.7573840607053457, 2.7573840607053457, 2.7573840607053457, 2.7573840607053457, 2.7573840607053457, 2.7573840607053457, 2.7573840607053457, 2.7573840607053457, 2.7573840607053457, 2.7573840607053457, 2.7573840607053457, 2.7573840607053457, 2.7573840607053457, 2.7573840607053457, 2.7573840607053457, 2.7573840607053457, 2.7573840607053457, 2.7573840607053457]
data points:
values: [0.5053149917022333, 0.5713312483035078, 0.7809775383635229, 0.7809775383635229, 1.130099320916897, 1.130099320916897, 1.130099320916897, 1.130099320916897, 1.130099320916897, 1.130099320916897, 1.130099320916897, 1.130099320916897, 1.130099320916897, 1.130099320916897, 1.130099320916897, 1.130099320916897, 1.4738328180263531, 1.4738328180263531, 2.570944516195897, 2.570944516195897, 2.570944516195897, 2.585350617332081, 2.585350617332081, 2.770850073408867, 2.770850073408867, 2.770850073408867, 2.770850073408867, 2.770850073408867, 2.770850073408867, 2.770850073408867, 2.770850073408867, 2.770850073408867, 2.770850073408867, 2.770850073408867, 2.770850073408867, 2.770850073408867, 2.770850073408867, 2.770850073408867, 2.770850073408867, 2.770850073408867, 2.770850073408867, 2.770850073408867, 2.770850073408867, 2.770850073408867, 2.770850073408867, 2.770850073408867, 2.770850073408867, 2.770850073408867, 2.770850073408867, 2.770850073408867, 2.770850073408867, 2.770850073408867, 2.770850073408867, 2.770850073408867, 2.770850073408867, 2.770850073408867, 2.770850073408867, 2.770850073408867, 2.770850073408867, 2.770850073408867, 2.770850073408867, 2.770850073408867, 2.770850073408867, 2.770850073408867, 2.770850073408867, 2.770850073408867, 2.770850073408867, 2.770850073408867, 2.770850073408867, 2.770850073408867, 2.770850073408867, 2.770850073408867, 2.770850073408867, 2.770850073408867, 2.770850073408867, 2.770850073408867, 2.770850073408867, 2.770850073408867, 2.770850073408867, 2.770850073408867, 2.770850073408867, 2.770850073408867, 2.770850073408867, 2.770850073408867, 2.770850073408867, 2.770850073408867, 2.770850073408867, 2.770850073408867, 2.770850073408867, 2.770850073408867, 2.770850073408867, 2.770850073408867, 2.770850073408867, 2.770850073408867, 2.770850073408867, 2.770850073408867, 2.770850073408867, 2.770850073408867, 2.770850073408867, 2.770850073408867, 2.770850073408867, 2.770850073408867, 2.770850073408867, 2.770850073408867]
real values1: [0.5053149917022333, 0.5713312483035078, 0.7809775383635229, 0.7809775383635229, 1.130099320916897, 1.130099320916897, 1.130099320916897, 1.130099320916897, 1.130099320916897, 1.130099320916897, 1.130099320916897, 1.130099320916897, 1.130099320916897, 1.130099320916897, 1.130099320916897, 1.130099320916897, 1.4738328180263531, 1.4738328180263531, 2.570944516195897, 2.570944516195897, 2.570944516195897, 2.585350617332081, 2.585350617332081, 2.770850073408867, 2.770850073408867, 2.770850073408867, 2.770850073408867, 2.770850073408867, 2.770850073408867, 2.770850073408867, 2.770850073408867, 2.770850073408867, 2.770850073408867, 2.770850073408867, 2.770850073408867, 2.770850073408867, 2.770850073408867, 2.770850073408867, 2.770850073408867, 2.770850073408867, 2.770850073408867, 2.770850073408867, 2.770850073408867, 2.770850073408867, 2.770850073408867, 2.770850073408867, 2.770850073408867, 2.770850073408867, 2.770850073408867, 2.770850073408867, 2.770850073408867, 2.770850073408867, 2.770850073408867, 2.770850073408867, 2.770850073408867, 2.770850073408867, 2.770850073408867, 2.770850073408867, 2.770850073408867, 2.770850073408867, 2.770850073408867, 2.770850073408867, 2.770850073408867, 2.770850073408867, 2.770850073408867, 2.770850073408867, 2.770850073408867, 2.770850073408867, 2.770850073408867, 2.770850073408867, 2.770850073408867, 2.770850073408867, 2.770850073408867, 2.770850073408867, 2.770850073408867, 2.770850073408867, 2.770850073408867, 2.770850073408867, 2.770850073408867, 2.770850073408867, 2.770850073408867, 2.770850073408867, 2.770850073408867, 2.770850073408867, 2.770850073408867, 2.770850073408867, 2.770850073408867, 2.770850073408867, 2.770850073408867, 2.770850073408867, 2.770850073408867, 2.770850073408867, 2.770850073408867, 2.770850073408867, 2.770850073408867, 2.770850073408867, 2.770850073408867, 2.770850073408867, 2.770850073408867, 2.770850073408867, 2.770850073408867, 2.770850073408867, 2.770850073408867, 2.770850073408867]
real values2: [0.5053149917022333, 0.5713312483035078, 0.7809775383635229, 0.7809775383635229, 1.130099320916897, 1.130099320916897, 1.130099320916897, 1.130099320916897, 1.130099320916897, 1.130099320916897, 1.130099320916897, 1.130099320916897, 1.130099320916897, 1.130099320916897, 1.130099320916897, 1.130099320916897, 1.4738328180263531, 1.4738328180263531, 2.570944516195897, 2.570944516195897, 2.570944516195897, 2.585350617332081, 2.585350617332081, 2.770850073408867, 2.770850073408867, 2.770850073408867, 2.770850073408867, 2.770850073408867, 2.770850073408867, 2.770850073408867, 2.770850073408867, 2.770850073408867, 2.770850073408867, 2.770850073408867, 2.770850073408867, 2.770850073408867, 2.770850073408867, 2.770850073408867, 2.770850073408867, 2.770850073408867, 2.770850073408867, 2.770850073408867, 2.770850073408867, 2.770850073408867, 2.770850073408867, 2.770850073408867, 2.770850073408867, 2.770850073408867, 2.770850073408867, 2.770850073408867, 2.770850073408867, 2.770850073408867, 2.770850073408867, 2.770850073408867, 2.770850073408867, 2.770850073408867, 2.770850073408867, 2.770850073408867, 2.770850073408867, 2.770850073408867, 2.770850073408867, 2.770850073408867, 2.770850073408867, 2.770850073408867, 2.770850073408867, 2.770850073408867, 2.770850073408867, 2.770850073408867, 2.770850073408867, 2.770850073408867, 2.770850073408867, 2.770850073408867, 2.770850073408867, 2.770850073408867, 2.770850073408867, 2.770850073408867, 2.770850073408867, 2.770850073408867, 2.770850073408867, 2.770850073408867, 2.770850073408867, 2.770850073408867, 2.770850073408867, 2.770850073408867, 2.770850073408867, 2.770850073408867, 2.770850073408867, 2.770850073408867, 2.770850073408867, 2.770850073408867, 2.770850073408867, 2.770850073408867, 2.770850073408867, 2.770850073408867, 2.770850073408867, 2.770850073408867, 2.770850073408867, 2.770850073408867, 2.770850073408867, 2.770850073408867, 2.770850073408867, 2.770850073408867, 2.770850073408867, 2.770850073408867]
Done!
