('generated stochastic delays:', [array([ 2, 11,  5, ...,  2,  3,  1])])
('opt_fidel_cost:', 1.0)
Running Experiment1: 
('total budget:', 600)
Auto Init: 
C: 0.008422546129901821
nu: 0.008422546129901821
Budget Remaining: 591.994329929
Number of MFHOO Instances: 1
Budget per MFHOO Instance:590.994329929
Running SOO number: 1 rho: 0.95 nu: 0.008422546129901821
delay_type: DHOO
policy: UCBV
[0.203125 0.171875 0.484375 0.265625 0.328125 0.65625 ]
final iterations:84181902
final HOO number of nodes:565
final HOO height:31
final duration:590
final optimal value:3.291721 
time durations: [0.0010540485382080078, 4.0069849491119385, 8.011111974716187, 8.011883020401001, 12.03437614440918, 12.035108089447021, 12.03652310371399, 12.03757095336914, 16.039870977401733, 20.043219089508057, 20.044178009033203, 24.053269147872925, 24.054150104522705, 28.061023950576782, 28.06168794631958, 32.07267093658447, 32.07322692871094, 36.08698296546936, 36.0877959728241, 40.0909149646759, 40.091578006744385, 40.09231996536255, 44.09583592414856, 48.0998101234436, 52.10643792152405, 52.10704803466797, 52.10768699645996, 56.11919093132019, 60.12090301513672, 60.12186598777771, 64.12784600257874, 68.13715195655823, 68.13818192481995, 72.14743113517761, 72.14851403236389, 76.15851092338562, 76.1594889163971, 80.16547393798828, 80.1664810180664, 80.1674439907074, 84.17567014694214, 84.17709302902222, 88.17985200881958, 88.18097114562988, 92.1882381439209, 96.19730806350708, 100.20449209213257, 100.20581197738647, 104.21358609199524, 104.21534895896912, 108.22171306610107, 108.22331404685974, 112.22617197036743, 112.2272219657898, 116.24671697616577, 116.24843406677246, 120.25189113616943, 120.25324201583862, 124.2615020275116, 124.2633740901947, 124.264573097229, 128.27057814598083, 132.27645206451416, 136.2832169532776, 136.28498005867004, 140.29325795173645, 140.29503512382507, 140.30440711975098, 144.30196499824524, 144.30313801765442, 148.32088899612427, 148.32264804840088, 152.32634496688843, 156.33515000343323, 160.33951592445374, 160.34126591682434, 164.34891605377197, 164.3505301475525, 168.36262893676758, 168.3649981021881, 172.37041211128235, 172.37195205688477, 176.3800871372223, 176.38214898109436, 180.38905096054077, 180.3904230594635, 180.39240097999573, 184.40607905387878, 184.4078450202942, 188.42401909828186, 188.4257230758667, 192.43601894378662, 192.43780612945557, 196.44557213783264, 196.44818997383118, 200.45378613471985, 204.460214138031, 204.46219897270203, 208.47649812698364, 212.4840760231018, 212.48615312576294, 212.48855113983154, 216.50059914588928, 216.50262999534607, 220.5192461013794, 224.5298810005188, 224.53208303451538, 224.53396201133728, 228.53470492362976, 232.5388641357422, 232.54073810577393, 236.54933714866638, 236.5520679950714, 240.57169103622437, 240.573627948761, 244.57941913604736, 248.58840894699097, 248.59092903137207, 252.59714913368225, 256.60397005081177, 256.60583114624023, 260.61599493026733, 260.61863112449646, 264.63117814064026, 264.6335849761963, 268.64066314697266, 268.64326095581055, 272.6514370441437, 276.6648619174957, 276.6670799255371, 280.673052072525, 280.6763451099396, 280.6784551143646, 284.69034910202026, 288.69799613952637, 292.70469307899475, 292.70717096328735, 296.7170219421387, 296.7195689678192, 300.7260329723358, 300.72885608673096, 304.7409689426422, 308.74904108047485, 308.7522671222687, 312.7575669288635, 312.7600259780884, 316.7776689529419, 320.7898750305176, 320.7930769920349, 324.8046679496765, 324.8077700138092, 328.818647146225, 332.8264710903168, 332.8311140537262, 336.8409049510956, 336.8439209461212, 340.85229206085205, 340.8555121421814, 344.8623831272125, 344.8657410144806, 348.87492203712463, 348.87795996665955, 352.8823070526123, 352.8853409290314, 356.90086603164673, 360.9109220504761, 360.9140200614929, 364.92326307296753, 364.9263529777527, 368.94230008125305, 368.945436000824, 372.95163106918335, 372.954726934433, 376.9673900604248, 376.9707930088043, 380.97812700271606, 380.98051500320435, 385.0008680820465, 385.00379514694214, 389.0146920681, 389.01851892471313, 393.0278260707855, 393.03102803230286, 397.03996896743774, 397.0432469844818, 397.0467920303345, 401.05900406837463, 401.06225395202637, 405.0758011341095, 405.0792510509491, 409.0939610004425, 409.0978219509125, 413.1056499481201, 413.1097979545593, 417.1180069446564, 417.12203192710876, 421.1263859272003, 421.1306700706482, 421.1344199180603, 425.15945506095886, 425.16318106651306, 429.1734321117401, 429.17677903175354, 433.19123911857605, 433.1940760612488, 437.21072912216187, 437.21480107307434, 441.21966910362244, 441.2238459587097, 445.24277210235596, 445.2474219799042, 449.2554841041565, 449.25930309295654, 453.27674293518066, 453.2808210849762, 457.2906050682068, 461.2976870536804, 461.3025541305542, 465.3139901161194, 465.3178949356079, 469.32989501953125, 473.345027923584, 473.3493950366974, 473.3527579307556, 477.38918113708496, 477.3933789730072, 481.41312193870544, 481.41693210601807, 485.4310939311981, 485.4351749420166, 489.4425549507141, 489.446515083313, 489.45049595832825, 493.4620280265808, 497.4708309173584, 497.4756090641022, 501.48199105262756, 501.4859869480133, 505.50159311294556, 505.5057010650635, 509.51272797584534, 509.5170681476593, 509.52197194099426, 509.526358127594, 513.5394721031189, 513.5436761379242, 517.5546679496765, 521.5616309642792, 521.5680999755859, 525.5818490982056, 525.5867919921875, 529.5960330963135, 529.603119134903, 533.6119050979614, 533.6168489456177, 537.6270859241486, 537.6304860115051, 541.6415040493011, 541.6455249786377, 545.6610069274902, 545.6657040119171, 549.6740651130676, 549.6785521507263, 553.6845541000366, 553.6898670196533, 557.6967620849609, 557.701504945755, 557.7060451507568, 561.7141840457916, 561.7212500572205, 565.728285074234, 565.7371060848236, 569.7500820159912, 569.7548260688782, 573.7670769691467, 573.7718560695648, 577.7821600437164, 577.7919600009918, 581.8008711338043, 581.8061599731445, 585.8179769515991, 585.8281679153442, 589.84202003479, 589.8492591381073, 589.8593180179596]
noisy values: [0.4993653078584064, 0.568923612459111, 0.568923612459111, 0.568923612459111, 1.0203486692922166, 1.0203486692922166, 1.0203486692922166, 1.0203486692922166, 1.0203486692922166, 1.0203486692922166, 1.0203486692922166, 1.0203486692922166, 1.0203486692922166, 1.0203486692922166, 1.0203486692922166, 1.0203486692922166, 1.0203486692922166, 1.0203486692922166, 1.0203486692922166, 1.1107885039128729, 1.1107885039128729, 1.1107885039128729, 1.1107885039128729, 1.4668288362210462, 2.56641832621277, 2.56641832621277, 2.56641832621277, 2.56641832621277, 2.5805848005582694, 2.5805848005582694, 2.7580573613405215, 2.7580573613405215, 2.7580573613405215, 2.7580573613405215, 2.7580573613405215, 2.7580573613405215, 2.7580573613405215, 2.7580573613405215, 2.7580573613405215, 2.7580573613405215, 2.7580573613405215, 2.7580573613405215, 2.7580573613405215, 2.7580573613405215, 2.7580573613405215, 2.7580573613405215, 2.7580573613405215, 2.7580573613405215, 2.7580573613405215, 2.7580573613405215, 2.7580573613405215, 2.7580573613405215, 2.7580573613405215, 2.7580573613405215, 2.7580573613405215, 2.7580573613405215, 2.7580573613405215, 2.7580573613405215, 2.7580573613405215, 2.7580573613405215, 2.7580573613405215, 2.7580573613405215, 2.7580573613405215, 2.7580573613405215, 2.7580573613405215, 2.7580573613405215, 2.7580573613405215, 2.7580573613405215, 2.7580573613405215, 2.7580573613405215, 2.7580573613405215, 2.7580573613405215, 2.7580573613405215, 2.7580573613405215, 2.7580573613405215, 2.7580573613405215, 2.7580573613405215, 2.7580573613405215, 2.7580573613405215, 2.7580573613405215, 2.7580573613405215, 2.7580573613405215, 2.7580573613405215, 2.7580573613405215, 2.7580573613405215, 2.7580573613405215, 2.7580573613405215, 2.7580573613405215, 2.7580573613405215, 2.7580573613405215, 2.7580573613405215, 2.7580573613405215, 2.7580573613405215, 2.7580573613405215, 2.7580573613405215, 2.7580573613405215, 2.7580573613405215, 2.7580573613405215, 2.7580573613405215, 2.83686533959761, 2.83686533959761, 2.83686533959761, 3.014084403356725, 3.014084403356725, 3.144296909578498, 3.144296909578498, 3.144296909578498, 3.144296909578498, 3.2080335800398263, 3.2080335800398263, 3.2080335800398263, 3.21609385829686, 3.21609385829686, 3.21609385829686, 3.21609385829686, 3.21609385829686, 3.21609385829686, 3.21609385829686, 3.21609385829686, 3.21609385829686, 3.21609385829686, 3.21609385829686, 3.21609385829686, 3.21609385829686, 3.21609385829686, 3.21609385829686, 3.21609385829686, 3.21609385829686, 3.21609385829686, 3.21609385829686, 3.21609385829686, 3.21609385829686, 3.21609385829686, 3.21609385829686, 3.21609385829686, 3.21609385829686, 3.21609385829686, 3.21609385829686, 3.21609385829686, 3.21609385829686, 3.21609385829686, 3.2201346512718034, 3.2201346512718034, 3.2201346512718034, 3.2201346512718034, 3.2201346512718034, 3.2365967771340376, 3.2450313613801014, 3.2450313613801014, 3.282814612189418, 3.282814612189418, 3.282814612189418, 3.282814612189418, 3.282814612189418, 3.282814612189418, 3.282814612189418, 3.282814612189418, 3.282814612189418, 3.282814612189418, 3.282814612189418, 3.282814612189418, 3.282814612189418, 3.282814612189418, 3.282814612189418, 3.282814612189418, 3.282814612189418, 3.282814612189418, 3.282814612189418, 3.282814612189418, 3.282814612189418, 3.282814612189418, 3.282814612189418, 3.282814612189418, 3.282814612189418, 3.282814612189418, 3.282814612189418, 3.282814612189418, 3.282814612189418, 3.282814612189418, 3.282814612189418, 3.282814612189418, 3.282814612189418, 3.282814612189418, 3.282814612189418, 3.282814612189418, 3.282814612189418, 3.282814612189418, 3.282814612189418, 3.282814612189418, 3.282814612189418, 3.282814612189418, 3.282814612189418, 3.282814612189418, 3.282814612189418, 3.282814612189418, 3.282814612189418, 3.282814612189418, 3.282814612189418, 3.282814612189418, 3.282814612189418, 3.282814612189418, 3.282814612189418, 3.282814612189418, 3.282814612189418, 3.282814612189418, 3.282814612189418, 3.282814612189418, 3.282814612189418, 3.282814612189418, 3.282814612189418, 3.282814612189418, 3.282814612189418, 3.282814612189418, 3.282814612189418, 3.282814612189418, 3.282814612189418, 3.282814612189418, 3.282814612189418, 3.282814612189418, 3.282814612189418, 3.282814612189418, 3.282814612189418, 3.282814612189418, 3.282814612189418, 3.282814612189418, 3.282814612189418, 3.282814612189418, 3.282814612189418, 3.282814612189418, 3.282814612189418, 3.282814612189418, 3.282814612189418, 3.282814612189418, 3.282814612189418, 3.282814612189418, 3.282814612189418, 3.282814612189418, 3.282814612189418, 3.282814612189418, 3.282814612189418, 3.282814612189418, 3.282814612189418, 3.282814612189418, 3.282814612189418, 3.282814612189418, 3.282814612189418, 3.282814612189418, 3.282814612189418, 3.282814612189418, 3.282814612189418, 3.282814612189418, 3.282814612189418, 3.282814612189418, 3.282814612189418, 3.282814612189418, 3.282814612189418, 3.282814612189418, 3.282814612189418, 3.282814612189418, 3.282814612189418, 3.282814612189418, 3.282814612189418, 3.282814612189418, 3.282814612189418, 3.282814612189418, 3.282814612189418, 3.282814612189418, 3.282814612189418, 3.282814612189418, 3.282814612189418, 3.282814612189418, 3.282814612189418, 3.282814612189418, 3.282814612189418, 3.291720551079052, 3.291720551079052, 3.291720551079052, 3.291720551079052, 3.291720551079052, 3.291720551079052, 3.291720551079052, 3.291720551079052, 3.291720551079052, 3.291720551079052, 3.291720551079052]
data points:
values: [0.5053149917022333, 0.5713312483035078, 0.5713312483035078, 0.5713312483035078, 1.0240621094002509, 1.0240621094002509, 1.0240621094002509, 1.0240621094002509, 1.0240621094002509, 1.0240621094002509, 1.0240621094002509, 1.0240621094002509, 1.0240621094002509, 1.0240621094002509, 1.0240621094002509, 1.0240621094002509, 1.0240621094002509, 1.0240621094002509, 1.0240621094002509, 1.130099320916897, 1.130099320916897, 1.130099320916897, 1.130099320916897, 1.4738328180263531, 2.570944516195897, 2.570944516195897, 2.570944516195897, 2.570944516195897, 2.585350617332081, 2.585350617332081, 2.770850073408867, 2.770850073408867, 2.770850073408867, 2.770850073408867, 2.770850073408867, 2.770850073408867, 2.770850073408867, 2.770850073408867, 2.770850073408867, 2.770850073408867, 2.770850073408867, 2.770850073408867, 2.770850073408867, 2.770850073408867, 2.770850073408867, 2.770850073408867, 2.770850073408867, 2.770850073408867, 2.770850073408867, 2.770850073408867, 2.770850073408867, 2.770850073408867, 2.770850073408867, 2.770850073408867, 2.770850073408867, 2.770850073408867, 2.770850073408867, 2.770850073408867, 2.770850073408867, 2.770850073408867, 2.770850073408867, 2.770850073408867, 2.770850073408867, 2.770850073408867, 2.770850073408867, 2.770850073408867, 2.770850073408867, 2.770850073408867, 2.770850073408867, 2.770850073408867, 2.770850073408867, 2.770850073408867, 2.770850073408867, 2.770850073408867, 2.770850073408867, 2.770850073408867, 2.770850073408867, 2.770850073408867, 2.770850073408867, 2.770850073408867, 2.770850073408867, 2.770850073408867, 2.770850073408867, 2.770850073408867, 2.770850073408867, 2.770850073408867, 2.770850073408867, 2.770850073408867, 2.770850073408867, 2.770850073408867, 2.770850073408867, 2.770850073408867, 2.770850073408867, 2.770850073408867, 2.770850073408867, 2.770850073408867, 2.770850073408867, 2.770850073408867, 2.770850073408867, 2.844328400982907, 2.844328400982907, 2.844328400982907, 3.0302525120593793, 3.0302525120593793, 3.1576979256995634, 3.1576979256995634, 3.1576979256995634, 3.1576979256995634, 3.2218904416630685, 3.2218904416630685, 3.2218904416630685, 3.2283967857653106, 3.2283967857653106, 3.2283967857653106, 3.2283967857653106, 3.2283967857653106, 3.2283967857653106, 3.2283967857653106, 3.2283967857653106, 3.2283967857653106, 3.2283967857653106, 3.2283967857653106, 3.2283967857653106, 3.2283967857653106, 3.2283967857653106, 3.2283967857653106, 3.2283967857653106, 3.2283967857653106, 3.2283967857653106, 3.2283967857653106, 3.2283967857653106, 3.2283967857653106, 3.2283967857653106, 3.2283967857653106, 3.2283967857653106, 3.2283967857653106, 3.2283967857653106, 3.2283967857653106, 3.2283967857653106, 3.2283967857653106, 3.2283967857653106, 3.2313086643364533, 3.2313086643364533, 3.2313086643364533, 3.2313086643364533, 3.2313086643364533, 3.2472166186055507, 3.2562962617706552, 3.2562962617706552, 3.2942033771915833, 3.2942033771915833, 3.2942033771915833, 3.2942033771915833, 3.2942033771915833, 3.2942033771915833, 3.2942033771915833, 3.2942033771915833, 3.2942033771915833, 3.2942033771915833, 3.2942033771915833, 3.2942033771915833, 3.2942033771915833, 3.2942033771915833, 3.2942033771915833, 3.2942033771915833, 3.2942033771915833, 3.2942033771915833, 3.2942033771915833, 3.2942033771915833, 3.2942033771915833, 3.2942033771915833, 3.2942033771915833, 3.2942033771915833, 3.2942033771915833, 3.2942033771915833, 3.2942033771915833, 3.2942033771915833, 3.2942033771915833, 3.2942033771915833, 3.2942033771915833, 3.2942033771915833, 3.2942033771915833, 3.2942033771915833, 3.2942033771915833, 3.2942033771915833, 3.2942033771915833, 3.2942033771915833, 3.2942033771915833, 3.2942033771915833, 3.2942033771915833, 3.2942033771915833, 3.2942033771915833, 3.2942033771915833, 3.2942033771915833, 3.2942033771915833, 3.2942033771915833, 3.2942033771915833, 3.2942033771915833, 3.2942033771915833, 3.2942033771915833, 3.2942033771915833, 3.2942033771915833, 3.2942033771915833, 3.2942033771915833, 3.2942033771915833, 3.2942033771915833, 3.2942033771915833, 3.2942033771915833, 3.2942033771915833, 3.2942033771915833, 3.2942033771915833, 3.2942033771915833, 3.2942033771915833, 3.2942033771915833, 3.2942033771915833, 3.2942033771915833, 3.2942033771915833, 3.2942033771915833, 3.2942033771915833, 3.2942033771915833, 3.2942033771915833, 3.2942033771915833, 3.2942033771915833, 3.2942033771915833, 3.2942033771915833, 3.2942033771915833, 3.2942033771915833, 3.2942033771915833, 3.2942033771915833, 3.2942033771915833, 3.2942033771915833, 3.2942033771915833, 3.2942033771915833, 3.2942033771915833, 3.2942033771915833, 3.2942033771915833, 3.2942033771915833, 3.2942033771915833, 3.2942033771915833, 3.2942033771915833, 3.2942033771915833, 3.2942033771915833, 3.2942033771915833, 3.2942033771915833, 3.2942033771915833, 3.2942033771915833, 3.2942033771915833, 3.2942033771915833, 3.2942033771915833, 3.2942033771915833, 3.2942033771915833, 3.2942033771915833, 3.2942033771915833, 3.2942033771915833, 3.2942033771915833, 3.2942033771915833, 3.2942033771915833, 3.2942033771915833, 3.2942033771915833, 3.2942033771915833, 3.2942033771915833, 3.2942033771915833, 3.2942033771915833, 3.2942033771915833, 3.2942033771915833, 3.2942033771915833, 3.2942033771915833, 3.2942033771915833, 3.2942033771915833, 3.2942033771915833, 3.2942033771915833, 3.2942033771915833, 3.2942033771915833, 3.2942033771915833, 3.301103236379013, 3.301103236379013, 3.301103236379013, 3.301103236379013, 3.301103236379013, 3.301103236379013, 3.301103236379013, 3.301103236379013, 3.301103236379013, 3.301103236379013, 3.301103236379013]
real values1: [0.5053149917022333, 0.5713312483035078, 0.5713312483035078, 0.5713312483035078, 1.0240621094002509, 1.0240621094002509, 1.0240621094002509, 1.0240621094002509, 1.0240621094002509, 1.0240621094002509, 1.0240621094002509, 1.0240621094002509, 1.0240621094002509, 1.0240621094002509, 1.0240621094002509, 1.0240621094002509, 1.0240621094002509, 1.0240621094002509, 1.0240621094002509, 1.130099320916897, 1.130099320916897, 1.130099320916897, 1.130099320916897, 1.4738328180263531, 2.570944516195897, 2.570944516195897, 2.570944516195897, 2.570944516195897, 2.585350617332081, 2.585350617332081, 2.770850073408867, 2.770850073408867, 2.770850073408867, 2.770850073408867, 2.770850073408867, 2.770850073408867, 2.770850073408867, 2.770850073408867, 2.770850073408867, 2.770850073408867, 2.770850073408867, 2.770850073408867, 2.770850073408867, 2.770850073408867, 2.770850073408867, 2.770850073408867, 2.770850073408867, 2.770850073408867, 2.770850073408867, 2.770850073408867, 2.770850073408867, 2.770850073408867, 2.770850073408867, 2.770850073408867, 2.770850073408867, 2.770850073408867, 2.770850073408867, 2.770850073408867, 2.770850073408867, 2.770850073408867, 2.770850073408867, 2.770850073408867, 2.770850073408867, 2.770850073408867, 2.770850073408867, 2.770850073408867, 2.770850073408867, 2.770850073408867, 2.770850073408867, 2.770850073408867, 2.770850073408867, 2.770850073408867, 2.770850073408867, 2.770850073408867, 2.770850073408867, 2.770850073408867, 2.770850073408867, 2.770850073408867, 2.770850073408867, 2.770850073408867, 2.770850073408867, 2.770850073408867, 2.770850073408867, 2.770850073408867, 2.770850073408867, 2.770850073408867, 2.770850073408867, 2.770850073408867, 2.770850073408867, 2.770850073408867, 2.770850073408867, 2.770850073408867, 2.770850073408867, 2.770850073408867, 2.770850073408867, 2.770850073408867, 2.770850073408867, 2.770850073408867, 2.770850073408867, 2.844328400982907, 2.844328400982907, 2.844328400982907, 3.0302525120593793, 3.0302525120593793, 3.1576979256995634, 3.1576979256995634, 3.1576979256995634, 3.1576979256995634, 3.2218904416630685, 3.2218904416630685, 3.2218904416630685, 3.2283967857653106, 3.2283967857653106, 3.2283967857653106, 3.2283967857653106, 3.2283967857653106, 3.2283967857653106, 3.2283967857653106, 3.2283967857653106, 3.2283967857653106, 3.2283967857653106, 3.2283967857653106, 3.2283967857653106, 3.2283967857653106, 3.2283967857653106, 3.2283967857653106, 3.2283967857653106, 3.2283967857653106, 3.2283967857653106, 3.2283967857653106, 3.2283967857653106, 3.2283967857653106, 3.2283967857653106, 3.2283967857653106, 3.2283967857653106, 3.2283967857653106, 3.2283967857653106, 3.2283967857653106, 3.2283967857653106, 3.2283967857653106, 3.2283967857653106, 3.2313086643364533, 3.2313086643364533, 3.2313086643364533, 3.2313086643364533, 3.2313086643364533, 3.2472166186055507, 3.2562962617706552, 3.2562962617706552, 3.2942033771915833, 3.2942033771915833, 3.2942033771915833, 3.2942033771915833, 3.2942033771915833, 3.2942033771915833, 3.2942033771915833, 3.2942033771915833, 3.2942033771915833, 3.2942033771915833, 3.2942033771915833, 3.2942033771915833, 3.2942033771915833, 3.2942033771915833, 3.2942033771915833, 3.2942033771915833, 3.2942033771915833, 3.2942033771915833, 3.2942033771915833, 3.2942033771915833, 3.2942033771915833, 3.2942033771915833, 3.2942033771915833, 3.2942033771915833, 3.2942033771915833, 3.2942033771915833, 3.2942033771915833, 3.2942033771915833, 3.2942033771915833, 3.2942033771915833, 3.2942033771915833, 3.2942033771915833, 3.2942033771915833, 3.2942033771915833, 3.2942033771915833, 3.2942033771915833, 3.2942033771915833, 3.2942033771915833, 3.2942033771915833, 3.2942033771915833, 3.2942033771915833, 3.2942033771915833, 3.2942033771915833, 3.2942033771915833, 3.2942033771915833, 3.2942033771915833, 3.2942033771915833, 3.2942033771915833, 3.2942033771915833, 3.2942033771915833, 3.2942033771915833, 3.2942033771915833, 3.2942033771915833, 3.2942033771915833, 3.2942033771915833, 3.2942033771915833, 3.2942033771915833, 3.2942033771915833, 3.2942033771915833, 3.2942033771915833, 3.2942033771915833, 3.2942033771915833, 3.2942033771915833, 3.2942033771915833, 3.2942033771915833, 3.2942033771915833, 3.2942033771915833, 3.2942033771915833, 3.2942033771915833, 3.2942033771915833, 3.2942033771915833, 3.2942033771915833, 3.2942033771915833, 3.2942033771915833, 3.2942033771915833, 3.2942033771915833, 3.2942033771915833, 3.2942033771915833, 3.2942033771915833, 3.2942033771915833, 3.2942033771915833, 3.2942033771915833, 3.2942033771915833, 3.2942033771915833, 3.2942033771915833, 3.2942033771915833, 3.2942033771915833, 3.2942033771915833, 3.2942033771915833, 3.2942033771915833, 3.2942033771915833, 3.2942033771915833, 3.2942033771915833, 3.2942033771915833, 3.2942033771915833, 3.2942033771915833, 3.2942033771915833, 3.2942033771915833, 3.2942033771915833, 3.2942033771915833, 3.2942033771915833, 3.2942033771915833, 3.2942033771915833, 3.2942033771915833, 3.2942033771915833, 3.2942033771915833, 3.2942033771915833, 3.2942033771915833, 3.2942033771915833, 3.2942033771915833, 3.2942033771915833, 3.2942033771915833, 3.2942033771915833, 3.2942033771915833, 3.2942033771915833, 3.2942033771915833, 3.2942033771915833, 3.2942033771915833, 3.2942033771915833, 3.2942033771915833, 3.2942033771915833, 3.2942033771915833, 3.2942033771915833, 3.2942033771915833, 3.2942033771915833, 3.301103236379013, 3.301103236379013, 3.301103236379013, 3.301103236379013, 3.301103236379013, 3.301103236379013, 3.301103236379013, 3.301103236379013, 3.301103236379013, 3.301103236379013, 3.301103236379013]
real values2: [0.5053149917022333, 0.5713312483035078, 0.5713312483035078, 0.5713312483035078, 1.0240621094002509, 1.0240621094002509, 1.0240621094002509, 1.0240621094002509, 1.0240621094002509, 1.0240621094002509, 1.0240621094002509, 1.0240621094002509, 1.0240621094002509, 1.0240621094002509, 1.0240621094002509, 1.0240621094002509, 1.0240621094002509, 1.0240621094002509, 1.0240621094002509, 1.130099320916897, 1.130099320916897, 1.130099320916897, 1.130099320916897, 1.4738328180263531, 2.570944516195897, 2.570944516195897, 2.570944516195897, 2.570944516195897, 2.585350617332081, 2.585350617332081, 2.770850073408867, 2.770850073408867, 2.770850073408867, 2.770850073408867, 2.770850073408867, 2.770850073408867, 2.770850073408867, 2.770850073408867, 2.770850073408867, 2.770850073408867, 2.770850073408867, 2.770850073408867, 2.770850073408867, 2.770850073408867, 2.770850073408867, 2.770850073408867, 2.770850073408867, 2.770850073408867, 2.770850073408867, 2.770850073408867, 2.770850073408867, 2.770850073408867, 2.770850073408867, 2.770850073408867, 2.770850073408867, 2.770850073408867, 2.770850073408867, 2.770850073408867, 2.770850073408867, 2.770850073408867, 2.770850073408867, 2.770850073408867, 2.770850073408867, 2.770850073408867, 2.770850073408867, 2.770850073408867, 2.770850073408867, 2.770850073408867, 2.770850073408867, 2.770850073408867, 2.770850073408867, 2.770850073408867, 2.770850073408867, 2.770850073408867, 2.770850073408867, 2.770850073408867, 2.770850073408867, 2.770850073408867, 2.770850073408867, 2.770850073408867, 2.770850073408867, 2.770850073408867, 2.770850073408867, 2.770850073408867, 2.770850073408867, 2.770850073408867, 2.770850073408867, 2.770850073408867, 2.770850073408867, 2.770850073408867, 2.770850073408867, 2.770850073408867, 2.770850073408867, 2.770850073408867, 2.770850073408867, 2.770850073408867, 2.770850073408867, 2.770850073408867, 2.8013615797166076, 2.844328400982907, 2.844328400982907, 2.844328400982907, 3.0302525120593793, 3.0302525120593793, 3.1576979256995634, 3.1576979256995634, 3.1576979256995634, 3.1576979256995634, 3.2218904416630685, 3.2218904416630685, 3.2218904416630685, 3.2283967857653106, 3.2283967857653106, 3.2283967857653106, 3.2283967857653106, 3.2283967857653106, 3.2283967857653106, 3.2283967857653106, 3.2283967857653106, 3.2283967857653106, 3.2283967857653106, 3.2283967857653106, 3.2283967857653106, 3.2283967857653106, 3.2283967857653106, 3.2283967857653106, 3.2283967857653106, 3.2283967857653106, 3.2283967857653106, 3.2283967857653106, 3.2283967857653106, 3.2283967857653106, 3.2283967857653106, 3.2283967857653106, 3.2283967857653106, 3.2283967857653106, 3.2283967857653106, 3.2283967857653106, 3.2283967857653106, 3.2283967857653106, 3.2283967857653106, 3.2313086643364533, 3.2313086643364533, 3.2313086643364533, 3.2313086643364533, 3.2313086643364533, 3.2472166186055507, 3.2562962617706552, 3.2562962617706552, 3.2942033771915833, 3.2942033771915833, 3.2942033771915833, 3.2942033771915833, 3.2942033771915833, 3.2942033771915833, 3.2942033771915833, 3.2942033771915833, 3.2942033771915833, 3.2942033771915833, 3.2942033771915833, 3.2942033771915833, 3.2942033771915833, 3.2942033771915833, 3.2942033771915833, 3.2942033771915833, 3.2942033771915833, 3.2942033771915833, 3.2942033771915833, 3.2942033771915833, 3.2942033771915833, 3.2942033771915833, 3.2942033771915833, 3.2942033771915833, 3.2942033771915833, 3.2942033771915833, 3.2942033771915833, 3.2942033771915833, 3.2942033771915833, 3.2942033771915833, 3.2942033771915833, 3.2942033771915833, 3.2942033771915833, 3.2942033771915833, 3.2942033771915833, 3.2942033771915833, 3.2942033771915833, 3.2942033771915833, 3.2942033771915833, 3.2942033771915833, 3.2942033771915833, 3.2942033771915833, 3.2942033771915833, 3.2942033771915833, 3.2942033771915833, 3.2942033771915833, 3.2942033771915833, 3.2942033771915833, 3.2942033771915833, 3.2942033771915833, 3.2942033771915833, 3.2942033771915833, 3.2942033771915833, 3.2942033771915833, 3.2942033771915833, 3.2942033771915833, 3.2942033771915833, 3.2942033771915833, 3.2942033771915833, 3.2942033771915833, 3.2942033771915833, 3.2942033771915833, 3.2942033771915833, 3.2942033771915833, 3.2942033771915833, 3.2942033771915833, 3.2942033771915833, 3.2942033771915833, 3.2942033771915833, 3.2942033771915833, 3.2942033771915833, 3.2942033771915833, 3.2942033771915833, 3.2942033771915833, 3.2942033771915833, 3.2942033771915833, 3.2942033771915833, 3.2942033771915833, 3.2942033771915833, 3.2942033771915833, 3.2942033771915833, 3.2942033771915833, 3.2942033771915833, 3.2942033771915833, 3.2942033771915833, 3.2942033771915833, 3.2942033771915833, 3.2942033771915833, 3.2942033771915833, 3.2942033771915833, 3.2942033771915833, 3.2942033771915833, 3.2942033771915833, 3.2942033771915833, 3.2942033771915833, 3.2942033771915833, 3.2942033771915833, 3.2942033771915833, 3.2942033771915833, 3.2942033771915833, 3.2942033771915833, 3.2942033771915833, 3.2942033771915833, 3.2942033771915833, 3.2942033771915833, 3.2942033771915833, 3.2942033771915833, 3.2942033771915833, 3.2942033771915833, 3.2942033771915833, 3.2942033771915833, 3.2942033771915833, 3.2942033771915833, 3.2942033771915833, 3.2942033771915833, 3.2942033771915833, 3.2942033771915833, 3.2942033771915833, 3.2942033771915833, 3.2942033771915833, 3.2942033771915833, 3.2942033771915833, 3.2942033771915833, 3.2942033771915833, 3.2942033771915833, 3.301103236379013, 3.301103236379013, 3.301103236379013, 3.301103236379013, 3.301103236379013, 3.301103236379013, 3.301103236379013, 3.301103236379013, 3.301103236379013, 3.301103236379013, 3.301103236379013]
Done!
