('generated stochastic delays:', [array([ 2, 11,  5, ...,  2,  3,  1])])
('test function', 'Hartmann6')
('opt_fidel_cost:', 1.0)
Running Experiment1: 
('total budget:', 600)
Auto Init: 
C: 0.008422546129901821
nu: 0.008422546129901821
Budget Remaining: 591.980635881
Number of MFHOO Instances: 3
Budget per MFHOO Instance:196.326878627
number of HOO: 3
Running SOO number: 1 rho: 0.95 nu: 0.008422546129901821
delay_type: DHOO
policy: UCB1
[0.21875 0.09375 0.53125 0.28125 0.3125  0.6875 ]
final iterations:45255690
final HOO number of nodes:165
final HOO height:26
final duration:196
final optimal value:3.212381 
time durations: [0.0015120506286621094, 4.01185417175293, 8.02128005027771, 8.022181987762451, 12.029406070709229, 16.044535160064697, 20.05376100540161, 24.05750608444214, 24.057837963104248, 28.079040050506592, 32.09485602378845, 36.10361099243164, 40.1133451461792, 40.11390995979309, 44.13025903701782, 48.14064002037048, 48.14232397079468, 52.1573920249939, 56.171120166778564, 56.172420024871826, 60.18096208572388, 60.181509017944336, 64.20846009254456, 64.20937204360962, 68.22861814498901, 68.2293791770935, 72.24570298194885, 72.2467851638794, 76.25823998451233, 76.25907897949219, 76.26037812232971, 80.27190613746643, 80.27254700660706, 80.27338194847107, 84.28286600112915, 84.28351211547852, 88.29604911804199, 88.29670000076294, 92.3206901550293, 92.32213115692139, 96.33566308021545, 100.34582209587097, 100.34669208526611, 104.36809206008911, 108.37776613235474, 112.3833680152893, 112.38453006744385, 116.39588809013367, 116.3974061012268, 120.41573214530945, 124.43399000167847, 124.43531513214111, 128.44726395606995, 128.4482159614563, 128.44907903671265, 132.47772812843323, 136.49172115325928, 136.49287009239197, 140.497563123703, 144.50663495063782, 144.50810718536377, 148.51471614837646, 148.51593613624573, 148.51715302467346, 152.5351049900055, 152.53640604019165, 156.55196905136108, 156.55366897583008, 160.57075810432434, 160.57272696495056, 164.5946910381317, 168.59655213356018, 168.59824299812317, 172.606201171875, 176.62307500839233, 176.62448000907898, 180.6426169872284, 180.6438820362091, 184.6494541168213, 184.65104818344116, 188.6630940437317, 188.66534900665283, 192.67496299743652, 192.6766231060028]
noisy values: [0.4993653078584064, 0.568923612459111, 0.568923612459111, 0.568923612459111, 0.7652541077718751, 1.1097721451231874, 1.1097721451231874, 1.4664602055997142, 1.4664602055997142, 2.5661801056873426, 2.5661801056873426, 2.5661801056873426, 2.5661801056873426, 2.5661801056873426, 2.6642780274773195, 2.6642780274773195, 2.6642780274773195, 2.6642780274773195, 2.6642780274773195, 2.6642780274773195, 2.6642780274773195, 2.6642780274773195, 2.6642780274773195, 2.6642780274773195, 2.6642780274773195, 2.6642780274773195, 2.6642780274773195, 2.6642780274773195, 2.6642780274773195, 2.6642780274773195, 2.6642780274773195, 2.6642780274773195, 2.6642780274773195, 2.6642780274773195, 2.6642780274773195, 2.6642780274773195, 2.6642780274773195, 2.6642780274773195, 2.6642780274773195, 2.6642780274773195, 2.6742815297757305, 2.6742815297757305, 2.6742815297757305, 2.7365225157203854, 2.9670819936030366, 3.1408066022367738, 3.1408066022367738, 3.1408066022367738, 3.1408066022367738, 3.1408066022367738, 3.1408066022367738, 3.1408066022367738, 3.1408066022367738, 3.1408066022367738, 3.1408066022367738, 3.1408066022367738, 3.1408066022367738, 3.1408066022367738, 3.1511102578750902, 3.1511102578750902, 3.1511102578750902, 3.1511102578750902, 3.1511102578750902, 3.1511102578750902, 3.1511102578750902, 3.1511102578750902, 3.1511102578750902, 3.1511102578750902, 3.1511102578750902, 3.192259176872881, 3.192259176872881, 3.212381389496036, 3.212381389496036, 3.212381389496036, 3.212381389496036, 3.212381389496036, 3.212381389496036, 3.212381389496036, 3.212381389496036, 3.212381389496036, 3.212381389496036, 3.212381389496036, 3.212381389496036, 3.212381389496036]
data points:
values: [0.5053149917022333, 0.5713312483035078, 0.5713312483035078, 0.5713312483035078, 0.7809775383635229, 1.130099320916897, 1.130099320916897, 1.4738328180263531, 1.4738328180263531, 2.570944516195897, 2.570944516195897, 2.570944516195897, 2.570944516195897, 2.570944516195897, 2.68611968263253, 2.68611968263253, 2.68611968263253, 2.68611968263253, 2.68611968263253, 2.68611968263253, 2.68611968263253, 2.68611968263253, 2.68611968263253, 2.68611968263253, 2.68611968263253, 2.68611968263253, 2.68611968263253, 2.68611968263253, 2.68611968263253, 2.68611968263253, 2.68611968263253, 2.68611968263253, 2.68611968263253, 2.68611968263253, 2.68611968263253, 2.68611968263253, 2.68611968263253, 2.68611968263253, 2.68611968263253, 2.68611968263253, 2.69241470911408, 2.69241470911408, 2.69241470911408, 2.7552725086023404, 2.9876732327951183, 3.1584543034851524, 3.1584543034851524, 3.1584543034851524, 3.1584543034851524, 3.1584543034851524, 3.1584543034851524, 3.1584543034851524, 3.1584543034851524, 3.1584543034851524, 3.1584543034851524, 3.1584543034851524, 3.1584543034851524, 3.1584543034851524, 3.1645236581993195, 3.1645236581993195, 3.1645236581993195, 3.1645236581993195, 3.1645236581993195, 3.1645236581993195, 3.1645236581993195, 3.1645236581993195, 3.1645236581993195, 3.1645236581993195, 3.1645236581993195, 3.2058200659066367, 3.2058200659066367, 3.225020737979044, 3.225020737979044, 3.225020737979044, 3.225020737979044, 3.225020737979044, 3.225020737979044, 3.225020737979044, 3.225020737979044, 3.225020737979044, 3.225020737979044, 3.225020737979044, 3.225020737979044, 3.225020737979044]
Done!
Running SOO number: 2 rho: 0.925945462757 nu: 0.008422546129901821
delay_type: DHOO
policy: UCB1
[0.21875 0.15625 0.46875 0.28125 0.3125  0.6875 ]
final iterations:40248564
final HOO number of nodes:173
final HOO height:31
final duration:196
final optimal value:3.289562 
time durations: [0.0001308917999267578, 4.00959587097168, 8.021131992340088, 8.021560907363892, 12.037589073181152, 12.03784704208374, 16.060688972473145, 16.061166048049927, 16.061779975891113, 20.073277950286865, 24.078902006149292, 28.083895921707153, 32.09786891937256, 32.09890007972717, 36.11104607582092, 40.12731695175171, 44.136817932128906, 44.13806486129761, 48.14970302581787, 52.1614089012146, 52.16253399848938, 56.204747915267944, 60.22162890434265, 60.22223496437073, 64.24421691894531, 64.24472904205322, 64.24553394317627, 68.28068900108337, 68.28230786323547, 72.28918600082397, 72.2899649143219, 76.30350399017334, 76.30429697036743, 80.31284594535828, 84.32876396179199, 84.32977890968323, 88.35570502281189, 88.35685300827026, 88.357666015625, 88.35852408409119, 92.36398792266846, 92.37953686714172, 96.3697419166565, 96.37072801589966, 96.3879759311676, 100.37992691993713, 100.38087701797485, 104.39368987083435, 108.40357995033264, 108.40558505058289, 112.41436195373535, 112.41547799110413, 116.42981600761414, 116.43137288093567, 120.45173692703247, 124.46801090240479, 128.47912907600403, 128.4805920124054, 132.48942708969116, 136.4934949874878, 136.49515390396118, 140.5037739276886, 144.51377892494202, 144.51520895957947, 148.5330069065094, 148.53428101539612, 152.55240297317505, 152.55370497703552, 156.56622791290283, 156.5673189163208, 160.59033799171448, 160.59172892570496, 164.60721492767334, 164.60902786254883, 168.61671900749207, 168.61826395988464, 172.64265704154968, 172.64416790008545, 176.6645610332489, 176.6663110256195, 180.67166590690613, 180.67334604263306, 180.674644947052, 184.68806290626526, 188.70281791687012, 188.70497298240662, 192.72204995155334, 192.7240788936615]
noisy values: [0.4993653078584064, 0.5424100031140013, 0.7660402793014575, 0.7660402793014575, 1.1112774647200507, 1.1112774647200507, 1.1112774647200507, 1.1112774647200507, 1.1112774647200507, 1.4678277791260281, 2.5671621341125945, 2.5671621341125945, 2.5671621341125945, 2.5671621341125945, 2.581567118839413, 2.760951316671455, 2.760951316671455, 2.760951316671455, 2.760951316671455, 2.760951316671455, 2.760951316671455, 2.760951316671455, 2.760951316671455, 2.760951316671455, 2.760951316671455, 2.760951316671455, 2.760951316671455, 2.760951316671455, 2.760951316671455, 2.760951316671455, 2.760951316671455, 2.760951316671455, 2.760951316671455, 2.760951316671455, 2.760951316671455, 2.760951316671455, 2.760951316671455, 2.760951316671455, 2.760951316671455, 2.760951316671455, 2.760951316671455, 2.760951316671455, 2.791594456053674, 2.791594456053674, 2.792317755876729, 2.840190896525825, 2.840190896525825, 3.021288948936127, 3.021288948936127, 3.1504565514536162, 3.1504565514536162, 3.1504565514536162, 3.1504565514536162, 3.1504565514536162, 3.2154706791954832, 3.2228412704955773, 3.2228412704955773, 3.2228412704955773, 3.2263906831908375, 3.2263906831908375, 3.2263906831908375, 3.2426608933907177, 3.2426608933907177, 3.2426608933907177, 3.2540548468042805, 3.2540548468042805, 3.2540548468042805, 3.2540548468042805, 3.2540548468042805, 3.2540548468042805, 3.289562076299844, 3.289562076299844, 3.289562076299844, 3.289562076299844, 3.289562076299844, 3.289562076299844, 3.289562076299844, 3.289562076299844, 3.289562076299844, 3.289562076299844, 3.289562076299844, 3.289562076299844, 3.289562076299844, 3.289562076299844, 3.289562076299844, 3.289562076299844, 3.289562076299844, 3.289562076299844]
data points:
values: [0.5053149917022333, 0.5471773914743525, 0.7809775383635229, 0.7809775383635229, 1.130099320916897, 1.130099320916897, 1.130099320916897, 1.130099320916897, 1.130099320916897, 1.4738328180263531, 2.570944516195897, 2.570944516195897, 2.570944516195897, 2.570944516195897, 2.585350617332081, 2.770850073408867, 2.770850073408867, 2.770850073408867, 2.770850073408867, 2.770850073408867, 2.770850073408867, 2.770850073408867, 2.770850073408867, 2.770850073408867, 2.770850073408867, 2.770850073408867, 2.770850073408867, 2.770850073408867, 2.770850073408867, 2.770850073408867, 2.770850073408867, 2.770850073408867, 2.770850073408867, 2.770850073408867, 2.770850073408867, 2.770850073408867, 2.770850073408867, 2.770850073408867, 2.770850073408867, 2.770850073408867, 2.770850073408867, 2.770850073408867, 2.8013615797166076, 2.8013615797166076, 2.8013615797166076, 2.844328400982907, 2.844328400982907, 3.0302525120593793, 3.0302525120593793, 3.1576979256995634, 3.1576979256995634, 3.1576979256995634, 3.1576979256995634, 3.1576979256995634, 3.2218904416630685, 3.2283967857653106, 3.2283967857653106, 3.2283967857653106, 3.2313086643364533, 3.2313086643364533, 3.2313086643364533, 3.2472166186055507, 3.2472166186055507, 3.2472166186055507, 3.2576560560532184, 3.2576560560532184, 3.2576560560532184, 3.2576560560532184, 3.2576560560532184, 3.2576560560532184, 3.2942033771915833, 3.2942033771915833, 3.2942033771915833, 3.2942033771915833, 3.2942033771915833, 3.2942033771915833, 3.2942033771915833, 3.2942033771915833, 3.2942033771915833, 3.2942033771915833, 3.2942033771915833, 3.2942033771915833, 3.2942033771915833, 3.2942033771915833, 3.2942033771915833, 3.2942033771915833, 3.2942033771915833, 3.2942033771915833]
Done!
Updating C
C: 0.011791564581862549
nu_max: 0.011791564581862549
Running SOO number: 3 rho: 0.857375 nu: 0.011791564581862549
delay_type: DHOO
policy: UCB1
[0.28125 0.15625 0.34375 0.28125 0.3125  0.6875 ]
final iterations:43336709
final HOO number of nodes:171
final HOO height:30
final duration:196
final optimal value:3.132526 
time durations: [0.0001289844512939453, 4.003916025161743, 4.004709005355835, 4.005536079406738, 8.016180992126465, 8.016643047332764, 8.016882181167603, 12.04781699180603, 12.04852819442749, 16.05721402168274, 20.06883406639099, 24.07886004447937, 24.07939600944519, 28.09117317199707, 32.09597420692444, 36.10403299331665, 40.11622905731201, 40.11726117134094, 44.128350019454956, 48.13596510887146, 52.14576506614685, 52.146764039993286, 56.15533900260925, 60.16645407676697, 60.16778802871704, 64.18015599250793, 64.18072319030762, 68.20531415939331, 72.21458411216736, 72.21659517288208, 76.2294750213623, 76.24107313156128, 76.24185514450073, 80.25621914863586, 80.25723218917847, 84.26924920082092, 88.28007698059082, 88.28123903274536, 92.30684399604797, 92.30780816078186, 96.32051110267639, 96.32164907455444, 100.34662008285522, 104.35564517974854, 104.35682797431946, 104.35824203491211, 108.36914920806885, 108.37012910842896, 112.3846070766449, 112.38575911521912, 116.40679216384888, 120.41888618469238, 120.42010998725891, 120.42077016830444, 124.43535709381104, 124.43668818473816, 128.45720505714417, 132.46855306625366, 132.47025203704834, 132.4715871810913, 136.49210405349731, 136.49337315559387, 140.50591206550598, 140.5069980621338, 144.52163910865784, 148.53099918365479, 152.53378701210022, 152.53521513938904, 156.54876017570496, 160.55862712860107, 160.56009006500244, 164.57111120224, 168.5832941532135, 168.5850989818573, 172.5986111164093, 176.6096270084381, 176.61137509346008, 180.62190103530884, 180.62332916259766, 184.63907599449158, 184.64060306549072, 184.6423361301422, 184.64417505264282, 188.66007804870605, 188.66180109977722, 192.6818811893463, 192.68333911895752]
noisy values: [0.4993653078584064, 0.5691583569539398, 0.5691583569539398, 0.5691583569539398, 0.5691583569539398, 0.5691583569539398, 0.5691583569539398, 1.0217217159641145, 1.0217217159641145, 1.1191153264230744, 1.1191153264230744, 1.4101312506190873, 1.4101312506190873, 1.470587934679756, 2.5690520241228865, 2.5690520241228865, 2.5690520241228865, 2.5690520241228865, 2.5837275630210006, 2.5837275630210006, 2.766918145497832, 2.766918145497832, 2.766918145497832, 2.766918145497832, 2.766918145497832, 2.766918145497832, 2.766918145497832, 2.766918145497832, 2.766918145497832, 2.766918145497832, 2.766918145497832, 2.766918145497832, 2.766918145497832, 2.766918145497832, 2.766918145497832, 2.766918145497832, 2.766918145497832, 2.766918145497832, 2.766918145497832, 2.766918145497832, 2.766918145497832, 2.766918145497832, 2.766918145497832, 2.766918145497832, 2.766918145497832, 2.766918145497832, 2.766918145497832, 2.766918145497832, 2.766918145497832, 2.766918145497832, 2.766918145497832, 2.766918145497832, 2.766918145497832, 2.766918145497832, 2.766918145497832, 2.766918145497832, 2.766918145497832, 2.766918145497832, 2.899948120971548, 2.899948120971548, 2.899948120971548, 2.899948120971548, 2.899948120971548, 2.899948120971548, 2.9831205466247805, 2.9831205466247805, 3.0009882786129496, 3.0009882786129496, 3.047006511304073, 3.047006511304073, 3.047006511304073, 3.064058105481741, 3.064058105481741, 3.1065167579940014, 3.1065167579940014, 3.1065167579940014, 3.1065167579940014, 3.1065167579940014, 3.1065167579940014, 3.1325260272351874, 3.1325260272351874, 3.1325260272351874, 3.1325260272351874, 3.1325260272351874, 3.1325260272351874, 3.1325260272351874, 3.1325260272351874]
data points:
values: [0.5053149917022333, 0.5713312483035078, 0.5713312483035078, 0.5713312483035078, 0.5713312483035078, 0.5713312483035078, 0.5713312483035078, 1.0240621094002509, 1.0240621094002509, 1.130099320916897, 1.130099320916897, 1.418667992317461, 1.418667992317461, 1.4738328180263531, 2.570944516195897, 2.570944516195897, 2.570944516195897, 2.570944516195897, 2.585350617332081, 2.585350617332081, 2.770850073408867, 2.770850073408867, 2.770850073408867, 2.770850073408867, 2.770850073408867, 2.770850073408867, 2.770850073408867, 2.770850073408867, 2.770850073408867, 2.770850073408867, 2.770850073408867, 2.770850073408867, 2.770850073408867, 2.770850073408867, 2.770850073408867, 2.770850073408867, 2.770850073408867, 2.770850073408867, 2.770850073408867, 2.770850073408867, 2.770850073408867, 2.770850073408867, 2.770850073408867, 2.770850073408867, 2.770850073408867, 2.770850073408867, 2.770850073408867, 2.770850073408867, 2.770850073408867, 2.770850073408867, 2.770850073408867, 2.770850073408867, 2.770850073408867, 2.770850073408867, 2.770850073408867, 2.770850073408867, 2.770850073408867, 2.770850073408867, 2.901083026215079, 2.901083026215079, 2.901083026215079, 2.901083026215079, 2.901083026215079, 2.901083026215079, 2.98352574739872, 2.98352574739872, 3.0013129627420407, 3.0013129627420407, 3.0473152575691853, 3.0473152575691853, 3.0473152575691853, 3.064322929750804, 3.064322929750804, 3.1068062883142664, 3.1068062883142664, 3.1068062883142664, 3.1068062883142664, 3.1068062883142664, 3.1068062883142664, 3.1327902015180857, 3.1327902015180857, 3.1327902015180857, 3.1327902015180857, 3.1327902015180857, 3.1327902015180857, 3.1327902015180857, 3.1327902015180857]
Done!
Updating C
C: 0.016508190414607566
nu_max: 0.016508190414607566
opt_val: 3.29420337719
