('generated stochastic delays:', [array([ 2, 11,  5, ...,  2,  3,  1])])
('opt_fidel_cost:', 1.0)
Running Experiment1: 
('total budget:', 600)
Auto Init: 
C: 0.008422546129901821
nu: 0.008422546129901821
Budget Remaining: 591.991955996
Number of MFHOO Instances: 1
Budget per MFHOO Instance:590.991955996
((0, 1), (0, 1), (0, 1), (0, 1), (0, 1), (0, 1))
0.499365307858
Running SOO number: 1 rho: 0.95 nu: 0.008422546129901821
delay_type: DHOO
policy: UCBV
(((0(, 01, 1)), (0, (, 0, 1)1, ()0, (0, 1, )1, ), ((0, 1), 0(0, 1, )1, (), (0, 0.5, 1), 1.0)(0.0), 
0.5422861542210.5)
)
0.568923612459
((0.0, ((0.5, 1.00.5), ), ((00, , 1), 1), ((00, , 1)1), , ((0, 1)0, , 1)(0, , (01), , 1), ((0.5, 1.00.5, )1.0)))
0.288517425788

0.765254107772
((((0.5, 1.00.5, 1.0), (0.0, 0.5), (0, )1), (0, , 1(), (0.50, 1.0, 1)), , ((0.5, 0, 1.01))
)0.417378319844, 
(0, 1), ((0, (1(0.0), , ((0.50.5, 0.5, )1.01.0)), ), (
0.1234279618550, (
1)0, (, 10, )1), (, 0, (10, )1), , (0, (01), , (0.0, 0.5))1
), 0.137050440124(0, 
1), (0.0, 0.5))
0.560187703039
((0.5, (1.0()0.5, , (0.51.0), , (1.0)0.0, , (0.5)0, , (10), 1), (0, , (1), (0, 1)0, , (1), 0.0, (0.50, )1))
, 0.212195708708(((
0.5, 0.01.0), (, 0.50.0), 0.5))
, 0.11677725096(
0(, ((0.0, 1)((0.0(, (0.5, )0.50, ), 10.5, ()(, , 0.50.0(, , 1.000.5, )), 11.0()0.5, )(, , 1.0, ()(0.0, 0, (0, 0, 0.5))1, 11
)0.11677725096, ), 
)(0(, 1, 0, (10), 1, (0)), , 1, ((00, 1, )), 1, ()0.0, (, 0.5(0.0)0.0)
, , 0.50.50.212195708708)
)))
0.383499215861

1.02034866929
((((0.00.0, (0.5(, 0.00.5)), (0.0, (0.0, , , ((0.50.5)0.5), (0, )10.0, ), 0.5), (, 0.0(, 0.5(, (0, 0.010.5), ), (01.0, 0.5), (0, , ), 1(0, )(, 0.51, , (10.5, )1.0), 1.0), , ((()00)
0, , 11.109772145121), , 
)(0.0, 1, (0.5))0)
0.303679779158, , 1
(0), , 1)(, (0.00.5, , 1.0))
0.5))
0.288786488873
0.341925366157
((0.0(, 0.5(), 0.0(, 0.50.0, 0.5), ()0.5, , (0.0, 0.5), (0.01.0, )0.5), , ((00, , 1), 1), ((0, 10), (, 0.51), , 1.0(0.5), )
1.0))
0.913026656885
0.940200441145
((0.0, 0.5((0.0, 0.5)), (, 0.0, (0.00.5), 0.5, (), 0.5, (1.00.5), , (1.0), 0.0, (0.50.5), , (0, 11.0), ), (0, (0.5, 11.0), ())0.5, 
1.01.39927189045
))
0.26587503993
((0.0, ((0.50.0, ), (0.00.5), (, 0.5)0.0, , ((0.5, 1.0)0.5(0.0, 0.5)(, ), (((0.0, , 0.50.0(0.0, 0.5, ), , 0.5(0.0, 0.5)0.5, (0.01.0)), , ), (, ((0.50.00.0, 0.5)0.0, , 0.5)0.5), ()0.5, , (, , (1.00.5, (0.0), 0.51.0), , , 0.5((0, 1.00.5), , ())1.010)), )
, 1(
2.39505964815
)0.50.359378903596, 1.0), )

(0.5, 1.00.182269813052))

1.4664602056
((0.0, 0.5), (0.0, 0.5), (0.0, 0.5)(, ((0.00.0, , 0.5), 0.5(0.0, 0.5)), , ((0.0, 0.50.5), , (0.0, 1.0))
2.56618010569
0.5), (0.0, 0.5), (0.5, 1.0), (0.5, 1.0))
0.195550636277
((0.25((0.0, 0.25), (, 0.50.0), (, 0.50.0), (, 0.0, 0.50.5), )(, 0.0(, 0.5)0.0, 0.5), (, 0.0, (0.00.5, 0.5)), , (0.0(0.5, , 1.00.5))), (
0.5, 2.48820527198
1.0))
2.40264729288
((0.0, 0.25), (0.0, 0.25)((0.0, 0.25, ), ((0.25, 0.00.5), 0.5, ()0.0, , 0.5(), 0.0, 0.5(0.0, 0.5), (0.0, )0.5, )(0.0, (, 0.50.5, 1.0), ))
(2.152280340820.5
, 1.0))
2.5803339681
(((((0.0(0.25, , 0.0, 0.5)0.25, 0.25(0.0, 0.25)), , (), ((((0.250.25, 0.50.250.0, , ), 0.50.5, )0.5), (0.0(, , 0.25), (0.0, 0.250.5), , (0.0(0.0), 0.5), (0.0, 0.50.5, ), ), (, 0.5(0.250.5(0.0, ), 1.0, )0.50.5)), )
2.49215790871(0.0, , 
(, (0.00.5, 0.50.5)), , , 1.0(()0.00.0, , 0.50.5), )
()1.9603341455, (
0.5, 0.5, 1.0)1.0))
)
2.07725887228
2.31346890579
(((0.25, (0.250.5, 0.5), ), ((0.0, 0.0, 0.250.25)), , ((0.250.0, , 0.5), (0.25)0.0, (, 0.5)0.0, 0.5), , ((0.00.0, , 0.5)0.5), , (0.5(, 1.0)0.5, )1.0)
2.29495995132
)
2.61020015329
((((0.25, 0.25, 0.50.5), (0.0), ((0.25, 0.25)(, , 0.00.5, )(, (0.250.0, 0.25), 0.25(0.0), , 0.5), (0.25, )0.0, , 0.25(0.0()0.0, , (, 0.0, 0.50.50.25))), (, 0.0(, 0.5, 0.51.0, (0.25), , 0.5(0.5)))
, , 1.78694280792
(1.0)0.0), 0.5
), (1.91067147056
0.5, 1.0))
2.15886188749
((0.25, 0.5), (0.25, 0.5), (0.25, 0.5), (0.0, 0.5), (0.0, 0.5), (0.5, 1.0))
2.18619336687
(((0.25, (((0.00.50.25, )0.25, 0.5)(, ), (0.0, (, 0.25((0.250.25)0.0, 0.25, , (), 0.0, 0.5(, )0.50.25), 0.5, , 0.25))(0.0, (, , 0.25), (0.25((0.00.00.0, 0.5, 0.5, ), 0.25)), (0.00.25, (0.0, , (0.0, ), 0.5, )0.5(, )0.0, 0.5), 0.25()0.5(0.0, , , 1.0), (0.5(, 1.00.0, 0.5)0.5))), 
, )
1.79739520195
(2.75738406071(0.50.5
, , 1.0)1.0)))
2.35429313959

1.48786336524
((((0.0, 0.25)0.0, 0.25, ), (0.0, 0.25), (0.25, 0.5), (0.25(, 0.00.5, ), (0.250.0, )0.5), (, 0.25(, 0.5, 0.5)1.0))
, 2.56187043789
(0.0, 0.25), (0.0, 0.5), (0.5, 1.0))
2.22285514262
((0.0, 0.25((0.0, )0.25, ), ((0.0, 0.00.25, ), (0.25), (0.25, 0.5), 0.25, (((0.5((0.00.0, 0.25, )0.25), 0.5), 0.25)(, , (, (0.0(0.250.00.25, , 0.25, )0.50.25), , ), (, 0.5(0.0, 0.25)(), 0.0, 0.250.0, (, (0.0)0.5, 0.25, (0.25), , 0.25(0.01.0, ))0.5), ), 0.5
(0.52.52017069554
, ), 1.0(), (0.00.5, , 0.5)
), 1.58408417938(1.0)
0.5)
, 1.83565158533
1.0))
2.21358532838
((((0.0, 0.0, 0.25), (0.0, 0.25)0.25), (, 0.0, 0.25()0.25, (, 0.25, 0.50.5)), , ((0.0((0.0, (0.25), (0.0(, 0.00.0, 0.25, )0.250.25, 0.25, )), (, (0.5)0.25, (, (0.25, 0.251.0, 0.5)0.5), ))
, 1.39050097997
0.5(, ()0.25, 0.25, (0.5, , 0.50.5)), , 1.0((0.00.25, )0.5, )0.25
2.21465402972
)), , ((0.0, 0.00.5, )0.5, (0.5, ), (1.00.5, 1.0))))

1.87036843154
2.14831003629
((((0.25((0.00.25, 0.5), (, , (0.00.250.5), (0.0), 0.25), (, , 0.25)0.0((0.25, , 0.25, , (0.250.50.5), ))0.25(, (, 0.250.25, 0.5, 0.5, ()0.50.0), , (), (0.0, 0.250.25), (, , 0.50.25(0.00.25), , , (), 0.50.5(0.0), )0.50.25, ), (, 0.5), (0.5, 0.5(0.0, 0.25(, 1.00.5, ), 1.0, 1.0))())
)1.86405869217
)0.0
2.07328327073
, 0.25
)2.43854500892
, (0.5, 1.0))
1.1760723666
((((((0.25(0.25, 0.25, (, 0.50.5)0.250.5), )0.5, , ()(0.00.0, , , 0.25, 0.25((0.00.0), , )(0.25, , (0.25, 0.5))0.25, 0.25), , 0.5((0.250.25), , , (0.5, (0.00.0)0.5, ), (0.25, 0.0), 0.25, , 0.25(), )0.0(, (0.00.250.25, (, , 0.250.5), , 0.250.5())0.0), (0.5, , ((, 0.250.50.5)(, , , 1.01.0, (1.0))((0.5))
)
0.252.04042337756, 
1.0)1.28321441631, )

(0.5)2.040423377560.25
, 0.5)
, ), 1.28321441631
(0.0(, 0.250.0, ), (0.25)0.25, , 0.5(), 0.25, (0.25, 0.5)0.5), (, 0.25(0.25, , 0.50.5)), , ((0.00.5, , 1.0)0.25)), (
2.38137895354
0.5, 1.0))
1.49832817004
((((0.25, 0.25, 0.5), 0.5()0.0, (0.0, , 0.250.25)), , (((0.25, 0.5(0.00.25((), , 0.50.0, ), (0.25, 0.250.25(0.25), 0.5), 0.5, , )()(, , 0.0(, 0.25(0.25)0.0, , 0.25, )0.5, ()(0.25, 0.25, , (0.250.50.5, ), 0.5, 0.75)0.5(, ()0.250.25)), , 
, (0.5)2.507439050610.75, 0.5, )1.0
, (())
0.250.25, , 0.51.76609277610.5)
, )(0.5, 0.75)), 
(2.66774952046
0.75, 1.0))
1.86048711241
((((0.125, 0.0, 0.250.125)), , ((0.00.0, , 0.25)0.25), (, (0.250.25, , 0.50.5), ()0.25, 0.5), (, 0.25(, 0.250.5), 0.5, (0.25), , (0.50.5, )0.75)), 
2.73382639925(
0.5, 0.75))
2.53235671325
((((0.1250.125, 0.25, 0.25)), , ((0.1250.0, , 0.250.125)), (0.25, , (0.25, 0.50.5)), , ((0.250.25, , 0.50.5), ()0.25, , 0.5()0.25, , (0.5), 0.5(, 0.5, 0.75)0.75)))
2.72394801023

2.67195823888
(((0.125(0.125, 0.25)(, 0.25), (0.0(0.0, , (, 0.00.125)0.25(, ), ((0.00.375(, , , 0.125)0.50.00.25), 0.25, ), ), ((0.25, 0.0(, (0.250.250.25, , 0.375), (, 0.5)0.5, ), )(0.25(0.25, , , 0.5(0.0, 0.50.25), , )0.250.5())0.0, , , (0.50.25), (, , 0.750.25, ((0.50.25, 0.50.25))
)2.73025192971, , 0.5), ((0.5
, )0.75, 0.75))
(0.5, 1.02.36569908137, 0.75)
)
)1.62269359579)
2.58604019222

((0.0, 0.125((0.125), , 0.25)(0.0, (0.0, , 0.250.25)), (, 0.25, 0.5), ((0.25, 0.50.0), , 0.25()0.0, (, 0.25, 0.25), (0.5)0.25, (, 0.5, 0.5), 0.75))
(2.41567461922
0.5, 0.75))
2.24691806886
((((0.00.125, , (0.1250.25()), 0.125, ((, 0.00.25)0.0, , 0.25, (0.125)0.125, , 0.25())0.25, (, (0.125, 0.5), (0.25(0.25, 0.250.5, , )(0.50.25), , , )0.5(0.0(, (0.0)0.0, , , 0.25, 0.25))(0.25, , (0.25, (0.250.5, 0.25), 0.5), 0.5)), , (0.25((, 0.250.75, (, 0.51.00.5)), , )0.5
()0.251.76603013479, , , 
0.5()0.750.5, , (0.750.75, ))1.0)
)2.36053080633)
)

1.9087396539
2.4087651583
((((0.0((0.0(((0.0, (0.00.125(, (, )0.00.125)0.1250.0, , , , , ), (0.250.125()0.0, (0.125)(0.250.1250.125, 0.25, , , (()), , 0.25(0.00.0(0.0, )0.125, )0.25(), , , , 0.25), (0.25(0.0(0.250.5(0.25)0.25, 0.25, )(, , , )0.5, (0.50.5), 0.0, ()), (0.25, (0.25, 0.250.0, , (0.250.25, 0.5), ((0.25, , 0.5), 0.250.25, 0.50.5, ()0.5, 0.0)0.5)))(0.25, , 0.25), , , (), ((, 0.250.50.0(0.25(, , (0.25, , 0.00.5), (0.25, ), 0.25, 0.0, 0.50.250.25, (, 0.5))(0.750.5)), , ), , )0.0, , ((, ((, 0.250.250.25(0.750.25), , 0.5, 0.5((1.0, 0.50.5, 0.750.5, ), (0.75)1.0), )), 0.75, 0.0)), 
1.67332198736)
), 0.25
1.0))
1.72434980241(1.76151507053)
0.25, )2.52335624262(
0.5)0.5
)
, , 0.75, ()0.5
1.1746837241()

0.5, 2.47500402244, 1.0
1.0)))
)
1.346989538
2.14464282991
((0.0, 0.25(), (0.0, 0.25), (0.0, 0.25), (0.25, (0.00.5), , (0.00.25), (0.0, 0.25), , 0.25()0.5, (0.75, )(0.0, 0.25)
(0.0), (, 1.410531877440.25
, 0.250.5)), , ((0.25, 0.0, 0.5)0.25), , ((0.00.0, 0.25(), (0.0, 0.5), (0.5, 1.0))(, 0.0, 0.25
1.52879166576)
0.25, )(0.75, 1.0, )()0.25
, 0.51.00202334965), 
(0.0, 0.25), (0.25, 0.5), (0.0, 0.5), (0.5, 1.0))
1.84306858419
(((0.0(, 0.25)0.0, , (0.250.25), , (0.5)0.25, 0.5, ()0.0, , (0.00.25), (, 0.250.0, ), 0.25(), (((0.250.00.25((0.25, , , 0.250.50.5), 0.5), (), 0.5, )(, , 0.251.0(), 0.25)
(, 1.483220428850.50.50.0
), (, )0.25, (0.25, 0.250.5)), 0.5, , )((, 0.5(, 0.0, 0.25, 0.250.5)1.0), , )(()0.0, 0.0, 
0.50.5))0.931466506949
, (, (0.50.5, 1.0), )1.0)
1.74023483997)
2.04207154846

((0.25, (0.5(), 0.25, (0.250.5), , (0.50.25), , (0.250.5, )0.5, ), ((0.0, 0.250.25, )0.5, )(, 0.0(, 0.0, 0.25)0.25, (), (0.50.25, 1.0, )0.5)
)1.08247052697
, (((0.25, 0.5, 0.5)1.0), )(
1.711989910570.0, 
0.25), (0.0, 0.25), (0.25, 0.5), (0.0, 0.25), (0.5, 1.0))
1.312917241
((0.25, 0.5), (0.0, 0.25), (0.0, 0.25), (0.25, 0.5), (0.25, 0.5), (0.5, 1.0))
2.09022621846
((0.25, ((0.250.5), (, 0.5), 0.0(0.0, 0.25), , 0.25()0.0, 0.25, ), (0.25, 0.5)(0.0, (0.0, 0.25, 0.25), (0.25), (, 0.50.5), , (0.0, 0.750.25))), 
(0.75, 1.01.37431133721
))
(0.977053608851(
0.0, 0.25)((, (0.00.0, , 0.250.25), (0.0, 0.25), ), (0.25(, 0.25, 0.5), (0.00.5, )0.25), (0.0, 0.25), (0.0, , 0.25(0.0, 0.25), ), ((0.50.75, , 0.751.0)))
1.48155598217)

1.02420862593
((((0.125, 0.0, 0.125)(0.25(), ((, 0.125(0.0, , (0.250.250.125), , )0.1250.25, (, (0.250.25, )0.125)0.5, 0.25, , ()(0.375, )0.0, , , (0.250.5))0.25, , (0.375(, 0.25()0.0, 0.25, , 0.5), (, 0.250.250.5)(, 0.25), ((, 0.00.0, 0.5, , 0.25), 0.25)(0.5, 0.5, (), 0.25, ), 0.50.75(()0.50.0, 0.25, )), ), 
((1.407192426320.50.750.5)
), 
, 0.750.75)2.785864344))
)
2.63465698026

1.51311739795
(((0.0(, 0.125), ((((0.0, 0.125(0.125, , 0.250.1250.250.125)), , ), 0.25, (()0.375, , 0.5((0.1250.1250.125, ), , , 0.250.250.25)()), 0.25, , (0.5), (0.3750.375, (, , 0.50.5)(0.25, 0.5)0.25, 0.375, )), (, 0.375((, , 0.25(0.50.25), 0.5, , 0.50.75, (0.25)0.375)))
2.58616469997, , 
(0.5)0.25, , , ((0.50.5), 0.25, , (0.5)0.75, ()0.50.5), , 
0.75)0.752.39846502521
)))
3.01323345027

2.43570874607
(((0.125(0.125, , 0.250.25)), (, (0.1250.125, 0.25, 0.25)), ((0.375, (, 0.5(0.125, 0.3750.25)), , , 0.5((0.125(0.25(, , 0.125), 0.25, )0.250.375, ()0.25(, , 0.25)(, 0.3750.375)0.25, ), 0.375), (, , 0.375(((0.3750.125, 0.5, 0.5, , 0.25))0.75, ), (()
0.250.5, , 3.20730427153
0.3750.5)0.75), ), )((
2.535482507180.25
0.25, , 0.3750.5)), , (0.5, (0.75)0.25), 
2.27080615473
0.5), (0.5, 0.75))
2.83647254689
((0.125(((, 0.25(0.1250.125), , , 0.250.25)(0.125(), (, (0.0(0.125, 0.250.0, , 0.25), 0.125), (0.3750.125), ), , (0.25, , 0.50.375)((0.125, 0.25), ), , (((0.250.375, 0.375, 0.3750.50.375), ), , , (0.250.5)(, 0.375, 0.375), (0.250.50.5, ), (0.5), (0.25, ), 0.375), (0.5, 0.25, (0.75)0.5, 0.5)), 
0.75()0.3752.44472411583
, , (0.5))
2.35034945314, (0.5
, 0.50.75, )0.75)))

2.95290501618
1.86612967868
((((0.125, 0.25)0.125, 0.25, ((()0.00.125, , 0.25), ((, 0.00.1250.0), 0.125, ), (, 0.3750.125), (0.375, (0.5), 0.250.5), , (0.375, 0.375((, 0.5)0.375(0.125, , 0.5), (0.25), ()0.3750.25, , (, 0.3750.375(, ), 0.0(, 0.5, 0.5), 0.125, (0.750.50.5), ))), 
2.50661807315(, 0.750.25
, 0.375)())0.25
1.96962963645, 0.5
), , ((0.5, 0.25, 0.750.375), ))(
0.252.2288602105, 0.5)
, (0.5, 0.75))
2.78400617839
((0.125((0.125, , 0.25), (0.125, 0.250.25), (0.375, 0.5)((0.125, )0.25, )((, 0.0(, , (0.1250.00.125, 0.25), (0.25, 0.125)), (, , 0.375(), 0.125((0.25, 0.25, 0.250.250.375)), 0.375, , , )0.375)(, (0.3750.375(0.5, , , , 0.5)(0.50.625)0.375, , ))0.5)
(, , 0.25(3.01014226597, 0.3750.375(
)0.25, 0.5, , )(0.25, 0.375, 0.375(0.5)), (, (0.625, 0.5, , 0.750.750.75))))

)3.21544633582.39985067068
)

1.83112977245
((0.1875, 0.25(), (0.125, (0.1250.25), (0.375, 0.1875), 0.5), (, (0.1250.25, , 0.3750.25), ()((0.3750.125, , , 0.5)0.25, (()((0.25, 0.125, (0.250.3750.125, , , 0.250.250.375))), ), (, (0.250.125, , (, (0.375), (0.50.3750.25, 0.5)0.5), , (, (, 0.6250.3750.3750.625), , ))0.5))0.5)
, (
, 2.988132860740.375(
, 0.50.25)3.01199048378, 
(, 0.375), 0.375(, 0.50.5, )0.75, )(0.5, )
0.752.55765883239
))
2.01086423047
((0.125, 0.25), (0.125, 0.25), (((((0.1250.375((, 0.125, 0.1250.5, 0.250.25), 0.25))), , (, , (0.125(0.375(, 0.125, 0.25, 0.125, 0.25)0.50.25), ), (, ), ((0.3750.375, (, 0.50.3750.5)0.25, 0.5, , )(), 0.25, , (0.375(0.25, )0.375)0.3750.375, , (0.375), 0.5, , 0.5((0.5)0.375, ), , 0.5, (0.6250.625), , ((0.5)0.25, )0.75, 
0.6250.3752.39838825736)))), ()
0.625

, 0.752.390876094792.53083954858)
)

2.56659728927
((((0.125, 0.1875), 0.1875, (0.125(, (0.1250.25), , 0.250.25()0.125), , , ((0.250.1250.375), , 0.5, 0.25)(, ), (0.375(, 0.250.25, 0.5, 0.375)0.375), , ), ((0.375(, 0.25, 0.3750.25, 0.5)), , ((0.25, 0.3750.5)0.375, (, )0.50.625, 0.75, )))()
0.375
, 0.53.0508827895
)2.37895120487
, (0.5, 0.625))
2.38561178827
((0.125, 0.25), (0.125, 0.25), (0.25, 0.375), (0.25, 0.375), (0.375, 0.5), (0.5, 0.75))
2.33546039772
((0.125, (0.25)(, (0.125, 0.1250.25), 0.25, (0.25), 0.375), , (0.125, (0.25)0.25, , 0.375)(0.25, , 0.375()0.25, , 0.375)(, (0.6250.25, , 0.375)0.75), (0.25)
, 0.3753.06708040658)
, (0.5, 0.625))
2.85269735128
((0.125, 0.25)(, ((0.125, 0.125, 0.25)0.25), (0.25, (, 0.375), 0.125, (0.250.25, ), (0.25, 0.375)0.375), (, (0.25, 0.375, 0.375)0.5), , (0.375, (0.5), (0.50.625, , 0.750.625))))

2.342752316262.18910622417

((0.125, (0.25(), 0.125, (0.25)((, 0.0((0.0(, 0.00.0, 0.125, , 0.125)0.125), , 0.125()(0.375), (0.3750.0, , (, 0.125, 0.5), )0.50.0, (0.25, )(0.375, , (0.5, 0.375), 0.125)0.25), , (, 0.3750.375)(0.25(, (0.25, 0.25, , 0.50.375, 0.5), )0.375), ()(0.5, (, 0.25(, 0.5, 0.50.25, )0.75))0.5, , (0.25
0.75)3.14359159294), ), 

0.5)(0.5, 2.48345677558, 
0.75()0.5, 0.75)
))2.53419704908
2.39067995211

(((0.0(, 0.0, 0.125)0.125), , ((0.00.0, 0.125, 0.125)), , (0.375, (0.3750.5, )0.5, ), ((0.25, 0.375, 0.5)0.375, ()0.25, , (0.5)0.25, , 0.5()0.5, ((, 0.75(0.1250.5), ), 0.750.25
)2.18125196651))

, (2.7423741164(0.0(
, 0.125, 0.1250.25), ()0.375, , 0.5)(, 0.0, (0.250.125, ), (0.3750.375, )0.5, )(, 0.25, (0.25, 0.375), (0.50.375, )0.625), (0.25), 
0.375), (2.950967194860.625, 0.75)
)
3.1498941007
((((0.1875, 0.125, 0.1875), 0.25(), (0.0, 0.0, 0.125)0.125, (0.375), (, 0.375, 0.50.5)), , (0.25(, 0.3750.25, )0.375), , (0.25(, 0.3750.25), , (0.375), 0.5, (0.625)0.5, )0.625
2.95294382358)
)
2.92924969247
((0.1875, 0.25((0.1875, 0.25), )(0.0625, , 0.125(0.0), , 0.0625), (0.375, 0.5), (0.375, 0.5)(, 0.25(0.25, 0.375), 0.375, ()0.25, , (0.3750.25), (, (0.375(0.50.125, ), 0.6250.25, ()(), 0.5, (()0.625
0.125, 2.89005227432))
0.00.252.99824873664, ), 

0.125)(0.0, , (0.375, 0.50.125)), , (0.25(, 0.375, 0.5), 0.375(0.25), , 0.375)(, 0.375(0.375, 0.5, )0.5), , ((0.50.625, , 0.6250.75))))
2.34191996224
2.47814773716

((0.1875, 0.25)(((0.125(, 0.125, 0.25(), , 0.0(0.1875), 0.0, 0.125)0.125()(, 0.125, (0.25, 0.375), (0.25, (0.0, , 0.25), (0.0, , 0.375(0.1250.1250.375), , 0.5), (0.25, )), ((0.3750.25, 0.25, 0.375), ((), 0.375, 0.50.25, (0.375), , )0.3750.375, ), (0.375(, 0.5(0.5, 0.25, 0.5, 0.750.375))), , ((0.50.625), , )(0.75), 0.75))0.375
, 2.994851854040.5)

), 2.47529787356
2.29155022994(
0.625
, 0.75))
2.46364660142
((((0.125, 0.1875, 0.25), (0.125, 0.1875), 0.25), (0.125(0.375((0.125, 0.5(, ), , 0.25((0.250.125), (0.25, ()0.375)(0.125, 0.25(, (, , )0.1250.250.375(0.0, , , ), (0.250.25(, 0.5), )0.00.1250.375, )(, ), (, 0.1250.0, (()0.250.25, , (, 0.625, (0.1250.3750.25), 0.0, , ), ((, 0.750.375), )0.250.250.125)0.375), , , )
0.375(0.250.375(, 3.21954654532), )(
, (0.25, 0.375, 0.250.375(0.25)0.625, ), , 0.375, 0.375)(, 0.750.25), ), , )((
0.25(0.3750.3753.19022852822, 0.375, 
, )0.3750.5, 0.5)(, ))0.5, (, , (0.5(0.25, , 0.6250.625, )0.6250.75)))0.375

2.14806187212)2.80045106101

, ))(0.625
, 0.75))2.29913494301

3.0109667917
(((0.125(0.1875, 0.25, ((), 0.1875)0.1875(, 0.0, , (0.1250.0)0.25), , (0.125)0.25, , , (0.375), ((0.1250.25, 0.18750.25, ), 0.375), , 0.375), (0.25(0.25(, , 0.375), 0.375, 0.5(0.3750.25, )), 0.375(, )(0.5, 0.25(, 0.6250.5)), 
0.625, 2.80991162197)(
)0.375)
, (0.18752.77353988821(0.25, 
, 0.375)0.25, )(, 0.625, (0.18750.75), )
0.25), 3.23603783811(
0.375, 0.5), (0.25, 0.375), (0.25, 0.375), (0.625, 0.75))
3.18287435314
((0.125, 0.1875), (0.1875((, 0.1250.25), , 0.1875), (0.375, (0.1250.5), 0.1875, ), ((0.375, 0.50.25, ), (0.25, 0.375)0.375), , ((0.25, 0.375), 0.25(0.625, 0.75, 0.375), (0.625, 0.75))
3.20647743774))

3.15409933495
((((0.1875, 0.250.125, )0.1875), , (0.125(, 0.1250.1875), , 0.1875)(0.375, , 0.5(), 0.375, (0.4375)0.25, , (0.3750.25), , (0.375), (0.25, 0.3750.25, )0.375, )(, (0.625, 0.5, 0.75)0.625))
)
3.02807188507
3.18243385501
(((0.1875, (0.250.125), (, 0.1875)0.1875, 0.25, ()0.125, (, 0.3750.1875, )0.5, ), (0.4375(0.25, , 0.3750.5), ), ((0.250.25, , 0.3750.375), (0.5, 0.625))), 
(0.25, 2.97722600926
0.375), (0.625, 0.75))
3.2180266707
(((0.1875(, 0.25)0.1875, , 0.25(0.125), 0.1875, ), (0.375(, 0.4375), 0.125(0.25, 0.1875), (0.4375, 0.5), , 0.375)(0.25, ((0.125, 0.375, (0.250.1875, 0.375)), (((0.125)0.125, , , , 0.18750.1875(0.25(), ), 0.375, 0.5, 0.625)(0.375()), 0.1875, , 
(0.50.50.25)), , (3.00469341528
, 0.375, 0.50.625()0.25, (0.25), , )0.375)0.375)
, (3.038681839010.25, 
0.375, (0.25), , 0.375(), 0.5(0.5, , 0.625))0.625
)2.95380361901
)
3.0040365723
((0.1875, 0.25(), (((0.1250.125, 0.1875(, )0.18750.125, ), , 0.1875(0.1875(, ), 0.18750.25)(, , (0.4375(0.375, (0.18750.25, 0.43750.5), (0.25, 0.375), (0.25, 0.375)), (0.375, 0.4375), (0.25, 0.375), (0.25, 0.375), (0.5, 0.625), , ), )0.25
)(2.926654624020.25(0.5
, 0.375, )0.625, (, 0.125)), 
0.18752.96831059473)
(, (0.43750.25, , 0.5)0.375, ()0.25, (, 0.375)0.625, (, 0.75)0.25), 
0.3753.21573024961)
, (0.625, 0.75))
3.24503136138
(((0.1875(0.1875, , (0.250.25), (), 0.125(0.125, (0.1875), , 0.18750.125, (()(0.1875, ()0.18750.1250.375, , (0.3750.25, )0.1875, 0.4375, ), , 0.4375()(0.18750.375), , , (0.3125, 0.43750.25(, 0.375)), 0.25, , )(0.31250.25(0.4375, , ()0.250.375, , (, 0.3750.5)), , 0.25), , (0.6250.375((, 0.250.25, ), (, 0.375)0.6250.75, 0.375, )))(0.250.75
3.12620137895, 
, (0.625)0.375)), 
3.24881945467, 0.75()0.625)
, 
0.753.12902717682)
)
3.16724617256
((((0.125, 0.18750.125), (, 0.18750.1875, )0.25, (0.1875), , (0.375, 0.25)0.4375, )(, (0.375, 0.3125, 0.43750.375), )(0.25, , (0.3125)0.25, , (0.375), 0.25(, 0.625, 0.375)0.75, )(0.625), 0.75)
3.04101964485)

3.16267779759
(((0.125, 0.1875(), 0.125, 0.1875)(0.1875, (, 0.250.1875, ), (0.25)0.375, , (0.43750.375), , (0.4375)((, 0.25, 0.1875, 0.25(0.3125))0.25, , , (0.1875(0.25, 0.31250.25), ), , (0.3125), (0.4375(0.625, 0.31250.5, , 0.375), )0.75)(0.625, (), 0.25
0.75)), (3.12390516733
0.3753.10835687368(

0.1875, 0.25), )(0.25, (, 0.3750.1875), , (0.250.625), 0.75, ()0.375)
, 0.43753.1934893862)
, (0.25, 0.375), (0.25, 0.375), (0.625, 0.75))
3.16150844005
((((0.1875, 0.18750.25, ), (0.25), 0.1875, (0.18750.25), , (0.25)0.4375, , (0.43750.5), , 0.5()0.25, , 0.3125(), 0.3125, 0.375), ((0.25, 0.25, 0.375), (0.625, 0.375), (0.625, 0.750.75))))
3.10180646767

3.2308303463
(((((0.1875, 0.25)0.1875(, 0.25()(, 0.1875, 0.1875, (, 0.25(0.18750.250.1875, ), , )0.25)0.25(, 0.125), (, 0.1875, (0.4375, )0.125, 0.5, (0.4375(0.18750.4375)), (, , , 0.50.5(0.31250.4375)), , , , 0.375(0.5)0.25, )((0.31250.3125, , 0.3125, , 0.375(0.3125)), 0.375, )0.375, )(0.25(, , , 0.25, 0.375()0.3125)0.625(0.25, , , 0.375), (0.75(0.625), 0.625, 0.75, )0.75)()))
0.625, 0.75

3.282814612193.04953192654)
)3.06377863027


3.15188600285
(((0.1875, (0.18750.25), , (0.25), (0.1250.125, 0.1875), (, 0.43750.1875), (0.4375, 0.5), , (0.50.25), , 0.3125()0.25, , (0.31250.3125), , (0.375)0.25, , 0.3125(0.625), , 0.75))
(0.6253.23015677794, 
0.75))
3.24076213993
((((0.125, 0.125, 0.18750.1875)), , ((0.125, 0.1875)0.125, (, 0.4375, 0.1875), 0.5(), (0.250.4375, 0.5), (0.3125, , 0.3125), 0.375), ((0.25, 0.375)0.25, 0.375, ), ((0.625, 0.6250.75), 0.75)))
3.25715230858

3.12460200001
((0.125, 0.1875), (0.125, 0.1875), (0.4375, 0.5), ((0.125(0.25(, ((, 0.18750.125)0.3125, , )0.1875, ((), (0.125(0.250.125, 0.1875, 0.3125, 0.125)0.1875, ), ), (0.125, (0.18750.18750.625), (), , (0.3750.4375, , 0.75, )0.43750.5)), 
(0.375(3.21419066188
)0.25, , , 0.3125(0.3125, 0.375)0.4375)), , ((0.250.25, , , (0.31250.375)0.3125, (, )0.6250.375), , 0.75)(, )(
0.253.09299118153, 
0.3750.625), (, 0.625, 0.750.75)))
3.20722505702)
3.21649876474

((0.125, 0.1875((0.125), , 0.1875(0.125, )0.1875), , (((0.3750.125, (0.1875, 0.25), 0.43750.1875, (0.1875))(, , , ((0.18750.250.375), 0.25(0.3125), , , 0.4375), (0.1875, (0.375, 0.3125, 0.375)(, 0.250.375, 0.4375())), 0.3125, (, (0.25, 0.375), 0.375(0.25(, , 0.625, 0.31250.31250.4375)), , ), ((0.31250.75, , 0.25(0.625), )0.375, 0.375
))3.03771271398, , (0.625, 0.750.75
)))(0.25
)
, 3.194184527460.375
3.05617139964
), (0.625, 0.75))
3.07343237986
((((0.1875, 0.18750.25), , 0.25)(, 0.1875, (0.1875, 0.25)0.25, ), (0.375, (0.4375), 0.375, (0.250.4375), 0.3125, )(, 0.25(0.3125, 0.3125, ), (0.375)0.25, (, 0.3125), (0.6250.625, , 0.750.75))))

3.156015558093.13747116616

((0.1875, 0.25)((0.1875, 0.25, ), (((0.1875, 0.250.1875), , (0.375(0.18750.25, 0.25), (0.125, 0.1875, )), , ((0.43750.375, 0.375, 0.4375)0.4375, (0.25, 0.3125), ()), , 0.25, ((0.25, 0.25, 0.31250.31250.3125), (0.3125)), (0.6875, , , 0.75)(0.375), )0.25(
3.08952141952
0.625, , 0.3125), (0.625, 0.68750.75)))
)3.19105358883
(
(0.1875, 0.253.17566086281), (
0.125, 0.1875), (0.375, 0.4375), (0.25, 0.3125), (0.25, 0.3125), (0.625, 0.75))
3.20992504044
((0.1875(, 0.25(0.125, 0.1875)(, )((0.125, (0.1875(0.1875), (0.1875, , , 0.1875, 0.25)(, 0.250.25)0.125(, , )(0.4375, 0.1875(0.4375), , 0.125(, , 0.3750.5, 0.5)0.18750.4375, ))), (, , (((0.3750.250.25, , 0.3125, 0.3125), , 0.43750.31250.375(0.25)), (0.3125, 0.375), ), (, (0.25, 0.3750.25, , ), 0.31250.375), )((0.625, 0.625(0.3125, , 0.75, 0.75)0.375)))
, (0.68753.07526897965
)
, 0.75()3.20592584285
0.625, 0.6875)))
3.12183702429
3.21285820098

((((((0.1250.1250.125, 0.1875), , 0.1875)((, 0.1875(, 0.1875(0.125, , 0.25), 0.25(, )0.1875, 0.43750.1875(), )0.43750.5, 0.5), , , (()(0.31250.125, 0.1875, ()0.125, 0.3125, 0.375, , ()0.18750.3750.4375, , )), ((0.50.3125, 0.25, (, )0.43750.375, (, )0.3125)0.3125, 0.5, (0.625), , , 0.3750.75)(0.625(), 0.3125(, 0.75, 0.25, )0.3750.3125
))), )
(, 3.036483430913.02547550345(0.625

, 0.3125, 0.750.375)))
3.0848707529
, (0.625, 0.75))
3.07410206392
((((0.18750.1875, , 0.25), (0.125, 0.25), 0.1875)(, 0.125, (0.375, 0.1875)0.4375), , ((0.375, 0.31250.4375, 0.375)), (, (0.3125, 0.3750.25), (0.3125, , 0.3750.3125), )(0.625, , 0.75))(
0.625, 0.75))
3.068678038263.08986982166

((((0.1875, 0.18750.25), (0.125, , 0.1875), (0.4375, 0.50.25), (), 0.3125(, 0.125, 0.3750.1875), ), ((0.43750.25, 0.3125), 0.5), (, 0.625(, 0.750.3125, )0.375))
3.11291259562
, (0.3125, 0.375), (0.625, 0.75))
3.0988740686
((0.1875((0.1875, , 0.25), (0.25)0.125, , (0.125, 0.1875)0.1875), (, 0.4375, 0.5), (0.3125, 0.375)(, 0.4375(, 0.5), (0.31250.25, 0.3125), (0.625, 0.375), 0.6875), )
(0.25, 0.3125), (0.68753.13244727473, 0.75)
)
3.04772817201
(((((0.1875(((, 0.218750.21875()0.18750.1875, (, , 0.18750.25, , (0.25()0.250.25, 0.125), ()(, )0.1250.1875, , 0.1875, (0.125(0.25)(, , 0.125, 0.1875)0.1875, 0.1875(, 0.18750.4375, )())0.25, 0.1875, , , )(0.43750.25(, , , )((0.5)0.50.4375, 0.43750.4375, (, (, )0.25, 0.31250.5, , 0.5))(0.4375)0.3125, 0.5, , (0.25, 0.5, )(), , , 0.375(0.31250.25(0.25(), , 0.3125, 0.25, ()0.3125, 0.31250.31250.25, )(0.375), , )0.31250.25(, , )0.625()(, , , , ((0.250.68750.3125, 0.25))0.31250.3125)0.625), , 0.375, , 
(3.26293745886, )(0.6875
0.31250.625)0.6875, , ), )
3.134467293750.75, 0.6875)(
(0.625)0.625, ))
3.12591768354
, 0.753.172145275960.75

)))
)
3.189752111743.17893280885

(((0.1875, (0.25)0.1875, 0.25, )(, (0.1875, 0.25), (0.43750.1875, , 0.25), (0.4375, 0.5)0.5), , ((0.25, 0.250.3125, ), 0.3125), ((0.31250.3125, , 0.3750.375)), (, (0.625, 0.6875, 0.68750.75)))
)3.2016653995

3.1100121633
((0.1875, 0.21875), (0.1875, (0.25()0.21875, (0.4375, 0.25), , (0.50.1875, ), 0.25)(0.25, , (0.4375, 0.31250.5)), (0.3125, 0.375), , (0.625(0.25, 0.3125), (0.3125, 0.375), (0.625, 0.6875), (()
3.20590551712
(0.6875(0.125, ))0.18750.1875)(
, 3.19283034043(0.1875, (
, 0.25((0.25)0.1250.1875), 0.1875, , , (0.4375(0.25), 0.1875, 0.5)(), 0.1875, (0.25, (0.1875, 0.25, )0.3125)0.25, , (0.25)0.4375, , (0.25, (0.4375)0.5, , )0.31250.5, ()0.4375, (, ), , 0.31250.5)((0.25, , 0.3750.625, (, )0.31250.75)0.3125)), (, 
0.25(3.16393943232, 0.31250.375, 
, ), 0.375(0.3125)0.25), , 0.3125, ()(0.6250.6875, (, , 0.75)0.6250.75), )
3.00092991128
)
3.15672604826
0.6875))
3.08200610478
(((0.125, 0.1875), (0.1875, (((((0.125, 0.18750.1875, 0.18750.25), 0.25), , (0.25)0.4375, )(, (0.125(, 0.125, , 0.50.18750.18750.1875)), )0.25, ), , ((, 0.25((0.375, 0.43750.375, , 0.4375), 0.43750.3125, 0.5)), (), ((, (0.250.3125, 0.3125, 0.25, , 0.375)0.31250.375)0.3125, , ))(0.25, , (, ((0.250.6250.25, 0.3125, 0.31250.3125), 0.6875), ), ), ()(0.6875(0.6875, 0.75
0.625), 3.18517986785
, 0.75))0.6875
3.09692167856))
)
3.02513163829

3.10849665512
(((0.21875(((0.1875((0.1875, , 0.18750.25, 0.25, 0.21875))), , 0.25, ((0.125)0.125(, , 0.125, , 0.18750.1875()0.125, )0.1875, ((, 0.1875)0.375, 0.4375)), , , 0.375(0.375(, (, 0.31250.4375, 0.375, 0.4375), 0.43750.375()0.25)), , , , (((0.31250.250.25, 0.3125, )0.3125, 0.3125, 0.375))(, , ()0.25, , (0.250.250.3125), , , 0.3125)0.3125, (((), 0.6875, 0.750.625(0.6250.625, , 0.6875, ))
0.6875))3.141776080620.6875))
)
)3.23027693948


3.10853991387
3.10395827698
((0.1875(, 0.21875), (((0.21875, 0.25)(0.125, 0.1250.1875, , )0.1875(0.125, ), , (0.1875()0.3750.125, (, , (0.1875)0.4375, (), (0.125, (0.375, 0.250.4375)0.1875)0.375, (0.25, 0.3125, ), 0.3125), , ((, 0.43750.25), (, 0.31250.25(0.1250.25), , , , 0.3125)(0.1875, 0.68750.3125)(, )0.25, , (, 0.68750.75, ()0.31250.75)))
0.3753.14198712673, , )(
0.4375), 
0.625(, 0.250.753.13702699576
), 0.3125)
3.17700176676)
, (0.3125, 0.375), (0.625, 0.75))
3.16115646008
((0.125, 0.1875), (0.125, 0.1875), (0.375, 0.4375)(, ((0.25, 0.125, 0.31250.1875)), , ((0.25, 0.3125)0.125, , (0.18750.625), , (0.6875)0.375, )0.4375
), 3.198020089
(0.25, 0.3125), (0.25, 0.3125), (0.6875, 0.75))
3.10883630832
((((0.125, (((0.18750.125, 0.156250.125, (0.15625), )0.1875, , )(0.1250.1875, )(, (, 0.1875(0.125), (0.1250.1250.375, , , , 0.43750.1875)0.1875), )0.1875, ), , ((0.3750.3125((, 0.3750.3750.4375, , ), 0.4375, ()0.4375), 0.3750.3125(, ), 0.25, (, 0.375(0.25, 0.31250.250.3125), 0.3125, )), (, (0.68750.25), (, 0.25, 0.3125)0.75()), , 0.25, 
(0.3125)0.31252.991512174710.625, , 
0.6875(0.625, 0.6875))), (0.625))
, 
3.075361959953.17668106575
0.6875)
)
3.21473628381
((((0.15625((0.1875, , 0.25), (0.18750.1250.1875, )0.25, 0.15625), ), (, 0.125(, 0.3750.1875(0.125, 0.1875), ), , 0.4375((0.375, ), 0.3750.4375, (0.3125), (, 0.31250.4375), , 0.375)(0.3750.3125), , , (0.375)(((0.250.25, 0.1875, (0.3125, 0.3125, 0.25)0.25), , , )((0.3125, 0.6250.6875, )(0.750.1875), , , )0.75(0.6875)
2.970956652430.25, )

0.75))3.03780072152), 
3.0077647806(0.375

, 0.4375), (0.3125, 0.375), (0.3125, 0.375), (0.625, 0.75))
3.01693437811
(((0.1875(0.1875, 0.25, 0.25)), (, (0.18750.1875, , 0.25), 0.25)(0.375, (, 0.43750.375, )0.4375), (, 0.3125, (0.3750.3125, )0.375, (), 0.25, 0.3125(0.25), (, 0.6250.3125, )0.6875, ))(0.6875
, 0.753.05574428103)
)
2.97467050569
((0.1875, 0.21875)((, 0.21875, (0.250.1875), , (0.18750.25), , (0.25)0.375, 0.4375, )(0.375, , (0.31250.4375, 0.375)), , ((0.3125, 0.25, 0.375)0.3125), (, 0.25(0.625, , 0.68750.3125)))
3.05585487969
, ((0.625, 0.6875(0.1875)), 
3.05121762640.25)
((, 0.1875(, 0.125, 0.1875)0.25), (, 0.4375(, 0.125, 0.5)0.1875, (0.25, ), (0.3125), (0.3125, 0.375), (0.4375, 0.6875, 0.50.75))
), 3.15960843422
(0.25, 0.3125), (0.3125, 0.375), (0.625, 0.6875))
3.25459093736
((((0.1875, 0.18750.21875), (0.125, , 0.1875), (0.250.4375), , (0.50.1875, ), 0.25)(0.25, (, 0.375, 0.31250.4375), )(0.3125, , 0.375)(, 0.25((((0.21875, 0.6875, 0.25(, 0.375), (0.1875, )0.75)0.1250.25, )
)3.16294341602(
0.25, , (, 0.3750.1875, 0.1875)0.25), ), (0.4375(, , (0.50.4375, 0.6250.5)), (), 0.50.25
), 0.31252.95351508153
), (, 0.3125, (0.250.375, 0.375)), , ((0.25, 0.68750.375, 0.75), ()0.5)
3.15168569388, 0.625)
)
2.98845774713
((0.1875, 0.25), (0.1875((((, 0.250.1250.125, , 0.1875)), , (0.1875(((0.1875, 0.1875, )0.250.3750.25), , , )(0.4375, 0.1875), (0.25((0.3750.1875, 0.25, , )0.31250.25), , ), (, 0.4375()(0.250.375, 0.375, , 0.4375)0.375, )0.4375(0.3125), , , ((, (0.3750.31250.5, 0.3125, 0.625)0.375), ), )0.375
)(, , 0.3125, 2.98620948211(0.250.375
), (0.25, , 0.31250.375)(, )0.625, , 0.75()(0.625, 0.5, 0.75)0.625))

)2.869766841572.98673704008
)

3.00489806495
(((0.125, 0.1875), (0.1875, (0.1875, 0.21875), (0.125, 0.18750.25(()0.125, , (0.1875)0.4375, (), 0.18750.5, , (0.25), ), (0.375(0.250.375, , 0.4375, )0.4375), , 0.3125()(0.31250.3125, 0.375, )((, (0.25, 0.31250.218750.375)), , (0.25, (0.25), , , 0.25((0.6250.31250.125, , ), 0.68750.1875), ), (0.3125))0.4375, (
3.265919144980.50.625
), , , (0.6875)0.6875(0.25), 0.75
), )
3.023392321120.3125
)2.94184184259, 
(0.25, 0.3125), (0.625, 0.6875))
3.25521128851
((0.1875, ((0.1875, 0.218750.21875), (0.125, 0.15625)), (, 0.4375, (0.156250.5), , 0.1875)(0.25, , (0.4375, 0.3125()0.5, ()0.1875, ((, 0.250.21875((, 0.25, 0.21875), 0.31250.3125, (0.250.125))), (, , 0.25, , 0.3125(0.1875)0.625)(0.125, , , 0.6875()0.1875), )(, 0.4375, 0.625(
3.2659237928
, 0.43750.5, 0.68750.5)), (, (0.25, 0.25, 0.31250.3125)), ))(, 0.25
3.26139965724
(, 0.3125)0.25, , 0.3125()0.6875, (0.6875, , 0.75))
0.753.16530471335
))
3.17438321903
((((0.21875, 0.250.21875, )0.25), , ((0.1250.15625, , 0.15625), (0.43750.1875, 0.5)), , (0.25, (0.31250.4375, )0.5), (, 0.25(, 0.31250.25, ), (0.3125), 0.6875(, (0.25(0.75, 0.31250.1875)), ), (0.68750.25, )0.75), (
0.1253.16475919908
), 0.1875), (
3.161383778650.4375
, 0.5)(, ((0.31250.1875, , 0.25), 0.375()0.125, , 0.1875(0.3125, 0.375), ), (0.4375(, 0.625, 0.5), (0.68750.3125, ))0.375), 
(3.12040064583
0.3125, 0.375), (0.6875, 0.75))
3.03194056412
((0.1875((0.21875, 0.25, ), (0.21875)0.125, 0.1875, ), ((0.4375, 0.5)0.125, , (0.18750.3125), (0.4375, 0.375, 0.5), ), (0.3125, (0.3750.3125), , 0.375(), 0.625(, 0.3125, 0.68750.375))), 
(3.11282650715(
(0.6250.21875, , (0.68750.25)()0.1875
), , 0.21875)(3.123486558880.125, 
, 0.1875()0.125, , (0.18750.375, )0.4375, )(, (0.3750.25, 0.3125, 0.4375)), , ((0.25, 0.31250.3125), , 0.375), ((0.31250.625, , 0.375)0.6875, ()0.625, )0.6875)
3.20650766729)

3.2145715731
((((0.218750.1875((0.21875, 0.25, 0.25, ()(), 0.21875, , 0.21875(0.25), )(, 0.125(, 0.15625(0.125, 0.125, 0.18750.15625), 0.1875)0.1875, ()0.375, , ()(, 0.4375, (0.3750.375, 0.4375)), 0.375, 0.4375(, ), , 0.25, (0.43750.3125)()0.25, 0.25, , (0.3125, (0.25), 0.31250.3125), (0.3125, 0.375, 0.3125)), , (0.3750.3125)(0.625, , 0.375, , ), ((0.6875(0.3125)0.6250.6875), , 
0.375, )0.750.6875)), 3.20709371515)(0.6875)


3.11624277273, 
3.2013427954
0.75))
3.12292552863
(((0.21875, 0.25), ((0.18750.125, , 0.15625)0.25), (, 0.375(0.125, , 0.4375), 0.1875(0.25), 0.3125, )((((, 0.375, 0.1875((, 0.31250.21875, 0.4375, 0.250.3750.25))), (, ), ((, 0.1250.68750.3125, (, 0.75, 0.15625, 0.3750.1875))0.1875, , )(())0.375, 
3.11662918363, (0.375, 0.31250.4375
, 0.3750.4375)), (, ), (0.3125(0.25, 0.625, 0.31250.375, )0.6875), , ))(
(0.3125, 3.088596986030.375)0.3125, 
(, 0.3750.6875, ), 0.75(0.6875, )0.75))
)
3.111355734293.00304872479

((((0.1875, ((0.250.21875, (()0.1875, 0.25, 0.21875)0.1875(), , , (0.18750.1250.25)(, 0.1875, 0.125, 0.1875()), , , 0.1875(0.25(, 0.250.3750.375)), 0.4375, , (), 0.43750.4375(0.4375), (, , 0.31250.5, , ()0.50.3125)0.375, , ), (0.25((, 0.25, 0.375), 0.31250.3125)0.3125), , , 0.375(0.25, (0.31250.3125), )(, , 0.625, (0.6875, (0.75, 0.375)0.25)0.6875, (0.625), )
), 3.12306145126
0.68750.3125)))

, 3.08949228895
(3.083239487060.625, 
0.6875))
3.21008832651
((0.21875, 0.25((0.1875, (0.25))((0.1875, 0.25(, , )((0.18750.1875, 0.1875, 0.25), (, (0.1875, 0.21875, 0.4375)0.25, 0.25), , ), (0.5(0.43750.1875), , , 0.25()(0.25, 0.31250.5, (0.4375), )(, , (0.250.31250.5, , )0.4375, 0.3750.3125(), ), , 0.31250.5(0.6875, )0.375(, 0.75, )())
0.250.3125, , , 3.116278283160.3125(0.3750.3125), , 
)(0.375, 0.25(, ), 0.6875, (0.750.6250.3125), 0.6875, ))))(

3.069948964972.98468731389

0.6875, 0.75))
3.12536844112
((((0.1875, ((0.125(0.1250.21875(, 0.21875), , , 0.1875(0.1875), 0.1875, 0.250.25(), )0.125)(, 0.1875, 0.125, (, )0.4375, 0.1875()0.1875(, 0.4375, (0.43750.25, , ), 0.50.5, )), (0.50.4375), (0.25(, , 0.3125(0.5), 0.25, , , 0.31250.375()0.31250.3125, )), , (, 0.3750.3125, ()0.375, )0.25, , ((0.31250.31250.25), , 0.31250.375, ((), )0.625, 0.6875, , (0.6875(0.75)0.625)0.625, , 0.6875
))3.07307926853)
)3.144792536420.6875
)3.06240775434


)
3.23677587246
((((((((0.156250.1250.125, , 0.18750.125, 0.1875), (0.125, 0.1875), (0.4375, 0.5), (0.250.15625, 0.1875), ), 0.3125)(, )0.125, , , ((0.125(0.1875), 0.250.125, (0.4375, , 0.1875, 0.18750.3125), 0.5))), (, 0.4375((0.6875, , (0.250.5)0.4375, , , , (0.50.25)0.75)0.3125, )), 
, (3.160308000030.250.3125(
, 0.3125)0.3125, 0.375, ), )(0.3125(, 0.25(, 0.6875, 0.375, 0.31250.75), )))(
0.625, 3.13567791612(, 
0.68750.6875), 0.75))
)
3.1247267733
3.23214039367
(((0.125, 0.1875), (((0.15625, 0.1875)(0.1875, (0.125, 0.125, 0.15625)0.25, 0.1875)), , (0.4375, , ((0.43750.50.125, , 0.18750.5))), , (0.25, (, 0.3125), (((0.4375(0.1250.31250.3125, , , 0.375)0.1875, , (0.5)0.375)0.25, , )(, 0.1875(, , 0.6875(0.250.25, 0.3125)0.75, , )))(0.3125)0.4375, 
, ((0.625, 0.68753.150540321070.3125, 0.5)), , ()
0.3125
0.375), , 3.055479679630.375(
0.6875, )0.75, )(0.25, )
3.11625737432
0.3125), (0.6875, 0.75))
2.97344038672
((0.125((, 0.1875), ((0.15625, (0.1250.125, 0.1875, )0.1875, )0.15625(), 0.1875, (0.4375, (0.18750.25, , 0.250.5))), (, , ((0.4375(, 0.125, 0.3125(0.1875), 0.50.4375, (, 0.5))0.375), , ((, 0.1250.3125(, 0.18750.250.3125, ), 0.375, 0.375)0.3125), , , (((0.25), , 0.4375, 0.25(, 0.6250.5)0.3125, , 0.68750.3125))(0.3125, 0.375), ), (, )(0.625, (0.6875
3.1056901001
0.625)0.25, 0.6875)
3.07064029268
, )0.3125)
)3.03589544827, (0.6875
, 0.75))
3.0199494325
((0.15625, 0.1875)((, 0.125, (0.1250.15625), 0.1875, )((, (0.4375(0.125, 0.1875, 0.1875, 0.21875), )0.5, ), (((0.31250.125, 0.4375, (, 0.1875)0.5(, (0.4375, 0.3750.50.21875, ), )0.25)), (, 0.3125(, ((, 0.3750.1250.25, )0.31250.25, , , 0.1875)(0.250.3125, , )(0.625, )(0.3125, , (0.4375)0.6875), 0.3125), , (
3.121132469740.50.3750.625
)), 0.6875, ))
(, (3.08569570742
0.250.625, , 0.6875))
0.3125)3.25877520505
, (0.3125, 0.375), (0.625, 0.6875))
3.24567302056
(((0.1875, 0.21875()0.1875, (, 0.1250.21875, )0.15625, ), ((0.43750.15625, , 0.50.1875), )(0.25, 0.3125, ()0.4375, (, 0.50.3125), (, 0.25, 0.3125)0.375), (0.625, (, 0.6875)0.3125), 0.375
3.25888337355
), (0.625, 0.6875))
3.25427695886
((((0.1875, 0.18750.21875), , (0.21875), (0.1250.125, 0.15625, )0.15625)(, ((, 0.1875, 0.46875(0.43750.21875), , , ((0.468750.15625), (0.5, 0.18750.1875)(, , 0.25), 0.21875(0.3125), ), (, (0.31250.25(0.125, , 0.43750.3750.3125, , )0.50.15625))), , , (((0.6250.4375, , 0.6875(0.250.3125, ), ), 0.3750.5)0.3125
, )), 3.25429415576, ((0.3125
, 0.6250.375(0.25, , )0.31250.6875)), (0.3125, , )(0.375)0.6875, 
3.259938607020.75)
, )
(0.6875, 0.753.15897179108
))
3.16259886191
((((0.1875, 0.1875, 0.21875), 0.21875()0.125, , (0.15625), ((0.1250.4375, (, ((0.468750.218750.218750.15625, , 0.250.25)))), (0.15625, , ((, 0.125, (0.18750.46875)0.25, , , 0.156250.50.3125), )), (0.4375, , , (0.5((0.250.3125)0.4375, , 0.375)(, , 0.5), (0.31250.25, (, )0.68750.250.3125), , , , (0.3125(0.750.3125)), , 0.25, 0.375(0.3125)0.25)
, , 3.158549433430.3125)
)(, 0.625(, (0.6250.6875, , , 0.6875)0.68750.75)
)))3.25523098481
3.16345825852)


3.25064074355
((0.21875, 0.25), (((0.1875, 0.218750.125, 0.15625), (0.4375), 0.46875), (, 0.25, 0.3125)(, 0.125, 0.15625()0.25, , (((0.1875, 0.43750.3125, ()0.5(((, ((0.21875)(0.21875), 0.21875, 0.18750.625, , 0.25, (, 0.218750.6875()0.250.25, 0.15625, 0.3125)), (0.125), )), 0.1875, (
)0.18750.1253.25365022116, (, (0.1250.250.1875, ), (, ), 0.43750.31250.15625
(0.4375, , ), (0.50.50.4375))), , , (0.6875(, , 0.5), (0.3125(0.468750.750.25, , , , )0.375(0.31250.3125)0.5), , (), 0.375)
0.25, , (0.31253.17382287066
)(0.25, 0.25, 0.31250.3125, ), ), ), ((0.6875(0.25, (0.3125, 0.6875, 0.750.750.25), ))0.3125, )
))3.17051097934, 
((0.6875, 
0.625, 0.75))0.6875
)3.049110028413.04196554829
)

3.25350949101
((0.21875(, 0.25()0.21875, 0.25), (0.15625, , (0.1875)0.125, 0.15625), , ((0.4375, 0.5), (0.4375, 0.31250.5), (0.3125, 0.375, 0.375), (), 0.25, (0.25, 0.3125)0.3125, ((()0.21875, 0.6875, 0.75))
(3.03817100550.6875, , 
0.750.25)))
, 3.0414331889
(0.15625, 0.1875), (0.4375, 0.5), (((0.21875, 0.250.25), , (0.1250.3125, ), 0.15625(), 0.3125(, 0.43750.375), 0.5), (0.25, , (0.6250.3125), , (0.3125, 0.68750.375), ())
0.625, 0.68753.24111994168
))
3.24579777352
((0.21875, 0.25)((, 0.21875(0.15625, 0.1875), (0.4375, , 0.250.46875((), (0.25, 0.31250.1875, )0.21875), , )((0.3125, 0.125, (0.156250.375, ), 0.1875), (0.46875, , 0.5()0.156250.625, , )(0.6875), (0.25((0.1875, 0.21875)), 
(, 0.3125)3.23731560534
0.125, 0.15625), (0.468750.4375, , , (0.468750.50.3125)), 0.375, ()0.25, (0.25, 0.3125, , 0.3125), )(, (0.6250.25, (, 0.31250.6875)0.25, )), 0.3125)(
0.6253.24150186025, 
, (0.625, 0.68750.6875))))

3.26334995357
3.26513098916
((0.1875((0.1875, , 0.218750.21875)), , ((0.1250.125, , 0.156250.15625), ()0.46875, 0.5), (, (0.250.46875, , 0.28125)0.5, )(0.25, 0.3125, (0.28125), (, 0.625, 0.31250.6875)))
, 3.26329988499
(0.25, 0.3125), (0.625, (0.6875)(0.1875, 0.21875))
3.2535228729, (0.125((
0.1875, 0.15625, 0.21875), )(, 0.125(0.4375, , 0.46875)0.15625, (), 0.25, (0.31250.46875, 0.5), ()0.25, , 0.3125), (0.6875(, 0.25, 0.75))
0.3125), 3.17136425088
(0.25, 0.3125), (0.6875, 0.75))
3.17328123561
((((0.18750.1875, , 0.21875), (0.218750.125), , 0.15625(), 0.125, (0.156250.4375((0.1875)(, , 0.46875(), 0.21875), ((, (0.250.1875, , 0.43750.21875, 0.28125))0.15625, , , (0.250.1875, (), 0.46875(0.3125))0.43750.15625, , , 0.468750.1875(0.6875, ), )((0.28125, , , 0.750.25, )0.31250.3125)(, 0.46875), )(0.5, 0.25, )
3.167656594430.3125), (
(0.31250.25, (, , 0.3750.3125))0.6875, 0.75, ()0.3125, )
(0.625, 3.16167552923, 0.3750.6875)
), ()
0.625, 0.68753.24936866346
))
3.25568986608
((0.1875, 0.21875), (0.15625, ((0.1875, 0.218750.1875)), , (0.15625, (0.4375, 0.46875), (0.18750.25, 0.28125(), )(0.21875, , (0.4375, (0.250.31250.46875), (), (0.281250.125, , 0.375, 0.3125), (), 0.3125(, 0.156250.625)0.375, ), , ((0.6875)0.43750.625, )0.5, 0.6875
3.24783919753)))

, 3.23756206793(0.25
, 0.3125), (0.3125, ((0.218750.375), (0.6875, 0.75, )0.25)), (
0.156253.15135736436
, 0.1875), (0.4375, 0.5), (0.25, 0.3125), (0.3125, 0.375), (0.6875, 0.75))
3.14766197276
((0.21875, 0.25()(0.21875, , 0.25(), (0.1250.125, , 0.15625), 0.15625(0.46875), 0.5, (), (0.43750.25, 0.46875), , 0.3125), ((0.31250.25, 0.3125), , 0.375)(, 0.3125, (0.68750.375, ), 0.75(0.6875), 0.75))
3.15128091936)

3.1483091993
(((0.21875, 0.25()0.21875, 0.25, )(, 0.125(, 0.1250.15625), (, (0.15625(0.46875, 0.5)()(0.21875, 0.21875, (0.468750.25, , ), , (0.5)0.25(0.28125)0.15625, , , (0.1875, )0.3125(0.15625, ), 0.25(, 0.4375, 0.18750.28125(0.3125)), , 0.46875, ((0.46875, )0.31250.375, , ), 0.375, 0.5)(0.25), (0.6875, , ((, 0.3125)0.68750.25, , 0.75, 0.31250.75))()))0.25

, 3.149427499033.14016660225, (

0.3125)0.25, 0.3125, ), ((0.6250.625, , 0.68750.6875))))

3.2486933917
3.24933381939
((((0.21875, 0.21875, 0.25), (0.250.15625, )0.1875, (0.15625), , (0.1875), 0.46875(, 0.50.46875), , (0.5), (0.250.28125, , 0.28125)0.3125), , (0.25, (0.25, 0.31250.3125)), (, 0.625(, 0.68750.625, )0.6875)
))3.23828463166
3.24690738421

((((0.1875, 0.1875, 0.21875), (0.218750.15625, )0.1875), (, (0.15625, 0.4375, 0.468750.1875)), , (0.25, (0.31250.46875, 0.5)), (, 0.25(, 0.250.3125), (, 0.3125), (0.25, 0.6250.3125), 0.6875, ())0.625
, 3.25845700523
0.6875))
3.26102345046
((0.1875, 0.21875), (((0.1875, 0.218750.15625), (0.15625, 0.1875), (0.4375, 0.46875), 0.1875, ()0.25, (, 0.28125), 0.4375, (0.468750.25, )0.3125), , ((0.281250.625, , 0.68750.3125))), 
3.25549104865
(0.25, 0.3125), (0.625, 0.6875))
3.24779533731
((0.21875, 0.25), (0.125, 0.15625)(, ((0.4375, 0.21875, 0.250.46875), (), 0.28125, 0.3125)(, 0.125, (0.25, 0.3125)0.15625), (0.4375, 0.46875), (0.25, 0.28125), (, (0.25, 0.3125), (0.625, 0.6875))
3.25002868976
0.625, 0.6875))
3.24353855774
((((0.21875, 0.250.21875), , 0.25), ((0.1250.125, , 0.156250.15625), )(, 0.4375, (0.46875)0.4375, , 0.46875(0.25, 0.28125)), , ((0.28125, 0.25, 0.3125)0.28125, ()0.625, , (0.6875)0.25), 
0.28125)3.28412587759
, (0.625, 0.6875))
(3.19305720894(
((0.218750.21875, , 0.250.25), )(0.125, (, 0.156250.125, )0.15625, (), 0.46875(0.4375, , 0.5)0.46875), , ((0.250.25, 0.3125), , (0.3125)0.25, , (0.31250.25, ), 0.3125)(, (0.6875, 0.75))0.6875
, 0.753.16320371625)
)
3.1633722629
((0.21875, 0.25()(, ((0.21875, 0.21875, 0.25(0.125), (, 0.250.15625))0.125, , (, 0.15625(0.1250.4375, ), 0.15625, ()0.4375, , (0.468750.46875)0.4375), , (, 0.250.46875)(0.28125, , (, 0.31250.281250.25(, ))(0.31250.21875, (), 0.25, 0.25), , ((, 0.1250.3125(, )0.250.156250.3125, ), 0.3125), , 0.375((, )0.6875(, 0.6875, (0.468750.625, 0.75, , 0.750.5)))0.6875))
)3.15399327911
, ()
3.15895148144
3.2423100121
0.25
, 0.3125), (0.3125, 0.375), (0.625, 0.6875))
3.24582430362
((((0.21875, 0.218750.25, 0.25)), (, (0.125, 0.15625)0.125, 0.15625, )(, (0.43750.4375, , 0.468750.46875)), , ((0.28125, 0.3125), (0.3125, 0.375)0.25, , 0.28125)(, 0.625, (0.3125, 0.3750.6875))), (0.625, 0.6875))

3.231117833463.24005853049

((0.21875, 0.25), ((0.21875(, 0.250.125, 0.15625))(, (, 0.21875((0.43750.125, 0.46875((0.1875, , ), 0.250.15625, 0.21875)(0.28125)), (, , 0.31250.4375(), , 0.125, , 0.46875(0.125(0.18750.3125, , 0.1875))), (, (, 0.343750.375(0.375, 0.28125, 0.4375)0.4375), , 0.3125(), , 0.625((0.25), , , 0.25, (0.68750.343750.31250.3125, )), )0.375)()
, 0.25, (, 0.625(0.3125, 0.250.6875, ))0.31253.27068166246
, (0.625, )
)0.6875, 3.16973825308
))(0.625, 0.6875
))
3.224856458683.23103025854

(((0.1875(, 0.18750.21875, ), (0.1250.21875), , 0.15625), (0.375, (0.4375)0.15625, (, 0.18750.25, ), (0.375, 0.3125), (0.4375)0.25, , (0.3125), (0.625, 0.250.6875), )0.3125)
3.23157730996, 
(0.25, 0.3125), (0.625, 0.6875))
3.22581786804
((0.1875, 0.21875()(, ((0.125(0.1875((, , 0.18750.218750.156250.1875, 0.21875), )0.21875, ))(, (, 0.40625, (0.125(0.125, , , 0.43750.15625, 0.156250.156250.1875)))), , (, , 0.375((0.375, (0.25, 0.40625)0.4375, )0.3750.3125, , ), ((0.25(, 0.43750.250.25), , 0.3125, , 0.3125(), (0.31250.250.25, ), 0.31250.3125), )), , (0.625((0.250.25, , (, , 0.68750.31250.6875)), (0.625)0.3125), , 
3.24556348428(0.6875))
, 
3.215527207850.68750.75
, 0.75))))

3.13710679764
3.14228482017
((0.1875, 0.21875)((0.1875, , (0.156250.21875), (, 0.18750.15625), , 0.1875)(0.375, , (0.40625, 0.4375), 0.40625()0.25, (0.25, (0.3125(), 0.21875, (, 0.250.3125)((), , (0.25(0.21875, 0.25, 0.25)0.31250.15625, , , 0.18750.3125), ())(0.125, 0.6875, (, 0.15625(, (0.750.6875)0.375), 0.75(, , )(0.4375)0.375)(()
, 0.18750.1875
, 0.21875, 3.15025267296, 3.122112021890.21875(
0.4375), ))0.25
(, , , 0.125((0.31250.250.125, 0.15625)), , , , 0.3125)((, 0.156250.250.46875, , (0.50.250.3125)), , (), (0.46875, 0.68750.3125(0.28125, ), 0.75, , )0.3125())0.50.6875
, ), 3.13210381375, 0.75(
0.3125()), 0.25
, 0.281253.137335894180.375
), )(0.625, (0.3125, 0.375, 0.6875))), 
(0.6253.24707503023, 0.6875))

3.25965788658
((0.1875, ((0.21875, 0.25)0.21875), (, 0.15625, (0.1875), (0.125((, 0.156250.43750.1875, , 0.468750.21875)), , )(, ((0.281250.125, 0.46875, 0.3125), 0.156250.5), , )(((0.25, (0.25, 0.281250.21875(, 0.46875, 0.31250.25, 0.5), )))(, , 0.25, ((0.281250.15625, 0.3125), , (0.18750.625, ), , (0.34375(0.34375, 0.6875), 0.375)0.4375, )(0.625)0.46875), , (
0.6250.6875, (0.253.23856208664))
, , 3.296424086570.6875
0.28125))
)
, 3.20168318614
(0.25, 0.3125), (0.625, 0.6875))
3.24512734631
(((((0.21875(0.21875, 0.21875, 0.25, 0.25))0.25), (, , 0.15625, (0.1875(0.15625, )0.1875, (0.15625)0.46875, , (, 0.1875(0.50.4375, 0.46875)), )((0.21875, , (, 0.250.28125(0.28125, , 0.4375), 0.3125, 0.468750.3125), )(0.15625, ), , ((0.31250.18750.28125(), , 0.250.3125, (, 0.281250.3750.46875, ), )), 0.5(()0.625, , 0.28125, , 0.6875)0.3125(0.25()), , 
(0.28125)0.6250.625, 0.6875, 3.22926153083
, 0.6875)))(0.3125)
, 
0.3753.272087191123.18207285243
)
, (0.625, 0.6875))
3.24055834599
((0.21875(((0.21875, , 0.25), ((0.15625, 0.18750.25)), 0.1875, 0.21875)(, (0.46875, , (0.15625, 0.18750.125, 0.5)0.15625), (, ), ((0.4375, 0.28125, 0.468750.31250.46875)), , 0.5(0.3125, )(, (0.25, , 0.281250.28125()0.34375), , 0.3125)((, 0.1875, (, 0.25(, 0.31250.34375(0.21875()0.625), 0.1875, , (0.156250.3750.6875))), , , 0.21875
, 0.1875(3.26749622879(), )(
0.625, 0.6250.46875, , 0.50.6875, 0.6875)), ((0.28125, )0.125)(), 
(
3.260326879690.156253.169614541840.1875, 

0.31250.21875)), (0.4375), , (0.3125(, , 0.156250.375, 0.468750.1875), )()0.625, (, , (0.468750.281250.6875, ), 0.31250.5)), ()
0.25, , 3.24279935946(0.250.3125
, )0.28125, ), (0.625(, 0.31250.6875, )0.375))
3.25270960775
, (0.625, 0.6875))
3.2554711606
((0.1875, 0.21875)(, (0.15625, ((((0.1875, 0.18750.1875, )0.21875(0.1875, 0.21875), (0.21875))0.46875, 0.5, ), (0.15625, ((0.125, , , 0.1875(0.15625)0.281250.125, ), , , 0.15625((), (0.31250.43750.4375, , 0.468750.46875, )0.46875)), , , ((0.5(0.31250.25), 0.34375, , 0.25(0.281250.28125)), , (, , (0.281250.31250.28125, )0.625)0.3125, 0.6875, )(, ), ()0.25(0.625
, 3.280346274360.34375, 
, 0.68750.3750.28125)), ))
(0.6253.29492588445, (0.625, 0.6875
)), 
0.68753.20296654187))

3.18395153399
(((0.1875(0.1875, , 0.21875)0.21875, (), (0.1250.125, 0.15625), (, 0.43750.15625, )0.46875), (, 0.25(, 0.4375, 0.28125), (0.28125, 0.3125), 0.46875)(0.65625, , 0.6875()0.25, 0.28125)), (
3.290223962220.28125
((, 0.31250.1875(, 0.21875))(0.1875, , ((0.15625, 0.6250.21875, 0.1875, ))0.65625, (, 0.15625(, )0.18750.46875), , )
0.5(0.468753.28779579361, 
0.5)), (0.25, 0.28125), (0.28125, , (0.31250.25, 0.3125)), , ((0.25, 0.6250.3125, ), (0.625, 0.6875))
0.68753.24939170604
))
3.25925144017
((0.1875((0.1875, 0.21875((, 0.21875), (0.21875(0.15625, , )0.18750.25(0.21875, 0.25, ), )), ((, (0.156250.1250.125, , , 0.18750.15625(), )0.15625, )0.46875, ((, (0.50.46875, 0.46875, 0.46875, 0.5), (0.28125), 0.31250.5)0.5), (), 0.28125, 0.3125, , ()(, (0.28125(, 0.28125, 0.3125), (0.250.250.3125), (0.625, 0.6875))
3.283900540180.25, 
0.28125, , 0.3125), (0.625, 0.6875)))
3.24248212017
, 0.28125)(0.625, , (0.68750.25, )0.3125), )
(3.192385336030.625, 0.6875)
)
3.25102573197
(((0.21875, 0.25), ((0.218750.125, 0.15625, 0.25)), , (0.46875(0.125, , 0.5)0.15625), (0.28125, , 0.3125)(, (0.46875, 0.250.5), (0.28125, , 0.31250.28125)), , ((0.625, 0.28125, 0.68750.3125)), ()
0.6253.18571045732
, 0.6875))
3.27658700632
((0.21875(((0.21875(0.21875, , , 0.250.25)), , ((0.125((, 0.250.1250.15625)), 0.156250.21875), , , ((, (0.1250.250.46875, )0.15625), , 0.5(0.46875, , )(0.125, 0.15625, 0.50.46875)), , (0.28125(, 0.50.25(0.46875), , 0.3125, , 0.281250.5())0.28125), , , (, (0.31250.25(0.28125)0.3125, , , , 0.3125)0.3750.28125(, )), , ((0.3125(0.6250.25, 0.375, , 0.65625)0.281250.6875), , 0.6875)))
, )(3.24482072279

3.182159346310.625
, (0.6875))
0.625, 3.233608924760.65625)
)
3.17787624469
(((0.21875, 0.25), (0.21875, (0.125, 0.25)0.15625), (0.125, ((, (0.468750.1875, 0.15625, 0.21875))0.5), (, , 0.46875((0.125, 0.25, 0.15625), 0.5, 0.28125()0.46875, ((0.34375((), , 0.1875, 0.375)0.21875, , (0.25)0.5(((0.1875, ), 0.625, , (0.125, 0.15625, 0.218750.28125((0.250.6875, )0.1875)), )0.28125, , , (())(0.21875)0.468750.125
, 0.3125, , , , 3.18601308725(0.250.34375(0.50.15625
0.125), , , 0.28125))(0.250.15625, , ), (, ), (0.6250.4375, 0.28125), ((, 0.68750.46875(0.6250.4375, 0.46875)0.28125, ), )0.6875
3.20569972105)0.3125, )
(0.28125, ), (0.25)0.3125, , ()0.281250.625, ), 
(3.282306021990.6875)
), 
0.3125(0.3125, 0.375), , 3.2984993276(0.375
0.625, ), 0.6875))
3.25270499296
(0.625, 0.6875))
3.24251186968
(((0.1875, (0.18750.21875, 0.21875)), (0.125, (0.125, , 0.15625), (0.15625), (0.43750.4375, , 0.468750.46875), ), (0.25(0.25, , 0.281250.28125)), , ((0.343750.3125, 0.375), (, 0.625, 0.34375), (0.625, 0.68750.6875)))
)
3.192992914913.29085453063

((0.1875((0.1875, 0.21875, )0.21875, (0.125, ), 0.15625()0.125, , 0.15625(), 0.4375, (0.468750.4375), 0.46875), (0.25, , (0.250.28125), , 0.28125(0.34375, ), 0.375(), (0.65625, 0.343750.6875, )0.375), ()
0.625, 3.187298573990.65625
))
3.18732149852
((0.1875, 0.21875), (((0.15625, 0.1875, 0.218750.1875), (0.46875), , 0.5()0.15625, , 0.1875(), (0.46875, 0.25, 0.50.28125)), , (0.25(0.28125, , 0.281250.3125), ()0.625, , (0.6875))0.25, 
3.294334056470.28125)
, (0.625, 0.6875))
3.20182333265
((((0.18750.1875, 0.21875, 0.21875)), , ((0.156250.15625, , 0.18750.1875), (0.46875, 0.5), (0.25), , ((0.18750.28125), (0.28125, 0.3125()0.46875, , 0.5, (0.21875), (0.65625)((0.1875, , (, 0.218750.250.156250.6875, 0.28125, )))
0.1875, ()0.28125), 3.28977953946, , 
0.3125(0.4375(, 0.46875))0.15625, , , ((0.1875)0.625, 0.25, (, 0.656250.4375, )0.46875))0.28125), 
, 3.28724884037(
0.28125, (0.250.3125), , 0.28125(), 0.625(, 0.68750.25, ))0.28125
), (0.6253.29038225885
, 0.6875))
3.19864207001
(((0.1875(0.1875, , 0.21875), 0.21875), (0.15625, 0.1875(), (0.15625(0.21875, 0.25, )(, 0.4375(, 0.156250.1875), 0.18750.46875), )(, (, 0.4375, 0.25(0.46875, , 0.468750.5), (0.25, 0.28125), (0.28125), , 0.3125)0.28125(0.25((0.21875, 0.25), (0.15625, 0.1875), )(0.46875, 0.5), (0.25, 0.28125), , 0.28125), , ((0.281250.65625, 0.3125), , ((0.281250.625, , (0.3125, 0.6875)))0.6875
3.28582933006, ))(0.6250.25

3.28142910128, , 
0.281250.65625), (0.625, ))0.6875
3.28311025589)
)
3.18992401745
(((0.21875, ((0.1875(0.18750.25, , )((0.218750.218750.21875, , )), (0.25)(0.15625, , , (0.1250.1875(0.1250.15625), , 0.156250.15625, 0.1875, )(, ), 0.46875)(0.46875, , (0.50.46875(, , )0.50.46875, (, 0.5)0.25, )0.5), , , ((0.250.28125, )0.28125(0.28125, , , 0.28125(0.281250.3125, ), (0.28125, 0.3125), 0.3125))0.3125), ((, 0.65625(, (0.625, 0.6875(()0.218750.25), , 0.281250.65625, ((0.21875, , )
0.250.25)3.27725541182)0.31250.28125)
, 
)(3.273963240910.15625), , (0.625, (
, (, 0.1875), 0.156250.6250.6875(, ), 0.46875)
3.28815053908
, 0.68750.18750.5), ))(
0.28125)3.19634231691, 
, (0.46875, 0.31250.5)), , ((0.281250.25, 0.3125, 0.28125), (0.625, ), 0.6875)()0.28125, 
0.31253.18168889009
), (0.625, 0.6875))
3.27226901248
((0.21875, (0.25), ((0.21875, 0.15625, 0.250.1875)), (, 0.15625(, 0.18750.46875, ), (0.50.46875, ), 0.5), (0.28125(0.28125, 0.3125), , 0.3125(), (0.250.25, 0.28125, ), (0.6250.28125, (), 0.65625()0.1875(, 0.65625)
0.218753.17361877757, )
0.6875, (()(0.15625)0.1875, , 0.21875)
3.178432139620.1875
), , ((0.46875, 0.50.15625), , 0.1875(), 0.25(, 0.4375, 0.3125)0.46875, ), (0.25, (0.3125), (0.250.25, , 0.31250.3125)), , ((0.6875, 0.750.6875, ))
0.75)3.17061973586
)
3.16748298243
((0.1875, 0.21875((0.1875, 0.21875), ()0.15625, (, 0.18750.15625, )0.1875), , ((0.468750.46875, , 0.5)0.5(, )((, 0.28125(0.1875, 0.25, , 0.31250.281250.21875)), ), (, ((0.156250.250.25, , , 0.3125)((0.18750.1875), , 0.3125, 0.21875)((, ()0.4375, 0.156250.68750.46875, , , )0.1875, 0.75)), ()0.6875((, 0.25
0.468750.753.16805910235, , )0.5)
0.3125)
), (, 3.16003394849(0.3125
, 0.25, 0.31250.375)), (, (0.3125, 0.3750.6875, 0.75), (0.6875))
, 0.753.15444249423))

3.16037660704
((0.1875(((, 0.21875(((0.18750.18750.21875, 0.25), ), 0.21875, (0.15625, )0.21875), (, , 0.1875((0.15625)0.125, 0.125, 0.1875), 0.1875), , 0.1875((0.46875), , 0.4375, , 0.5()0.46875(0.5, 0.4375), , , 0.5(0.50.25()), , (0.31250.281250.28125, ), 0.3750.3125, , )(, (0.3125, 0.375())0.3125, 0.3125, , , (0.375(0.68750.31250.375), ()0.3125, , , , 0.375)0.75(0.6875, ), ()
0.750.3750.6875)), (, )3.034295412170.68750.75
)
, 3.15923933510.75)
))
3.14865087134

3.0252291822
((0.21875((, 0.250.21875), 0.25, )(, 0.15625, (0.1875), 0.125(, 0.4375(0.15625)(, , 0.21875(, 0.43750.25, )0.5, 0.5()((0.156250.21875), , 0.1875, (((, ((0.3125, (0.18750.250.18750.3125), , 0.375)0.375), 0.21875, , )()0.4375, 0.21875(, (), (, 0.1250.3125, 0.15625(, (, 0.468750.156250.1875), 0.31250.3750.125)), (, , , , (0.250.15625(), 0.375, )0.4375, 0.4375()0.28125)0.6875, , (, 0.46875, , (0.4375()0.750.3125, 0.46875, ), 0.468750.6875()0.375)0.28125
, ), , 0.75, 3.02132285092(()0.31250.28125), , 0.28125)), (, 
0.3125()0.6250.31250.3125
, , )3.02492007071(0.375, )(
0.25, 0.28125, , (, 0.6875)0.28125)0.3125))
0.625, 3.23512202679
, 0.6875, ())
0.625(3.226100950610.625, , 0.6875)0.6875)
)
)
3.195710108773.28679875537

((0.1875((0.1875(, 0.21875), (, 0.125, 0.156250.21875()0.1875, 0.21875), (0.125, 0.15625), (0.4375, )(0.125, 0.46875, (), 0.4375(, , 0.281250.156250.46875, )0.3125)), , , (0.28125, ((0.31250.46875)0.25, , (0.28125)0.25, , ((0.625, 0.5), (0.1875, (0.250.65625, , )0.218750.28125))0.28125)), 
, , 3.1880749271(((0.125
0.65625, 0.28125, , 0.6875)0.31250.15625)
3.19181795081))
, (0.46875, , (0.5)0.625, (, 0.250.65625, )0.28125)
), 3.29162432369(
0.28125, 0.3125), (0.65625, 0.6875))
3.29367911772
((0.1875, 0.203125), ((0.1875(((0.125, (0.203125, 0.21875, (0.15625)0.218750.1875), (, , 0.21875)(), 0.15625, 0.46875, 0.1875, ((0.156250.5)0.125), , , 0.18750.15625(0.46875)), , , 0.5(, 0.46875()0.25, ((, , 0.46875, 0.50.281250.5, 0.28125))0.3125), ), (, , (0.28125((0.281250.28125, , 0.25, 0.31250.31250.3125, ))0.28125, )(, , 0.28125(, (0.281250.65625), , , 0.31250.68750.3125), ()()0.6250.625, ), 0.65625(, 0.65625)0.625)
)), 3.27975673792
0.656253.27639152898
)3.29163646901

)

3.29092861297
((0.1875, 0.203125), (0.15625, 0.1875(()0.203125, 0.21875), (, ((0.468750.15625(, , (0.21875, 0.50.1875)(), (, 0.1875((0.25(0.28125)(0.468750.21875(, , , 0.218750.3125, , 0.1875), )0.25, (0.21875, )0.1250.5), ()(0.28125, , 0.15625, (, (, (0.156250.31250.156250.18750.1250.28125), , )), , , 0.18750.15625)((()0.43750.625, , 0.43750.3125, , , )(0.468750.65625, (0.4375)0.46875, )(, ))0.4375, , 0.281250.46875
, ((, 3.276129588490.46875)0.281250.281250.3125
), , , , 0.3125(()0.3125)0.6250.28125, , , ), 0.65625, 0.3125((0.28125, ))0.25, (), (0.25
0.31250.28125, )0.281250.28125)3.27594806091, 0.3125, )
, (, ((0.6250.625)0.28125, , , 0.68750.6875, 0.3125))(, 0.625)), (0.6875)

3.18689686405))3.191288473310.625

, 3.27715902687
0.6875))

3.2821529065
(((0.21875, 0.25)(, (0.1250.21875, 0.25, )0.15625, )(, (0.1250.4375, 0.15625, )0.46875), , (0.4375(, 0.28125, 0.46875)0.3125), , ((0.28125, 0.281250.3125), 0.3125, ), ((0.28125, 0.656250.3125), (, 0.625, 0.6875)0.65625))
)3.27315715864

3.26930617076
((((0.21875, 0.2343750.234375), (0.125, , 0.15625)0.25), , (0.125, 0.15625(0.4375), , 0.46875)(0.4375, , (0.468750.28125), (, 0.31250.28125, ), 0.3125)(, 0.28125, (0.281250.3125, ), 0.3125), ((0.656250.65625, , 0.68750.6875)))
3.27792941598)

3.26763493959
((((0.18750.1875, , 0.21875), 0.21875(0.125, )0.15625), , ((0.125, 0.46875, 0.15625), 0.5()0.46875, , 0.5), ((0.28125, 0.31250.28125, )0.3125, ), ((0.281250.28125, , 0.31250.3125)), (0.625, , (0.65625)0.65625, )0.6875)
3.28085174067)

3.28374060927
(((0.1875, (0.203125, 0.2031250.21875)), , ((0.125, 0.156250.125, 0.15625)), (, 0.46875, 0.5)(0.46875, (, 0.50.28125, 0.3125)), (, (0.281250.28125, , 0.3125)0.3125), , (0.65625, (0.281250.6875, ))0.3125), 
(3.283286484740.65625
, 0.6875((0.1875), )0.21875)
, (3.283469920960.125, 0.15625
), (0.4375(, (0.468750.1875), 0.21875), , ((0.25, 0.281250.125), , (0.250.15625), , (0.28125)0.4375, 0.46875), , ((0.625, 0.656250.25, ))
0.28125)3.19570182322, (
0.25, 0.28125), (0.65625, 0.6875))
3.1987218477
((0.1875(, (0.203125)0.203125, , (0.1250.21875, ), (0.125, (0.15625(0.15625)0.21875, , (0.25()()0.21875, (, 0.43750.4375, (0.25, 0.156250.46875, ), 0.46875), )(, 0.1875, 0.15625()(0.25, , 0.250.1875, 0.28125()), (0.4375, , , 0.468750.28125(0.250.4375), , , 0.46875)0.28125)(, (0.25), (, 0.625, , 0.281250.25, (), 0.281250.656250.25)), , )
0.28125((0.250.625), , , 3.19509760377
0.281250.65625)))(
3.19558457624, 0.28125, (0.6250.3125, 
), (0.6875)0.625)
3.18830641965, 0.6875)
)
3.27913092938
(((0.21875, (0.21875, 0.250.25), )(, 0.15625(, 0.156250.1875), 0.1875), (, 0.4375(0.4375, , 0.46875)0.46875), , (0.25(0.25, , 0.281250.28125)), , ((0.25, 0.28125)((, (0.218750.625((0.25, 0.656250.21875, 0.25, , 0.25)0.28125))), ), (0.65625, 
((3.18056401623
0.125, , 0.6875))
0.1253.184583396770.15625, 
), 0.15625)(0.46875, , 0.5), ((0.46875, 0.25, 0.5), 0.28125)(0.25, , 0.28125(), (0.28125, 0.25, 0.3125)0.28125, ()0.625, , 0.6875(0.625))
, 3.2856660378
0.6875))
3.19386849164
((0.21875, ((0.18750.25), (((0.125, , 0.21875), 0.15625)0.21875, (, (0.15625, 0.18750.25)0.46875, 0.5), , ((0.4375), 0.125, 0.15625(, )0.25, 0.46875(, 0.281250.46875)), 0.5, , (), ((0.281250.25, (, 0.31250.250.28125), (, )(, 0.6250.18750.28125, , 0.21875(), (0.656250.3125)0.28125, 0.34375), , ), (()0.6250.156250.3125)
, , , 0.18750.68753.27841014606)(
))0.65625
3.28591200534
, 0.6875), )
3.28122650662
(0.4375, 0.46875), (0.25, 0.28125), (0.34375, 0.375), (0.625, 0.6875))
3.18826014793
((((0.1875, 0.218750.1875, )0.21875, ()0.15625, 0.1875, (), 0.15625, (0.18750.4375, ), 0.46875()0.4375, (, 0.46875), (0.250.25, , 0.28125)0.28125, (), 0.3125, (0.31250.34375, )0.34375), , ((0.656250.625, , 0.65625)0.6875)))

3.280878824953.27920846534

((((0.1875, 0.18750.21875, ), (0.21875)0.15625, (, 0.18750.15625), (, 0.1875)0.4375, 0.46875, (0.4375, 0.46875)), (, 0.28125, (0.31250.28125, ), 0.3125(), 0.3125, (0.343750.34375), , (0.3750.625, )0.6875, ())
0.6253.27641023945, 
0.6875))
3.17706285035
((((0.218750.21875, 0.25, )0.25), , ((0.15625, 0.15625, 0.1875), 0.1875), (0.4375, (0.43750.46875), (0.25, , 0.46875), (0.25, 0.28125)0.28125, ), ((0.31250.34375, , 0.343750.375), )(0.625, 0.6875))
, (0.6253.27386505921, 
0.6875))
3.1747623674
((0.21875((0.21875, , 0.25)0.25, ), ((0.156250.15625, , 0.1875), (0.18750.4375), 0.46875, (), 0.4375(0.25, , 0.468750.28125)), , ((0.250.3125(, , 0.343750.28125())((, 0.21875(, (0.625, 0.21875, 0.25, ), (0.65625(0.25)()0.3125, ), 0.18750.15625, , (0.34375)0.218750.18750.15625
)), 3.26679401749, ((0.18750.1875(, )(
, 0.4375, , (, (0.46875)0.218750.43750.156250.65625), , 0.46875, , (0.281250.6875, (0.15625), 0.1875, 0.3125)0.1875)), ()), 0.4375, (, (0.3125, (0.468750.4375
0.28125, 0.46875, )), , 0.343750.3125)3.26919815368, 
((, ()0.281250.28125, 0.625, 0.3125, (, 0.343750.6875)0.3125, ), )(0.28125, 0.375), ()0.31250.28125)
, , 3.26558988565
, (0.6250.3125)(, , 0.625(, 0.656250.65625, 0.6875)0.6875))))

3.16485275059)3.27449094375

3.27797528716

((0.1875, 0.21875), ((0.1875, 0.203125)(0.15625, , (0.1875), (0.15625, 0.4375, 0.46875), (0.18750.28125, 0.3125)), , ((0.4375, 0.468750.25, ()(0.203125, 0.28125(), 0.218750.28125, , 0.3125)(, 0.625(0.15625, 0.65625)(), )
(0.1875, (0.1875, 3.18349472907
), 0.281250.21875), , ((0.43750.3125, 0.46875), 0.15625)(, 0.1875), , ((0.6250.28125, 0.4375, 0.468750.3125, ))0.65625, , ))(0.28125, 
(0.3125)3.273749734680.28125, (, 
0.625, 0.65625)0.3125), )(
3.274447855020.25, 0.28125)
, (0.65625, 0.6875))
3.18756800401
[0.203125 0.140625 0.484375 0.265625 0.296875 0.65625 ]
final iterations:73274781
final HOO number of nodes:569
final HOO height:35
final duration:590
final optimal value:3.298499 
time durations: [0.0012230873107910156, 4.017920017242432, 8.04004192352295, 8.04048490524292, 12.06898808479309, 12.079673051834106, 12.081387996673584, 16.102274894714355, 16.10278606414795, 20.13922095298767, 24.175148963928223, 28.197037935256958, 28.197929859161377, 28.198620080947876, 32.24424386024475, 36.260660886764526, 40.290894985198975, 44.32244896888733, 44.3234920501709, 48.36829590797424, 52.38209295272827, 52.382675886154175, 56.404375076293945, 56.40565586090088, 60.44756603240967, 64.463299036026, 64.46399998664856, 68.50829696655273, 68.50914001464844, 68.5103440284729, 72.54014992713928, 72.54103899002075, 76.58744406700134, 76.58829402923584, 76.58950185775757, 80.6343560218811, 80.63551187515259, 84.65856409072876, 88.6758029460907, 92.70148205757141, 92.70283889770508, 96.74275088310242, 100.7679488658905, 100.76912498474121, 104.78448987007141, 104.78795504570007, 104.78962206840515, 104.79304885864258, 108.85844206809998, 108.85972189903259, 112.88302206993103, 112.88741493225098, 116.91960406303406, 116.92163300514221, 120.94666886329651, 120.95653796195984, 124.99074292182922, 124.99210500717163, 129.0410180091858, 129.0427758693695, 133.0891830921173, 133.10253190994263, 133.10378003120422, 137.13313388824463, 137.13504004478455, 141.1625039577484, 141.1643829345703, 145.21379208564758, 145.2157919406891, 149.24155592918396, 149.24400687217712, 153.2602140903473, 153.26225304603577, 157.30681490898132, 157.3083369731903, 161.3228759765625, 165.35101985931396, 165.3534119129181, 169.36870694160461, 169.3704628944397, 169.37199807167053, 173.45416903495789, 173.45599508285522, 177.4886598587036, 181.51130294799805, 181.5129520893097, 185.53759908676147, 185.54083395004272, 185.542711019516, 189.57338500022888, 189.5752649307251, 189.57715106010437, 189.5790309906006, 193.62351298332214, 193.62537002563477, 197.65788006782532, 197.66005396842957, 201.67966198921204, 201.68234300613403, 205.7006709575653, 205.70362305641174, 209.73812198638916, 209.740149974823, 213.78468489646912, 213.7867350578308, 217.8637900352478, 221.8845570087433, 221.8865258693695, 225.9242479801178, 229.9426670074463, 229.94536590576172, 233.98494791984558, 238.01139903068542, 238.01411890983582, 242.0303599834442, 242.03340601921082, 246.06438088417053, 246.06726908683777, 250.09652304649353, 254.12706398963928, 254.12933206558228, 258.1678240299225, 258.1703338623047, 262.20995903015137, 262.21299505233765, 262.2153890132904, 266.2497100830078, 266.25307989120483, 270.2868390083313, 274.29656505584717, 274.2985830307007, 274.3010790348053, 278.36018991470337, 282.3744809627533, 282.37754487991333, 282.38088607788086, 286.41333198547363, 286.41590309143066, 290.4493420124054, 290.45205092430115, 294.4808659553528, 294.4845049381256, 298.5380780696869, 302.55568408966064, 302.55880093574524, 306.59933495521545, 306.60219287872314, 310.63209795951843, 314.6516799926758, 314.6559638977051, 318.6829390525818, 318.68568992614746, 322.7010688781738, 322.70409893989563, 326.7316460609436, 326.7342519760132, 330.7667450904846, 330.77017998695374, 334.8207449913025, 334.82394003868103, 338.8654029369354, 338.8687949180603, 342.90826392173767, 342.91182708740234, 346.9498839378357, 346.95332503318787, 350.9971718788147, 351.00022888183594, 355.0328299999237, 355.0370590686798, 359.0826618671417, 359.0865168571472, 363.1198089122772, 363.12347388267517, 367.1440930366516, 367.1474549770355, 371.20230197906494, 371.20669388771057, 375.24604392051697, 375.2500190734863, 379.28591108322144, 383.29743099212646, 383.30113101005554, 387.34812092781067, 387.35151386260986, 391.40299797058105, 391.4071979522705, 391.41149401664734, 395.4826920032501, 395.486212015152, 399.51757407188416, 399.5207939147949, 403.5726659297943, 403.5754089355469, 407.5921308994293, 407.59712386131287, 411.63470101356506, 411.6387438774109, 415.6686370372772, 419.69208002090454, 419.6956670284271, 423.75198698043823, 423.75560903549194, 427.7937159538269, 431.81325602531433, 431.81805300712585, 435.8347408771515, 435.83761501312256, 439.8829610347748, 439.8881559371948, 443.93065094947815, 447.96551394462585, 447.9689540863037, 451.98438692092896, 455.9982318878174, 456.00260400772095, 460.03848791122437, 460.041375875473, 460.0452299118042, 464.1117970943451, 464.1156129837036, 468.14528799057007, 468.1491599082947, 472.1806960105896, 472.1849739551544, 472.18877601623535, 476.225466966629, 476.22966289520264, 480.27201890945435, 480.27674889564514, 484.3298108577728, 484.3337709903717, 488.3728380203247, 492.4173879623413, 492.42271900177, 496.45267391204834, 496.45750403404236, 496.46182107925415, 500.52642607688904, 504.56857204437256, 504.57261896133423, 508.63782691955566, 508.6423499584198, 512.6761829853058, 512.6814229488373, 516.7224509716034, 516.727541923523, 516.7325038909912, 520.8123099803925, 520.8163690567017, 524.8546528816223, 524.8590660095215, 528.912232875824, 528.9167919158936, 532.95441198349, 532.9580988883972, 532.9626839160919, 537.0042378902435, 537.0087380409241, 541.0473470687866, 541.0522620677948, 545.0779600143433, 545.0827388763428, 545.0879418849945, 549.1376478672028, 553.1588389873505, 553.166482925415, 557.2134408950806, 557.2186069488525, 561.2735729217529, 561.2793159484863, 565.317862033844, 565.3227219581604, 569.3652429580688, 569.3705339431763, 573.405839920044, 573.4104700088501, 577.4393119812012, 577.4465329647064, 581.4676830768585, 581.4725680351257, 581.4777920246124, 585.5190379619598, 585.524523973465, 589.5615770816803, 589.5662310123444]
noisy values: [0.4993653078584064, 0.568923612459111, 0.7652541077718751, 0.7652541077718751, 0.7652541077718751, 0.7652541077718751, 0.7652541077718751, 1.0203486692922166, 1.0203486692922166, 1.1097721451231874, 1.1097721451231874, 1.3992718904531405, 1.3992718904531405, 1.3992718904531405, 2.3950596481537896, 2.5661801056873426, 2.5661801056873426, 2.5661801056873426, 2.58033396809649, 2.58033396809649, 2.6102001532943993, 2.6102001532943993, 2.6102001532943993, 2.6102001532943993, 2.7573840607053457, 2.7573840607053457, 2.7573840607053457, 2.7573840607053457, 2.7573840607053457, 2.7573840607053457, 2.7573840607053457, 2.7573840607053457, 2.7573840607053457, 2.7573840607053457, 2.7573840607053457, 2.7573840607053457, 2.7573840607053457, 2.7573840607053457, 2.7573840607053457, 2.7573840607053457, 2.7573840607053457, 2.7573840607053457, 2.7573840607053457, 2.7573840607053457, 2.7573840607053457, 2.7573840607053457, 2.7573840607053457, 2.7573840607053457, 2.7573840607053457, 2.7573840607053457, 2.7573840607053457, 2.7573840607053457, 2.7573840607053457, 2.7573840607053457, 2.7573840607053457, 2.7573840607053457, 2.7573840607053457, 2.7573840607053457, 2.785864343999717, 2.785864343999717, 2.785864343999717, 3.0132334502671116, 3.0132334502671116, 3.20730427153334, 3.20730427153334, 3.20730427153334, 3.20730427153334, 3.20730427153334, 3.20730427153334, 3.20730427153334, 3.20730427153334, 3.2154463357985206, 3.2154463357985206, 3.2154463357985206, 3.2154463357985206, 3.2154463357985206, 3.2154463357985206, 3.2154463357985206, 3.2154463357985206, 3.2154463357985206, 3.2154463357985206, 3.2154463357985206, 3.2154463357985206, 3.2154463357985206, 3.2154463357985206, 3.2154463357985206, 3.2154463357985206, 3.2154463357985206, 3.2154463357985206, 3.2154463357985206, 3.2154463357985206, 3.2154463357985206, 3.2154463357985206, 3.2195465453210326, 3.2195465453210326, 3.236037838109221, 3.236037838109221, 3.236037838109221, 3.236037838109221, 3.236037838109221, 3.236037838109221, 3.236037838109221, 3.236037838109221, 3.236037838109221, 3.236037838109221, 3.2488194546743294, 3.2488194546743294, 3.2488194546743294, 3.2488194546743294, 3.2488194546743294, 3.2488194546743294, 3.282814612189418, 3.282814612189418, 3.282814612189418, 3.282814612189418, 3.282814612189418, 3.282814612189418, 3.282814612189418, 3.282814612189418, 3.282814612189418, 3.282814612189418, 3.282814612189418, 3.282814612189418, 3.282814612189418, 3.282814612189418, 3.282814612189418, 3.282814612189418, 3.282814612189418, 3.282814612189418, 3.282814612189418, 3.282814612189418, 3.282814612189418, 3.282814612189418, 3.282814612189418, 3.282814612189418, 3.282814612189418, 3.282814612189418, 3.282814612189418, 3.282814612189418, 3.282814612189418, 3.282814612189418, 3.282814612189418, 3.282814612189418, 3.282814612189418, 3.282814612189418, 3.282814612189418, 3.282814612189418, 3.282814612189418, 3.282814612189418, 3.282814612189418, 3.282814612189418, 3.282814612189418, 3.282814612189418, 3.282814612189418, 3.282814612189418, 3.282814612189418, 3.282814612189418, 3.282814612189418, 3.282814612189418, 3.282814612189418, 3.282814612189418, 3.282814612189418, 3.282814612189418, 3.282814612189418, 3.282814612189418, 3.282814612189418, 3.282814612189418, 3.282814612189418, 3.282814612189418, 3.282814612189418, 3.282814612189418, 3.282814612189418, 3.282814612189418, 3.282814612189418, 3.282814612189418, 3.282814612189418, 3.282814612189418, 3.282814612189418, 3.282814612189418, 3.282814612189418, 3.282814612189418, 3.282814612189418, 3.282814612189418, 3.282814612189418, 3.282814612189418, 3.282814612189418, 3.282814612189418, 3.282814612189418, 3.282814612189418, 3.282814612189418, 3.282814612189418, 3.282814612189418, 3.282814612189418, 3.282814612189418, 3.282814612189418, 3.282814612189418, 3.282814612189418, 3.282814612189418, 3.282814612189418, 3.282814612189418, 3.282814612189418, 3.282814612189418, 3.282814612189418, 3.282814612189418, 3.282814612189418, 3.282814612189418, 3.282814612189418, 3.282814612189418, 3.2841258775851587, 3.2841258775851587, 3.2841258775851587, 3.2841258775851587, 3.2841258775851587, 3.2841258775851587, 3.2841258775851587, 3.2841258775851587, 3.2841258775851587, 3.2841258775851587, 3.2841258775851587, 3.2841258775851587, 3.2841258775851587, 3.2964240865717924, 3.2964240865717924, 3.2964240865717924, 3.2964240865717924, 3.2964240865717924, 3.2964240865717924, 3.2964240865717924, 3.2964240865717924, 3.2964240865717924, 3.2964240865717924, 3.2964240865717924, 3.2964240865717924, 3.2964240865717924, 3.2964240865717924, 3.2964240865717924, 3.2964240865717924, 3.2964240865717924, 3.298499327602197, 3.298499327602197, 3.298499327602197, 3.298499327602197, 3.298499327602197, 3.298499327602197, 3.298499327602197, 3.298499327602197, 3.298499327602197, 3.298499327602197, 3.298499327602197, 3.298499327602197, 3.298499327602197, 3.298499327602197, 3.298499327602197, 3.298499327602197, 3.298499327602197, 3.298499327602197, 3.298499327602197, 3.298499327602197, 3.298499327602197, 3.298499327602197, 3.298499327602197, 3.298499327602197, 3.298499327602197, 3.298499327602197, 3.298499327602197, 3.298499327602197, 3.298499327602197, 3.298499327602197, 3.298499327602197, 3.298499327602197, 3.298499327602197, 3.298499327602197, 3.298499327602197, 3.298499327602197, 3.298499327602197, 3.298499327602197, 3.298499327602197, 3.298499327602197, 3.298499327602197, 3.298499327602197, 3.298499327602197, 3.298499327602197, 3.298499327602197, 3.298499327602197, 3.298499327602197, 3.298499327602197]
data points:
values: [0.5053149917022333, 0.5713312483035078, 0.7809775383635229, 0.7809775383635229, 0.7809775383635229, 0.7809775383635229, 0.7809775383635229, 1.0240621094002509, 1.0240621094002509, 1.130099320916897, 1.130099320916897, 1.418667992317461, 1.418667992317461, 1.418667992317461, 2.406967291861301, 2.570944516195897, 2.570944516195897, 2.570944516195897, 2.585350617332081, 2.585350617332081, 2.6176349328765935, 2.6176349328765935, 2.6176349328765935, 2.6176349328765935, 2.770850073408867, 2.770850073408867, 2.770850073408867, 2.770850073408867, 2.770850073408867, 2.770850073408867, 2.770850073408867, 2.770850073408867, 2.770850073408867, 2.770850073408867, 2.770850073408867, 2.770850073408867, 2.770850073408867, 2.770850073408867, 2.770850073408867, 2.770850073408867, 2.770850073408867, 2.770850073408867, 2.770850073408867, 2.770850073408867, 2.770850073408867, 2.770850073408867, 2.770850073408867, 2.770850073408867, 2.770850073408867, 2.770850073408867, 2.770850073408867, 2.770850073408867, 2.770850073408867, 2.770850073408867, 2.770850073408867, 2.770850073408867, 2.770850073408867, 2.770850073408867, 2.8013615797166076, 2.8013615797166076, 2.8013615797166076, 3.0302525120593793, 3.0302525120593793, 3.2218904416630685, 3.2218904416630685, 3.2218904416630685, 3.2218904416630685, 3.2218904416630685, 3.2218904416630685, 3.2218904416630685, 3.2218904416630685, 3.2283967857653106, 3.2283967857653106, 3.2283967857653106, 3.2283967857653106, 3.2283967857653106, 3.2283967857653106, 3.2283967857653106, 3.2283967857653106, 3.2283967857653106, 3.2283967857653106, 3.2283967857653106, 3.2283967857653106, 3.2283967857653106, 3.2283967857653106, 3.2283967857653106, 3.2283967857653106, 3.2283967857653106, 3.2283967857653106, 3.2283967857653106, 3.2283967857653106, 3.2283967857653106, 3.2283967857653106, 3.2313086643364533, 3.2313086643364533, 3.2472166186055507, 3.2472166186055507, 3.2472166186055507, 3.2472166186055507, 3.2472166186055507, 3.2472166186055507, 3.2472166186055507, 3.2472166186055507, 3.2472166186055507, 3.2472166186055507, 3.2576560560532184, 3.2576560560532184, 3.2576560560532184, 3.2576560560532184, 3.2576560560532184, 3.2576560560532184, 3.2942033771915833, 3.2942033771915833, 3.2942033771915833, 3.2942033771915833, 3.2942033771915833, 3.2942033771915833, 3.2942033771915833, 3.2942033771915833, 3.2942033771915833, 3.2942033771915833, 3.2942033771915833, 3.2942033771915833, 3.2942033771915833, 3.2942033771915833, 3.2942033771915833, 3.2942033771915833, 3.2942033771915833, 3.2942033771915833, 3.2942033771915833, 3.2942033771915833, 3.2942033771915833, 3.2942033771915833, 3.2942033771915833, 3.2942033771915833, 3.2942033771915833, 3.2942033771915833, 3.2942033771915833, 3.2942033771915833, 3.2942033771915833, 3.2942033771915833, 3.2942033771915833, 3.2942033771915833, 3.2942033771915833, 3.2942033771915833, 3.2942033771915833, 3.2942033771915833, 3.2942033771915833, 3.2942033771915833, 3.2942033771915833, 3.2942033771915833, 3.2942033771915833, 3.2942033771915833, 3.2942033771915833, 3.2942033771915833, 3.2942033771915833, 3.2942033771915833, 3.2942033771915833, 3.2942033771915833, 3.2942033771915833, 3.2942033771915833, 3.2942033771915833, 3.2942033771915833, 3.2942033771915833, 3.2942033771915833, 3.2942033771915833, 3.2942033771915833, 3.2942033771915833, 3.2942033771915833, 3.2942033771915833, 3.2942033771915833, 3.2942033771915833, 3.2942033771915833, 3.2942033771915833, 3.2942033771915833, 3.2942033771915833, 3.2942033771915833, 3.2942033771915833, 3.2942033771915833, 3.2942033771915833, 3.2942033771915833, 3.2942033771915833, 3.2942033771915833, 3.2942033771915833, 3.2942033771915833, 3.2942033771915833, 3.2942033771915833, 3.2942033771915833, 3.2942033771915833, 3.2942033771915833, 3.2942033771915833, 3.2942033771915833, 3.2942033771915833, 3.2942033771915833, 3.2942033771915833, 3.2942033771915833, 3.2942033771915833, 3.2942033771915833, 3.2942033771915833, 3.2942033771915833, 3.2942033771915833, 3.2942033771915833, 3.2942033771915833, 3.2942033771915833, 3.2942033771915833, 3.2942033771915833, 3.2942033771915833, 3.2942033771915833, 3.2942033771915833, 3.291382305659419, 3.291382305659419, 3.291382305659419, 3.291382305659419, 3.291382305659419, 3.291382305659419, 3.291382305659419, 3.291382305659419, 3.291382305659419, 3.291382305659419, 3.291382305659419, 3.291382305659419, 3.3053153537755637, 3.3053153537755637, 3.3053153537755637, 3.3053153537755637, 3.3053153537755637, 3.3053153537755637, 3.3053153537755637, 3.3053153537755637, 3.3053153537755637, 3.3053153537755637, 3.3053153537755637, 3.3053153537755637, 3.3053153537755637, 3.3053153537755637, 3.3053153537755637, 3.3053153537755637, 3.3053153537755637, 3.306916431651644, 3.306916431651644, 3.306916431651644, 3.306916431651644, 3.306916431651644, 3.306916431651644, 3.306916431651644, 3.306916431651644, 3.306916431651644, 3.306916431651644, 3.306916431651644, 3.306916431651644, 3.306916431651644, 3.306916431651644, 3.306916431651644, 3.306916431651644, 3.306916431651644, 3.306916431651644, 3.306916431651644, 3.306916431651644, 3.306916431651644, 3.306916431651644, 3.306916431651644, 3.306916431651644, 3.306916431651644, 3.306916431651644, 3.306916431651644, 3.306916431651644, 3.306916431651644, 3.306916431651644, 3.306916431651644, 3.306916431651644, 3.306916431651644, 3.306916431651644, 3.306916431651644, 3.306916431651644, 3.306916431651644, 3.306916431651644, 3.306916431651644, 3.306916431651644, 3.306916431651644, 3.306916431651644, 3.306916431651644, 3.306916431651644, 3.306916431651644, 3.306916431651644, 3.306916431651644, 3.306916431651644]
real values1: [0.5053149917022333, 0.5713312483035078, 0.7809775383635229, 0.7809775383635229, 0.7809775383635229, 0.7809775383635229, 0.7809775383635229, 1.0240621094002509, 1.0240621094002509, 1.130099320916897, 1.130099320916897, 1.418667992317461, 1.418667992317461, 1.418667992317461, 2.406967291861301, 2.570944516195897, 2.570944516195897, 2.570944516195897, 2.585350617332081, 2.585350617332081, 2.6176349328765935, 2.6176349328765935, 2.6176349328765935, 2.6176349328765935, 2.770850073408867, 2.770850073408867, 2.770850073408867, 2.770850073408867, 2.770850073408867, 2.770850073408867, 2.770850073408867, 2.770850073408867, 2.770850073408867, 2.770850073408867, 2.770850073408867, 2.770850073408867, 2.770850073408867, 2.770850073408867, 2.770850073408867, 2.770850073408867, 2.770850073408867, 2.770850073408867, 2.770850073408867, 2.770850073408867, 2.770850073408867, 2.770850073408867, 2.770850073408867, 2.770850073408867, 2.770850073408867, 2.770850073408867, 2.770850073408867, 2.770850073408867, 2.770850073408867, 2.770850073408867, 2.770850073408867, 2.770850073408867, 2.770850073408867, 2.770850073408867, 2.8013615797166076, 2.8013615797166076, 2.8013615797166076, 3.0302525120593793, 3.0302525120593793, 3.2218904416630685, 3.2218904416630685, 3.2218904416630685, 3.2218904416630685, 3.2218904416630685, 3.2218904416630685, 3.2218904416630685, 3.2218904416630685, 3.2283967857653106, 3.2283967857653106, 3.2283967857653106, 3.2283967857653106, 3.2283967857653106, 3.2283967857653106, 3.2283967857653106, 3.2283967857653106, 3.2283967857653106, 3.2283967857653106, 3.2283967857653106, 3.2283967857653106, 3.2283967857653106, 3.2283967857653106, 3.2283967857653106, 3.2283967857653106, 3.2283967857653106, 3.2283967857653106, 3.2283967857653106, 3.2283967857653106, 3.2283967857653106, 3.2283967857653106, 3.2313086643364533, 3.2313086643364533, 3.2472166186055507, 3.2472166186055507, 3.2472166186055507, 3.2472166186055507, 3.2472166186055507, 3.2472166186055507, 3.2472166186055507, 3.2472166186055507, 3.2472166186055507, 3.2472166186055507, 3.2576560560532184, 3.2576560560532184, 3.2576560560532184, 3.2576560560532184, 3.2576560560532184, 3.2576560560532184, 3.2942033771915833, 3.2942033771915833, 3.2942033771915833, 3.2942033771915833, 3.2942033771915833, 3.2942033771915833, 3.2942033771915833, 3.2942033771915833, 3.2942033771915833, 3.2942033771915833, 3.2942033771915833, 3.2942033771915833, 3.2942033771915833, 3.2942033771915833, 3.2942033771915833, 3.2942033771915833, 3.2942033771915833, 3.2942033771915833, 3.2942033771915833, 3.2942033771915833, 3.2942033771915833, 3.2942033771915833, 3.2942033771915833, 3.2942033771915833, 3.2942033771915833, 3.2942033771915833, 3.2942033771915833, 3.2942033771915833, 3.2942033771915833, 3.2942033771915833, 3.2942033771915833, 3.2942033771915833, 3.2942033771915833, 3.2942033771915833, 3.2942033771915833, 3.2942033771915833, 3.2942033771915833, 3.2942033771915833, 3.2942033771915833, 3.2942033771915833, 3.2942033771915833, 3.2942033771915833, 3.2942033771915833, 3.2942033771915833, 3.2942033771915833, 3.2942033771915833, 3.2942033771915833, 3.2942033771915833, 3.2942033771915833, 3.2942033771915833, 3.2942033771915833, 3.2942033771915833, 3.2942033771915833, 3.2942033771915833, 3.2942033771915833, 3.2942033771915833, 3.2942033771915833, 3.2942033771915833, 3.2942033771915833, 3.2942033771915833, 3.2942033771915833, 3.2942033771915833, 3.2942033771915833, 3.2942033771915833, 3.2942033771915833, 3.2942033771915833, 3.2942033771915833, 3.2942033771915833, 3.2942033771915833, 3.2942033771915833, 3.2942033771915833, 3.2942033771915833, 3.2942033771915833, 3.2942033771915833, 3.2942033771915833, 3.2942033771915833, 3.2942033771915833, 3.2942033771915833, 3.2942033771915833, 3.2942033771915833, 3.2942033771915833, 3.2942033771915833, 3.2942033771915833, 3.2942033771915833, 3.2942033771915833, 3.2942033771915833, 3.2942033771915833, 3.2942033771915833, 3.2942033771915833, 3.2942033771915833, 3.2942033771915833, 3.2942033771915833, 3.2942033771915833, 3.2942033771915833, 3.2942033771915833, 3.2942033771915833, 3.2942033771915833, 3.291382305659419, 3.291382305659419, 3.291382305659419, 3.291382305659419, 3.291382305659419, 3.291382305659419, 3.291382305659419, 3.291382305659419, 3.291382305659419, 3.291382305659419, 3.291382305659419, 3.291382305659419, 3.291382305659419, 3.3053153537755637, 3.3053153537755637, 3.3053153537755637, 3.3053153537755637, 3.3053153537755637, 3.3053153537755637, 3.3053153537755637, 3.3053153537755637, 3.3053153537755637, 3.3053153537755637, 3.3053153537755637, 3.3053153537755637, 3.3053153537755637, 3.3053153537755637, 3.3053153537755637, 3.3053153537755637, 3.3053153537755637, 3.306916431651644, 3.306916431651644, 3.306916431651644, 3.306916431651644, 3.306916431651644, 3.306916431651644, 3.306916431651644, 3.306916431651644, 3.306916431651644, 3.306916431651644, 3.306916431651644, 3.306916431651644, 3.306916431651644, 3.306916431651644, 3.306916431651644, 3.306916431651644, 3.306916431651644, 3.306916431651644, 3.306916431651644, 3.306916431651644, 3.306916431651644, 3.306916431651644, 3.306916431651644, 3.306916431651644, 3.306916431651644, 3.306916431651644, 3.306916431651644, 3.306916431651644, 3.306916431651644, 3.306916431651644, 3.306916431651644, 3.306916431651644, 3.306916431651644, 3.306916431651644, 3.306916431651644, 3.306916431651644, 3.306916431651644, 3.306916431651644, 3.306916431651644, 3.306916431651644, 3.306916431651644, 3.306916431651644, 3.306916431651644, 3.306916431651644, 3.306916431651644, 3.306916431651644, 3.306916431651644, 3.306916431651644]
real values2: [0.5053149917022333, 0.5713312483035078, 0.7809775383635229, 0.7809775383635229, 0.7809775383635229, 0.7809775383635229, 0.7809775383635229, 1.0240621094002509, 1.0240621094002509, 1.130099320916897, 1.130099320916897, 1.418667992317461, 1.418667992317461, 1.418667992317461, 2.406967291861301, 2.570944516195897, 2.570944516195897, 2.570944516195897, 2.585350617332081, 2.585350617332081, 2.6176349328765935, 2.6176349328765935, 2.6176349328765935, 2.6176349328765935, 2.770850073408867, 2.770850073408867, 2.770850073408867, 2.770850073408867, 2.770850073408867, 2.770850073408867, 2.770850073408867, 2.770850073408867, 2.770850073408867, 2.770850073408867, 2.770850073408867, 2.770850073408867, 2.770850073408867, 2.770850073408867, 2.770850073408867, 2.770850073408867, 2.770850073408867, 2.770850073408867, 2.770850073408867, 2.770850073408867, 2.770850073408867, 2.770850073408867, 2.770850073408867, 2.770850073408867, 2.770850073408867, 2.770850073408867, 2.770850073408867, 2.770850073408867, 2.770850073408867, 2.770850073408867, 2.770850073408867, 2.770850073408867, 2.770850073408867, 2.770850073408867, 2.8013615797166076, 2.8013615797166076, 2.8013615797166076, 3.0302525120593793, 3.0302525120593793, 3.2218904416630685, 3.2218904416630685, 3.2218904416630685, 3.2218904416630685, 3.2218904416630685, 3.2218904416630685, 3.2218904416630685, 3.2218904416630685, 3.2283967857653106, 3.2283967857653106, 3.2283967857653106, 3.2283967857653106, 3.2283967857653106, 3.2283967857653106, 3.2283967857653106, 3.2283967857653106, 3.2283967857653106, 3.2283967857653106, 3.2283967857653106, 3.2283967857653106, 3.2283967857653106, 3.2283967857653106, 3.2283967857653106, 3.2283967857653106, 3.2283967857653106, 3.2283967857653106, 3.2283967857653106, 3.2283967857653106, 3.2283967857653106, 3.2283967857653106, 3.2313086643364533, 3.2313086643364533, 3.2472166186055507, 3.2472166186055507, 3.2472166186055507, 3.2472166186055507, 3.2472166186055507, 3.2472166186055507, 3.2472166186055507, 3.2472166186055507, 3.2472166186055507, 3.2472166186055507, 3.2576560560532184, 3.2576560560532184, 3.2576560560532184, 3.2576560560532184, 3.2576560560532184, 3.2576560560532184, 3.2942033771915833, 3.2942033771915833, 3.2942033771915833, 3.2942033771915833, 3.2942033771915833, 3.2942033771915833, 3.2942033771915833, 3.2942033771915833, 3.2942033771915833, 3.2942033771915833, 3.2942033771915833, 3.2942033771915833, 3.2942033771915833, 3.2942033771915833, 3.2942033771915833, 3.2942033771915833, 3.2942033771915833, 3.2942033771915833, 3.2942033771915833, 3.2942033771915833, 3.2942033771915833, 3.2942033771915833, 3.2942033771915833, 3.2942033771915833, 3.2942033771915833, 3.2942033771915833, 3.2942033771915833, 3.2942033771915833, 3.2942033771915833, 3.2942033771915833, 3.2942033771915833, 3.2942033771915833, 3.2942033771915833, 3.2942033771915833, 3.2942033771915833, 3.2942033771915833, 3.2942033771915833, 3.2942033771915833, 3.2942033771915833, 3.2942033771915833, 3.2942033771915833, 3.2942033771915833, 3.2942033771915833, 3.2942033771915833, 3.2942033771915833, 3.2942033771915833, 3.2942033771915833, 3.2942033771915833, 3.2942033771915833, 3.2942033771915833, 3.2942033771915833, 3.2942033771915833, 3.2942033771915833, 3.2942033771915833, 3.2942033771915833, 3.2942033771915833, 3.2942033771915833, 3.2942033771915833, 3.2942033771915833, 3.2942033771915833, 3.2942033771915833, 3.2942033771915833, 3.2942033771915833, 3.2942033771915833, 3.2942033771915833, 3.2942033771915833, 3.2942033771915833, 3.2942033771915833, 3.2942033771915833, 3.2942033771915833, 3.2942033771915833, 3.2942033771915833, 3.2942033771915833, 3.2942033771915833, 3.2942033771915833, 3.2942033771915833, 3.2942033771915833, 3.2942033771915833, 3.2942033771915833, 3.2942033771915833, 3.2942033771915833, 3.2942033771915833, 3.2942033771915833, 3.2942033771915833, 3.2942033771915833, 3.2942033771915833, 3.2942033771915833, 3.2942033771915833, 3.2942033771915833, 3.2942033771915833, 3.2942033771915833, 3.2942033771915833, 3.2942033771915833, 3.2942033771915833, 3.2942033771915833, 3.2942033771915833, 3.2942033771915833, 3.291382305659419, 3.291382305659419, 3.291382305659419, 3.291382305659419, 3.291382305659419, 3.291382305659419, 3.291382305659419, 3.291382305659419, 3.291382305659419, 3.291382305659419, 3.291382305659419, 3.291382305659419, 3.291382305659419, 3.3053153537755637, 3.3053153537755637, 3.3053153537755637, 3.3053153537755637, 3.3053153537755637, 3.3053153537755637, 3.3053153537755637, 3.3053153537755637, 3.3053153537755637, 3.3053153537755637, 3.3053153537755637, 3.3053153537755637, 3.3053153537755637, 3.3053153537755637, 3.3053153537755637, 3.3053153537755637, 3.3053153537755637, 3.306916431651644, 3.306916431651644, 3.306916431651644, 3.306916431651644, 3.306916431651644, 3.306916431651644, 3.306916431651644, 3.306916431651644, 3.306916431651644, 3.306916431651644, 3.306916431651644, 3.306916431651644, 3.306916431651644, 3.306916431651644, 3.306916431651644, 3.306916431651644, 3.306916431651644, 3.306916431651644, 3.306916431651644, 3.306916431651644, 3.306916431651644, 3.306916431651644, 3.306916431651644, 3.306916431651644, 3.306916431651644, 3.306916431651644, 3.306916431651644, 3.306916431651644, 3.306916431651644, 3.306916431651644, 3.306916431651644, 3.306916431651644, 3.306916431651644, 3.306916431651644, 3.306916431651644, 3.306916431651644, 3.306916431651644, 3.306916431651644, 3.306916431651644, 3.306916431651644, 3.306916431651644, 3.306916431651644, 3.306916431651644, 3.306916431651644, 3.306916431651644, 3.306916431651644, 3.306916431651644, 3.306916431651644]
Done!
((0.1875, 0.203125), (0.15625, 0.1875), (0.4375, 0.46875), (0.28125, 0.3125), (0.25, 0.28125), (0.625, 0.65625))
3.1826404315
((0.203125, 0.21875), (0.15625, 0.1875), (0.4375, 0.46875), (0.28125, 0.3125), (0.25, 0.28125), (0.625, 0.65625))
3.1835752317
(((0.1875, 0.21875)(, 0.1875, 0.21875), ((0.15625, 0.18750.15625), (0.46875, , 0.5), (0.250.1875, 0.28125), (0.25), , (0.281250.46875), (0.65625, 0.6875, 0.5))), 
(3.197840768520.25, 
0.28125), (0.25, 0.28125), (0.625, 0.65625))
3.19449554376
