('generated stochastic delays:', [array([ 2, 11,  5, ...,  2,  3,  1])])
('test function', 'Borehole')
('opt_fidel_cost:', 1.1)
Running Experiment1: 
('total budget:', 600)
Auto Init: 
C: 20.469600578508693
nu: 20.469600578508693
Budget Remaining: 591.994462013
Number of MFHOO Instances: 1
Budget per MFHOO Instance:590.894462013
number of HOO: 1
Running SOO number: 1 rho: 0.95 nu: 20.469600578508693
delay_type: DHOO
policy: UCB1
[0.99804688 0.00195312 0.01367188 0.99804688 0.71484375 0.00390625
 0.00390625 0.87109375]
final iterations:38283329
final HOO number of nodes:565
final HOO height:69
final duration:590
final optimal value:298.081028 
time durations: [0.0011868476867675781, 4.00549578666687, 4.006080865859985, 4.006959915161133, 8.011861801147461, 8.012631893157959, 12.018220901489258, 12.018692970275879, 16.033458948135376, 16.03382897377014, 20.041013956069946, 24.04497790336609, 24.045705795288086, 28.052740812301636, 28.0538067817688, 32.06043982505798, 36.065340995788574, 40.07179594039917, 40.07284593582153, 40.07429385185242, 44.07752180099487, 44.07815384864807, 44.07940888404846, 44.0809907913208, 48.08473992347717, 48.086450815200806, 52.08980393409729, 52.09036087989807, 52.09120583534241, 56.101247787475586, 60.10699987411499, 60.1081337928772, 64.11475992202759, 64.11555290222168, 64.11653780937195, 68.12379097938538, 68.12518978118896, 68.12615299224854, 72.13578486442566, 76.14093899726868, 76.14195084571838, 76.14305591583252, 80.14822793006897, 80.14931797981262, 84.16119599342346, 88.16579794883728, 88.1671998500824, 92.17339181900024, 92.17439985275269, 96.18575382232666, 100.19178080558777, 100.19314384460449, 104.20274877548218, 104.20431685447693, 108.21194696426392, 108.21412491798401, 112.21638798713684, 112.21797800064087, 112.21895289421082, 112.22054386138916, 116.2359709739685, 116.23780083656311, 120.24696087837219, 124.25406694412231, 128.25971579551697, 128.2615568637848, 132.27431893348694, 132.27577185630798, 136.27954387664795, 136.2819697856903, 140.2893648147583, 144.29592394828796, 144.298565864563, 148.30636477470398, 152.31365585327148, 152.31505489349365, 156.32306790351868, 156.32440876960754, 156.32568788528442, 160.33699989318848, 160.33888292312622, 164.34752798080444, 164.35001492500305, 168.35840678215027, 172.36749577522278, 172.37096285820007, 176.38249492645264, 176.38480186462402, 180.3940269947052, 184.39849185943604, 188.41343092918396, 188.41573190689087, 192.42585682868958, 196.4343638420105, 196.43552589416504, 200.44861388206482, 204.45682382583618, 204.45944380760193, 208.46795797348022, 212.47486686706543, 212.47669982910156, 216.48494291305542, 216.48685789108276, 220.50123476982117, 224.51441192626953, 228.52142477035522, 228.5232288837433, 232.53306198120117, 232.53442192077637, 232.5363109111786, 236.54793095588684, 236.55065393447876, 240.56101179122925, 244.57216477394104, 244.57368993759155, 248.58144783973694, 252.59546089172363, 252.59737396240234, 256.60974979400635, 256.61237597465515, 260.6218469142914, 264.63022899627686, 264.6325328350067, 264.6345818042755, 268.64769887924194, 268.65005588531494, 272.66678500175476, 276.6753799915314, 276.67814087867737, 280.69046688079834, 284.7038149833679, 284.70619797706604, 288.7178268432617, 292.73245191574097, 292.73514199256897, 292.7387537956238, 296.74931383132935, 296.75170493125916, 296.75393295288086, 300.7752709388733, 300.7775528430939, 304.7965769767761, 304.79885697364807, 308.8177258968353, 308.8202919960022, 312.83396196365356, 312.83646392822266, 316.85156893730164, 316.85380697250366, 320.8650438785553, 320.8673779964447, 324.8836598396301, 324.8861138820648, 328.90370178222656, 328.90683579444885, 328.91073989868164, 332.92449593544006, 332.92728090286255, 336.9373188018799, 336.9403839111328, 340.94655585289, 344.95465087890625, 348.96405482292175, 348.96668696403503, 352.9860899448395, 352.98861598968506, 357.00410294532776, 357.0072329044342, 361.02312088012695, 361.0256209373474, 365.0459988117218, 365.04886078834534, 365.05079793930054, 369.06488394737244, 369.069287776947, 373.08230090141296, 373.0863959789276, 377.10442090034485, 381.1174519062042, 381.120463848114, 385.1331877708435, 385.13608288764954, 389.1455268859863, 389.14840483665466, 393.162526845932, 397.1668038368225, 397.16941595077515, 401.181902885437, 401.1855239868164, 401.1901659965515, 405.20246386528015, 405.20805287361145, 409.216157913208, 413.22788977622986, 413.23275780677795, 417.24782490730286, 417.2520968914032, 421.2611258029938, 421.2644188404083, 425.27903294563293, 425.28456687927246, 425.2892909049988, 425.2933578491211, 429.30422592163086, 429.3073019981384, 433.3198959827423, 433.325012922287, 437.3342168331146, 437.3386809825897, 441.3589189052582, 441.36244082450867, 445.375364780426, 445.37917399406433, 445.38288593292236, 449.3995177745819, 449.4036738872528, 453.4356429576874, 453.4385528564453, 457.4472088813782, 461.46112084388733, 461.4641897678375, 461.4670739173889, 465.49014592170715, 465.4944369792938, 469.5108428001404, 469.5152499675751, 473.5279538631439, 473.5319218635559, 477.5434617996216, 477.54861187934875, 477.5546398162842, 481.5688247680664, 481.5768837928772, 485.58496284484863, 485.58889985084534, 489.60761284828186, 489.6130599975586, 493.6258897781372, 493.63060188293457, 497.65088081359863, 497.6604058742523, 501.667906999588, 501.6726927757263, 505.69907999038696, 505.7064027786255, 509.71708488464355, 509.72188782691956, 513.737254858017, 513.7414729595184, 517.7555878162384, 517.759269952774, 521.7716929912567, 521.7772619724274, 525.7882378101349, 525.7933549880981, 529.8058519363403, 533.8127009868622, 533.8166618347168, 537.8329658508301, 537.8397278785706, 541.8518199920654, 545.8645768165588, 545.8695619106293, 549.8844997882843, 553.8947968482971, 553.8990669250488, 553.9042527675629, 557.9232549667358, 557.9274489879608, 561.9365408420563, 565.9465889930725, 565.953439950943, 569.973629951477, 573.9864609241486, 573.9909658432007, 578.002986907959, 578.007162809372, 582.038801908493, 582.0428400039673, 582.0483977794647, 586.076581954956, 586.0806109905243, 590.092955827713, 590.0974078178406]
noisy values: [56.41319345295263, 59.962338364486115, 59.962338364486115, 59.962338364486115, 94.53204731537316, 94.53204731537316, 96.66212407998492, 96.66212407998492, 98.54249026068433, 98.54249026068433, 109.69693809913676, 109.69693809913676, 109.69693809913676, 109.69693809913676, 109.69693809913676, 110.72594091884422, 122.05551448570216, 136.51050056126235, 136.51050056126235, 136.51050056126235, 166.06459939056623, 166.06459939056623, 167.1559303982985, 167.1559303982985, 169.2742052944256, 169.2742052944256, 171.0995880370394, 171.0995880370394, 171.0995880370394, 180.15065862173898, 180.15065862173898, 180.15065862173898, 180.1511002457903, 180.1511002457903, 180.1511002457903, 181.7995249216741, 181.7995249216741, 181.7995249216741, 190.01833378420108, 201.847999893109, 201.847999893109, 201.847999893109, 201.847999893109, 201.847999893109, 216.72707889363008, 216.72707889363008, 216.72707889363008, 226.88568752918496, 226.88568752918496, 227.7674922263095, 228.19258537123412, 228.19258537123412, 233.35817869303472, 233.35817869303472, 233.62267167053594, 233.62302652399345, 233.62302652399345, 233.62302652399345, 233.62302652399345, 233.62302652399345, 234.3344850932938, 234.3344850932938, 239.479361093619, 247.25665894475986, 247.25665894475986, 247.25665894475986, 256.1830639925243, 256.1830639925243, 256.1830639925243, 256.1830639925243, 262.144181671115, 262.144181671115, 262.144181671115, 262.144181671115, 262.144181671115, 262.144181671115, 262.144181671115, 262.144181671115, 262.144181671115, 262.144181671115, 262.144181671115, 263.7124850712948, 263.7124850712948, 268.15115987633834, 268.15115987633834, 268.15115987633834, 270.1164351964229, 270.1164351964229, 276.2293611532567, 276.7968055521488, 277.1507656539573, 277.1507656539573, 277.1507656539573, 278.77950547851844, 278.77950547851844, 278.77950547851844, 278.7796168404355, 278.7796168404355, 279.12221540242047, 280.7227257108483, 280.7227257108483, 283.17106049635123, 283.17106049635123, 283.17106049635123, 283.17106049635123, 284.2250883241256, 284.2250883241256, 284.2250883241256, 284.2250883241256, 284.2250883241256, 287.71952001014887, 287.71952001014887, 287.8406297109061, 288.15459832476836, 288.15459832476836, 288.95394324452957, 289.26912797708746, 289.26912797708746, 289.26912797708746, 289.26918350359705, 289.26918350359705, 289.26918350359705, 289.26918350359705, 289.26918350359705, 289.4882598735421, 289.4882598735421, 290.35290772771043, 290.35290772771043, 290.35290772771043, 291.638770217429, 291.638770217429, 291.6611100065987, 291.6611100065987, 291.6611100065987, 291.6611100065987, 291.6611100065987, 291.6611100065987, 291.6611100065987, 291.6611100065987, 291.6611100065987, 291.6611100065987, 291.6611659889871, 291.6611659889871, 291.6611659889871, 291.6611659889871, 291.6611659889871, 291.6611659889871, 291.6611659889871, 291.6611659889871, 291.6611659889871, 291.6611659889871, 291.6611659889871, 291.6611659889871, 291.6611659889871, 291.6611659889871, 291.6611659889871, 292.2620908843059, 292.2620908843059, 292.2620908843059, 293.9525128532527, 293.9525128532527, 293.9525128532527, 293.9525128532527, 293.9525128532527, 293.9525128532527, 293.9525128532527, 294.0020641460924, 294.28771642092215, 294.28771642092215, 294.28771642092215, 294.44274846406984, 294.44274846406984, 294.44274846406984, 294.9283391915661, 294.9283661063285, 294.9283661063285, 294.9283661063285, 294.9283661063285, 294.9283661063285, 294.9283661063285, 295.07368271347815, 295.07368271347815, 295.53482072006346, 295.53482072006346, 295.53482072006346, 295.53482072006346, 295.53482072006346, 295.54544308822506, 295.54544308822506, 295.56437686058297, 296.23267395245364, 296.23267395245364, 296.23267395245364, 296.23267395245364, 296.23267395245364, 296.23267395245364, 296.23267395245364, 296.23267395245364, 296.23267395245364, 296.23267395245364, 296.23267395245364, 296.23267395245364, 296.23267395245364, 296.23267395245364, 296.23267395245364, 296.23267395245364, 296.23267395245364, 296.5668933005993, 296.5668933005993, 296.5668933005993, 296.5668933005993, 296.69207399322687, 296.69207399322687, 296.69207399322687, 296.69207399322687, 296.69207399322687, 296.69207399322687, 296.69207399322687, 296.69207399322687, 296.69207399322687, 296.69207399322687, 296.69207399322687, 297.46090413459206, 297.46090413459206, 297.46090413459206, 297.46090413459206, 297.46090413459206, 297.46090413459206, 297.46090413459206, 297.46090413459206, 297.46090413459206, 297.46090413459206, 297.46090413459206, 297.46090413459206, 297.46090413459206, 297.46090413459206, 297.46090413459206, 297.46090413459206, 297.46090413459206, 297.46090413459206, 297.46090413459206, 297.46090413459206, 297.46090413459206, 297.46090413459206, 297.46090413459206, 297.46090413459206, 297.46090413459206, 297.46090413459206, 297.46090413459206, 297.46090413459206, 297.46090413459206, 297.46090413459206, 297.46090413459206, 297.46090413459206, 297.46090413459206, 297.46090413459206, 297.46090413459206, 297.46090413459206, 297.46090413459206, 297.46090413459206, 297.46090413459206, 297.46090413459206, 297.46090413459206, 297.46090413459206, 297.46090413459206, 297.46090413459206, 297.46090413459206, 297.70817520905297, 297.70817520905297, 297.8118516969231, 297.8118516969231, 297.8118516969231, 297.8118516969231, 297.8118516969231, 297.8118516969231, 297.8118516969231, 297.8118516969231, 297.8118516969231, 297.8118516969231, 297.8118516969231, 297.8118516969231, 297.8118516969231, 298.0810279455421, 298.0810279455421]
data points:
values: [70.87291263681897, 70.87291263681897, 74.39645309951365, 74.39645309951365, 115.89303989857751, 115.89303989857751, 115.89303989857751, 115.94985205077386, 115.94985205077386, 115.9496880938515, 115.9496880938515, 127.9444834139051, 127.9444834139051, 127.9444834139051, 127.9444834139051, 127.9444834139051, 128.07938742337058, 155.5284880962732, 155.5284880962732, 155.5284880962732, 187.89121954521187, 187.89121954521187, 187.89121954521187, 187.89121954521187, 187.89121954521187, 187.99845657252325, 187.99845657252325, 187.99863624488333, 187.99863624488333, 196.0553105745758, 196.0553105745758, 196.0553105745758, 196.0553105745758, 196.05572065537834, 196.05572065537834, 196.05572065537834, 196.16122813205445, 196.16122813205445, 204.22264846624844, 216.1288260152757, 216.1288260152757, 216.1288260152757, 216.1288260152757, 216.1288260152757, 230.4708052081777, 230.4708052081777, 230.4708052081777, 241.2736417189404, 241.2736417189404, 241.2736417189404, 241.44577438876993, 241.17225360349033, 245.9322322930329, 245.9322322930329, 245.9322322930329, 246.2113127598151, 246.2113127598151, 246.2113127598151, 246.2113127598151, 246.2113127598151, 246.2113127598151, 246.2975455956013, 251.06424962659005, 258.592313103528, 258.592313103528, 258.592313103528, 266.7356687347783, 266.7356687347783, 266.7356687347783, 266.7356687347783, 272.9423429754887, 272.9423429754887, 272.9423429754887, 272.9423429754887, 272.9423429754887, 272.9423429754887, 272.9423429754887, 272.9423429754887, 272.9423429754887, 272.9423429754887, 272.9423429754887, 272.9423429754887, 272.040252078305, 276.1830328392579, 276.1830328392579, 276.1830328392579, 276.1830328392579, 277.79114416770665, 283.6747621360226, 283.6747621360226, 283.8749119885473, 283.87496556524167, 283.87496556524167, 283.87496556524167, 285.1972554376523, 285.1972554376523, 285.1972554376523, 285.1973644731543, 285.1973644731543, 285.2195545822827, 286.5420563809641, 288.7418676953886, 288.7418676953886, 288.7418676953886, 288.7418676953886, 288.7418676953886, 289.53183467637126, 289.53183467637126, 289.53183467637126, 289.53183467637126, 292.55893327511757, 292.55893327511757, 292.55893327511757, 292.75511450714976, 292.75511450714976, 292.75511450714976, 293.1109705374985, 293.43067566210266, 293.43067566210266, 293.43067566210266, 293.4307304518415, 293.4307304518415, 293.4307304518415, 293.4307304518415, 293.4307304518415, 293.4418796952976, 293.4418796952976, 294.11749415353694, 294.11749415353694, 295.22864012774943, 295.22864012774943, 295.25125491211094, 295.25125491211094, 295.25125491211094, 295.25125491211094, 295.25125491211094, 295.25125491211094, 295.25125491211094, 295.25125491211094, 295.25125491211094, 295.25125491211094, 295.25125491211094, 295.25131025641696, 295.25131025641696, 295.25131025641696, 295.25131025641696, 295.25131025641696, 295.25131025641696, 295.25131025641696, 295.25131025641696, 295.25131025641696, 295.25131025641696, 295.25131025641696, 295.25131025641696, 295.25131025641696, 295.25131025641696, 295.25131025641696, 295.67765429998826, 295.67765429998826, 297.2141602669082, 297.2141602669082, 297.2141602669082, 297.2141602669082, 297.2141602669082, 297.2141602669082, 297.2141602669082, 297.2141602669082, 297.0994368104618, 297.388089189306, 297.388089189306, 297.388089189306, 297.38810246932525, 297.38810246932525, 297.38810246932525, 297.7296394630758, 297.72966613984903, 297.72966613984903, 297.72966613984903, 297.72966613984903, 297.72966613984903, 297.72966613984903, 297.73496557981855, 297.73496557981855, 298.0658491409025, 298.0658491409025, 298.0658491409025, 298.0658491409025, 298.0658491409025, 298.07656203833886, 298.07656203833886, 297.96806474806357, 298.64179678763225, 298.64179678763225, 298.64179678763225, 298.64179678763225, 298.64179678763225, 298.64179678763225, 298.64179678763225, 298.64179678763225, 298.64179678763225, 298.64179678763225, 298.64179678763225, 298.64179678763225, 298.64179678763225, 298.64179678763225, 298.64179678763225, 298.64179678763225, 298.64179678763225, 298.8572112866696, 298.8572112866696, 298.8572112866696, 298.8572112866696, 298.86795429559373, 298.86795429559373, 298.86795429559373, 298.86795429559373, 298.86795429559373, 298.86795429559373, 298.86795429559373, 298.86795429559373, 298.86795429559373, 298.86795429559373, 299.6424226421967, 299.6424226421967, 299.6424226421967, 299.6424226421967, 299.6424226421967, 299.6424226421967, 299.6424226421967, 299.6424226421967, 299.6424226421967, 299.6424226421967, 299.6424226421967, 299.6424226421967, 299.6424226421967, 299.6424226421967, 299.6424226421967, 299.6424226421967, 299.6424226421967, 299.6424226421967, 299.6424226421967, 299.6424226421967, 299.6424226421967, 299.6424226421967, 299.6424226421967, 299.6424226421967, 299.6424226421967, 299.6424226421967, 299.6424226421967, 299.6424226421967, 299.6424226421967, 299.6424226421967, 299.6424226421967, 299.6424226421967, 299.6424226421967, 299.6424226421967, 299.6424226421967, 299.6424226421967, 299.6424226421967, 299.6424226421967, 299.6424226421967, 299.6424226421967, 299.6424226421967, 299.6424226421967, 299.6424226421967, 299.6424226421967, 299.6424226421967, 299.6424226421967, 299.7815772967614, 299.7815772967614, 299.7815836407229, 299.7815836407229, 299.7815836407229, 299.7815836407229, 299.7815836407229, 299.7815836407229, 299.7815836407229, 299.7815836407229, 299.7815836407229, 299.7815836407229, 299.7815836407229, 299.7815836407229, 299.7815836407229, 299.9533454342527]
Done!
opt_val: 299.953345434
