('generated stochastic delays:', [array([ 2, 11,  5, ...,  2,  3,  1])])
('test function', 'Borehole')
('opt_fidel_cost:', 1.1)
Running Experiment1: 
('total budget:', 600)
Auto Init: 
C: 20.469600578508693
nu: 20.469600578508693
Budget Remaining: 591.993307114
Number of MFHOO Instances: 1
Budget per MFHOO Instance:590.893307114
number of HOO: 1
Running SOO number: 1 rho: 0.95 nu: 20.469600578508693
delay_type: DHOO
policy: UCB1
[0.99609375 0.76953125 0.83984375 0.99609375 0.21484375 0.00390625
 0.00390625 0.49609375]
final iterations:42535150
final HOO number of nodes:558
final HOO height:69
final duration:590
final optimal value:273.706327 
time durations: [0.0015900135040283203, 4.007077932357788, 4.007538080215454, 4.0082221031188965, 8.011842012405396, 8.012448072433472, 8.031836986541748, 8.032537937164307, 12.044688940048218, 12.04531192779541, 16.060002088546753, 16.060632944107056, 20.080200910568237, 24.086416006088257, 28.092348098754883, 28.093104124069214, 28.093871116638184, 32.097371101379395, 32.1049370765686, 36.10341501235962, 36.103939056396484, 36.104543924331665, 36.11323809623718, 40.11269211769104, 40.12697100639343, 44.11727595329285, 44.13281297683716, 44.13351893424988, 44.14029502868652, 48.130465030670166, 48.146799087524414, 48.14831900596619, 48.14919710159302, 48.15028405189514, 52.14458894729614, 52.151833057403564, 56.164271116256714, 60.17400002479553, 60.17513704299927, 64.18577599525452, 64.18670010566711, 64.18752098083496, 68.20251393318176, 72.21178889274597, 76.21612691879272, 76.23158097267151, 80.2355580329895, 84.24010109901428, 84.24131202697754, 88.24919104576111, 92.26127505302429, 92.26256704330444, 96.2721118927002, 96.27308511734009, 100.28958797454834, 104.30054497718811, 104.30221390724182, 108.30595302581787, 112.312735080719, 116.32306003570557, 120.32858204841614, 120.32970905303955, 120.33176398277283, 120.33298993110657, 124.34019589424133, 128.34428906440735, 128.34560990333557, 132.35121607780457, 136.3612539768219, 136.36312794685364, 140.37844896316528, 140.3800539970398, 144.38555908203125, 148.39577293395996, 148.39817810058594, 152.4012370109558, 156.40912294387817, 160.42229795455933, 164.42902994155884, 164.4314320087433, 168.442400932312, 172.45256090164185, 176.4832649230957, 176.485337972641, 180.50411701202393, 184.51212000846863, 184.51378393173218, 188.52071595191956, 188.52209210395813, 192.54545211791992, 196.5519299507141, 196.55417108535767, 200.56653094291687, 200.56833910942078, 204.58849692344666, 204.5901439189911, 208.60239505767822, 212.61181807518005, 212.61356496810913, 216.6324291229248, 216.6342658996582, 220.6409990787506, 224.64662909507751, 228.65453505516052, 228.65655708312988, 232.67007207870483, 232.67194890975952, 236.68523907661438, 236.68699502944946, 240.71334409713745, 240.71546697616577, 244.73640990257263, 244.7386999130249, 248.74447202682495, 248.74639701843262, 252.7689700126648, 252.77096891403198, 256.7833230495453, 256.78586196899414, 260.7919490337372, 264.80347895622253, 264.8054349422455, 268.81376099586487, 268.81671500205994, 272.8276240825653, 272.8302409648895, 276.84458088874817, 276.8471200466156, 280.87529706954956, 280.87744092941284, 284.89648509025574, 284.8990089893341, 288.91730403900146, 292.92909598350525, 292.93154191970825, 296.9528019428253, 296.9550061225891, 296.95755195617676, 300.9771640300751, 304.9846820831299, 304.989305973053, 309.01112508773804, 309.01433396339417, 313.0315511226654, 313.0343461036682, 317.04913902282715, 317.053200006485, 321.068598985672, 321.07335901260376, 325.0816628932953, 325.08575892448425, 329.0982999801636, 329.1031811237335, 333.1223270893097, 333.12687492370605, 337.14291310310364, 337.14691400527954, 341.16532611846924, 341.1677849292755, 345.19833302497864, 345.20097303390503, 349.21131205558777, 353.2260739803314, 353.2287940979004, 357.2377259731293, 361.25657200813293, 361.2595601081848, 365.2741539478302, 365.27710795402527, 369.30083990097046, 369.303582906723, 373.3101499080658, 377.33724904060364, 377.34015703201294, 381.34955406188965, 381.3523371219635, 385.3639829158783, 385.36709809303284, 389.37765312194824, 389.3803379535675, 393.39772391319275, 393.40099906921387, 397.41474890708923, 397.4173860549927, 397.4200999736786, 401.45346307754517, 401.4561839103699, 405.47822308540344, 405.4816360473633, 405.48434805870056, 409.5089011192322, 409.51424407958984, 413.5263829231262, 413.5297930240631, 417.54486894607544, 417.55076599121094, 417.5552990436554, 421.56998109817505, 425.5873041152954, 429.59636402130127, 429.5994369983673, 433.6223669052124, 433.6254150867462, 437.6382510662079, 441.64867901802063, 441.6537940502167, 445.66752004623413, 445.672385931015, 449.6876919269562, 449.6922709941864, 449.6965079307556, 453.7034261226654, 453.7069470882416, 457.72156405448914, 457.7255449295044, 457.7296769618988, 457.73284697532654, 457.73623490333557, 461.75646710395813, 465.7634160518646, 465.76691699028015, 469.7956130504608, 469.79884004592896, 473.80810809135437, 473.81524300575256, 477.83183312416077, 477.8352720737457, 481.8489019870758, 481.85349106788635, 485.85724902153015, 485.86270809173584, 489.91152000427246, 493.9244511127472, 493.9280209541321, 497.9391510486603, 501.9518849849701, 501.95593190193176, 505.9849429130554, 505.9892339706421, 510.00256299972534, 514.0266048908234, 514.0301280021667, 514.0339729785919, 518.0521159172058, 518.05748295784, 522.079423904419, 522.0848679542542, 526.0947299003601, 526.1011860370636, 530.1130049228668, 530.1168150901794, 534.1265349388123, 538.139228105545, 538.1430389881134, 542.1549260616302, 542.1592950820923, 546.1690149307251, 546.1738801002502, 550.1936321258545, 550.1974790096283, 554.2213139533997, 554.2242300510406, 554.2277779579163, 558.2538089752197, 558.2577850818634, 562.2692821025848, 562.2731819152832, 562.277398109436, 566.2988920211792, 566.303141117096, 570.3322949409485, 574.3445570468903, 574.3493349552155, 574.3538250923157, 578.3650119304657, 578.370001077652, 582.390722990036, 586.3948709964752, 586.3995480537415, 590.4153640270233, 590.4203050136566]
noisy values: [56.41319345295263, 56.41319345295263, 59.962338364486115, 59.962338364486115, 86.56691326519997, 86.56691326519997, 94.53204731537316, 94.53204731537316, 96.66212407998492, 96.66212407998492, 97.62665068019264, 97.62665068019264, 99.3271621308108, 99.3271621308108, 99.94266546763048, 99.94266546763048, 99.94266546763048, 110.16888008352373, 110.98264032541147, 124.04194307859603, 124.04194307859603, 124.04194307859603, 124.85710381269168, 151.6925205818656, 152.58081623092403, 153.45288604146668, 154.2547199268966, 154.2547199268966, 154.2547199268966, 155.0165644862165, 155.74021918442486, 155.74021918442486, 155.74021918442486, 155.74021918442486, 155.74021918442486, 163.812823349121, 164.57192829526684, 171.97553773832163, 171.97553773832163, 171.97553773832163, 171.97553773832163, 171.97553773832163, 182.60921868082625, 187.52557170250742, 187.52557170250742, 205.3326161017115, 205.96908786056662, 206.55478703564881, 206.55493143445207, 211.198994553864, 211.198994553864, 211.198994553864, 211.198994553864, 211.198994553864, 211.5651689577266, 216.18160485554895, 216.18160485554895, 223.12661599613546, 223.48548945917065, 226.79547350640226, 237.08733868203683, 237.08733868203683, 237.08733868203683, 237.08733868203683, 238.00271559263987, 238.81750038195733, 238.81750038195733, 241.4654130078982, 241.4654130078982, 241.4654130078982, 241.4654130078982, 241.4654130078982, 241.73194961220952, 244.35192902480048, 244.35192902480048, 248.37914856818816, 248.57319188954975, 250.43952018293427, 250.43952018293427, 250.43952018293427, 256.0174414901142, 256.31929552625814, 256.59922982857665, 256.5992788693641, 258.0617678878217, 258.0617678878217, 258.0617678878217, 258.3503885942471, 258.3503885942471, 258.3503885942471, 258.3503885942471, 258.3503885942471, 259.690847667188, 259.690847667188, 259.690847667188, 259.690847667188, 259.690847667188, 259.80478651240946, 259.80478651240946, 262.0160067710816, 262.0160067710816, 262.0160067710816, 262.0160067710816, 262.945023519873, 262.945023519873, 265.88467334117547, 265.88467334117547, 266.0900481171178, 266.0900481171178, 266.2814643880431, 266.2814643880431, 266.2814643880431, 266.2814643880431, 267.07042256863946, 267.07042256863946, 267.078212837009, 267.078212837009, 267.078212837009, 267.078212837009, 267.078212837009, 267.27008328250014, 267.27008328250014, 267.99676096510393, 267.99676096510393, 267.99676096510393, 267.99676096510393, 267.99678707357816, 267.99678707357816, 267.99678707357816, 267.99678707357816, 267.99678707357816, 267.99678707357816, 268.05811599965784, 268.05811599965784, 268.05811599965784, 269.18587035074603, 269.18587035074603, 269.18587035074603, 269.2397797246558, 269.2397797246558, 269.2397797246558, 269.7497825135635, 269.7497825135635, 269.7497825135635, 269.7497825135635, 269.8038879917207, 269.8038879917207, 269.8038879917207, 269.8038879917207, 269.8038879917207, 269.8038879917207, 269.8038879917207, 269.8038879917207, 269.8038879917207, 269.8038879917207, 269.8038879917207, 269.8038879917207, 269.8038879917207, 269.8038879917207, 269.8038879917207, 269.8038879917207, 269.8038879917207, 269.8038879917207, 269.8038879917207, 269.8038879917207, 269.8038879917207, 269.8038879917207, 269.8038879917207, 269.8038879917207, 269.8038879917207, 269.8038879917207, 269.8038879917207, 269.8038879917207, 269.8038879917207, 270.08233063260747, 270.08233063260747, 270.08233063260747, 270.08233063260747, 270.08233063260747, 270.08233063260747, 270.08233063260747, 270.08233063260747, 270.08233063260747, 270.08233063260747, 270.08233063260747, 270.08233063260747, 270.08233063260747, 270.08233063260747, 271.27409655131095, 271.27409655131095, 271.27409655131095, 271.27409655131095, 271.27409655131095, 271.27409655131095, 271.27409655131095, 271.27409655131095, 271.27409655131095, 271.32889109224783, 271.4665722362133, 271.59156052821004, 271.59156052821004, 272.0260976312335, 272.0260976312335, 272.0260976312335, 272.0260976312335, 272.0260976312335, 272.0260976312335, 272.0260976312335, 272.0260976312335, 272.0260976312335, 272.0260976312335, 272.0260976312335, 272.0260976312335, 272.0260976312335, 272.0260976312335, 272.0260976312335, 272.0260976312335, 272.0260976312335, 272.14654387900043, 272.14654387900043, 272.14654387900043, 272.55194510499456, 272.55194510499456, 272.55194510499456, 272.55194510499456, 272.55194510499456, 272.55194510499456, 272.6883496855795, 272.6883496855795, 272.6883496855795, 272.6883496855795, 272.76113636135153, 272.76113636135153, 272.76113636135153, 272.76113636135153, 272.76113636135153, 272.76113636135153, 272.7791489067323, 272.7791489067323, 273.28323731687385, 273.28323731687385, 273.28323731687385, 273.28323731687385, 273.5166127914959, 273.5166127914959, 273.5166127914959, 273.5166127914959, 273.5166127914959, 273.5166127914959, 273.5166127914959, 273.5166127914959, 273.61582840136276, 273.61582840136276, 273.61582840136276, 273.70632650638925, 273.70632650638925, 273.70632650638925, 273.70632650638925, 273.70632650638925, 273.70632650638925, 273.70632650638925, 273.70632650638925, 273.70632650638925, 273.70632650638925, 273.70632650638925, 273.70632650638925, 273.70632650638925, 273.70632650638925, 273.70632650638925, 273.70632650638925, 273.70632650638925, 273.70632650638925, 273.70632650638925, 273.70632650638925, 273.70632650638925, 273.70632650638925, 273.70632650638925, 273.70632650638925, 273.70632650638925, 273.70632650638925, 273.70632650638925]
data points:
values: [70.87291263681897, 70.87291263681897, 70.87291263681897, 74.39645309951365, 104.94235514585168, 104.94235514585168, 104.94235514585168, 115.89303989857751, 115.89303989857751, 115.94985205077386, 115.94985205077386, 115.94997398170983, 115.94997398170983, 115.84971215281733, 115.84971215281733, 115.60602049945459, 115.60602049945459, 115.60602049945459, 126.44408492127846, 140.34515776050884, 140.34515776050884, 140.34515776050884, 140.34515776050884, 169.45843356303394, 169.45843356303394, 169.45843356303394, 169.48956375006486, 169.48956375006486, 169.48956375006486, 169.48956375006486, 169.48965845038327, 169.48965845038327, 169.48965845038327, 169.48965845038327, 169.48965845038327, 176.75350095539966, 176.75350095539966, 184.14274848745492, 184.14274848745492, 184.14274848745492, 184.14274848745492, 184.14274848745492, 194.839530496823, 194.839530496823, 199.41736123742717, 217.66349921597666, 217.66349921597666, 217.6845588297753, 217.68448789523075, 217.6846256173988, 221.980892261584, 221.980892261584, 221.980892261584, 221.980892261584, 221.980892261584, 226.09250220068674, 226.09250220068674, 232.82222586560667, 232.82222586560667, 233.1966939539744, 246.34590592141464, 246.34590592141464, 246.34590592141464, 246.34590592141464, 246.34590592141464, 246.35901664379344, 246.35906079897617, 246.35906079897617, 248.6979126420044, 248.6979126420044, 248.6979126420044, 248.6979126420044, 248.6979126420044, 248.6001225177936, 250.9380547044813, 254.73053065887797, 254.73053065887797, 254.92953603988147, 256.51561757110795, 256.51561757110795, 261.9111507752867, 261.9111507752867, 261.91847572856244, 261.91845148755954, 261.91849960184015, 263.13856849759475, 263.13856849759475, 263.13856849759475, 263.1739971792587, 263.1739971792587, 263.1739971792587, 263.1739971792587, 263.1739971792587, 264.2927574684673, 264.2927574684673, 264.2927574684673, 264.2927574684673, 264.2927574684673, 264.4087150870992, 266.4230601147557, 266.4230601147557, 266.4230601147557, 266.4230601147557, 266.4230601147557, 267.1430385551327, 269.9141579564974, 269.9141579564974, 269.9141579564974, 269.91811454089253, 269.91811454089253, 269.9181273272823, 269.9181273272823, 269.9181273272823, 269.9181273272823, 270.5331241753668, 270.5331241753668, 270.54101531342224, 270.54101531342224, 270.54101531342224, 270.54101531342224, 270.54101531342224, 270.5599769455048, 270.5599769455048, 271.12872993336697, 271.12872993336697, 271.12872993336697, 271.12872993336697, 271.1287557589731, 271.1287557589731, 271.1287557589731, 271.1287557589731, 271.1287557589731, 271.1287557589731, 271.19080130425755, 271.19080130425755, 272.17269754569946, 272.17269754569946, 272.17269754569946, 272.17269754569946, 272.22720510082587, 272.22720510082587, 272.22720510082587, 272.59163548502744, 272.59163548502744, 272.59163548502744, 272.59163548502744, 272.6463109861022, 272.6463109861022, 272.6463109861022, 272.6463109861022, 272.6463109861022, 272.6463109861022, 272.6463109861022, 272.6463109861022, 272.6463109861022, 272.6463109861022, 272.6463109861022, 272.6463109861022, 272.6463109861022, 272.6463109861022, 272.6463109861022, 272.6463109861022, 272.6463109861022, 272.6463109861022, 272.6463109861022, 272.6463109861022, 272.6463109861022, 272.6463109861022, 272.6463109861022, 272.6463109861022, 272.6463109861022, 272.6463109861022, 272.6463109861022, 272.6463109861022, 272.6463109861022, 272.7839970600104, 272.7839970600104, 272.7839970600104, 272.7839970600104, 272.7839970600104, 272.7839970600104, 272.7839970600104, 272.7839970600104, 272.7839970600104, 272.7839970600104, 272.7839970600104, 272.7839970600104, 272.7839970600104, 273.9876843447369, 273.9876843447369, 273.9876843447369, 273.9876843447369, 273.9876843447369, 273.9876843447369, 273.9876843447369, 273.9876843447369, 273.9876843447369, 273.9876843447369, 274.0430265016022, 274.04501960299706, 274.0410499779288, 274.0410499779288, 274.3557853958326, 274.3557853958326, 274.3557853958326, 274.3557853958326, 274.3557853958326, 274.3557853958326, 274.3557853958326, 274.3557853958326, 274.3557853958326, 274.3557853958326, 274.3557853958326, 274.3557853958326, 274.3557853958326, 274.3557853958326, 274.3557853958326, 274.3557853958326, 274.3557853958326, 274.3597661267919, 274.3597661267919, 274.3597661267919, 274.6567949199225, 274.6567949199225, 274.6567949199225, 274.6567949199225, 274.6567949199225, 274.6567949199225, 274.688185699137, 274.688185699137, 274.688185699137, 274.688185699137, 274.66079092062336, 274.66079092062336, 274.66079092062336, 274.66079092062336, 274.66079092062336, 274.66079092062336, 274.5833117453622, 274.5833117453622, 275.18652833402814, 275.18652833402814, 275.18652833402814, 275.18652833402814, 275.42152923825785, 275.42152923825785, 275.42152923825785, 275.42152923825785, 275.42152923825785, 275.42152923825785, 275.42152923825785, 275.42152923825785, 275.42552524674716, 275.42552524674716, 275.42552524674716, 275.4255384314698, 275.4255384314698, 275.4255384314698, 275.4255384314698, 275.4255384314698, 275.4255384314698, 275.4255384314698, 275.4255384314698, 275.4255384314698, 275.4255384314698, 275.4255384314698, 275.4255384314698, 275.4255384314698, 275.4255384314698, 275.4255384314698, 275.4255384314698, 275.4255384314698, 275.4255384314698, 275.4255384314698, 275.4255384314698, 275.4255384314698, 275.4255384314698, 275.4255384314698, 275.4255384314698, 275.4255384314698, 275.4255384314698]
Done!
opt_val: 275.425538431
