('generated stochastic delays:', [array([ 2, 11,  5, ...,  2,  3,  1])])
('test function', 'Borehole')
('opt_fidel_cost:', 1.1)
Running Experiment1: 
('total budget:', 600)
Auto Init: 
C: 20.469600578508693
nu: 20.469600578508693
Budget Remaining: 591.990273952
Number of MFHOO Instances: 3
Budget per MFHOO Instance:196.230091317
number of HOO: 3
Running SOO number: 1 rho: 0.95 nu: 20.469600578508693
delay_type: DHOO
policy: UCB1
[0.984375 0.765625 0.65625  0.96875  0.15625  0.03125  0.03125  0.46875 ]
final iterations:37149182
final HOO number of nodes:173
final HOO height:43
final duration:196
final optimal value:255.509492 
time durations: [0.0013189315795898438, 4.0048089027404785, 4.005476951599121, 8.011062860488892, 8.01154088973999, 12.014337062835693, 16.02153992652893, 16.02234983444214, 20.02850604057312, 24.036648988723755, 24.038261890411377, 28.05299186706543, 28.053284883499146, 32.06279397010803, 32.063807010650635, 32.06445097923279, 36.069830894470215, 36.07627987861633, 40.077555894851685, 40.07844400405884, 40.07939887046814, 44.08538103103638, 44.10560989379883, 48.08864092826843, 48.119060039520264, 52.10698103904724, 52.12558102607727, 52.12660098075867, 56.13457798957825, 60.138659954071045, 60.1393609046936, 64.15481805801392, 64.15577793121338, 68.17292094230652, 68.1737949848175, 72.18999099731445, 76.20297288894653, 80.22336983680725, 84.23540997505188, 84.2362949848175, 84.23705101013184, 88.24470901489258, 88.24571394920349, 92.25693583488464, 92.25806593894958, 96.273610830307, 100.28049683570862, 104.28842782974243, 104.29106283187866, 108.30399703979492, 112.30721998214722, 112.30833983421326, 112.3094789981842, 116.32038402557373, 120.33228898048401, 124.33999705314636, 124.34136295318604, 128.35970187187195, 128.36092901229858, 132.38727402687073, 132.3890368938446, 136.39667797088623, 140.39858889579773, 140.40081787109375, 144.40844988822937, 144.40986490249634, 144.41108393669128, 148.42437887191772, 152.43444895744324, 152.43587398529053, 156.44396591186523, 160.45111203193665, 160.45257592201233, 164.4633228778839, 168.47562193870544, 168.4770610332489, 172.49453997612, 172.49591898918152, 176.50418901443481, 176.50649189949036, 180.51096892356873, 180.51313591003418, 180.51452803611755, 180.5161509513855, 184.53035402297974, 188.5545139312744, 192.56418085098267]
noisy values: [56.41319345295263, 59.962338364486115, 59.962338364486115, 85.59978474516566, 85.59978474516566, 94.53204731537316, 94.53204731537316, 94.53204731537316, 97.54247489740784, 97.54247489740784, 97.54247489740784, 97.54247489740784, 97.54247489740784, 97.54247489740784, 97.54247489740784, 97.54247489740784, 98.25050245865225, 99.11827836069236, 110.16888008352373, 110.16888008352373, 110.16888008352373, 123.18387914796904, 124.04194307859603, 150.75747253022516, 151.6925205818656, 152.6088503725931, 153.45288604146668, 153.45288604146668, 155.01634573200033, 162.41457273161276, 162.41457273161276, 162.41480000661446, 162.41480000661446, 163.0764330584937, 163.0764330584937, 163.0764330584937, 163.5586288695946, 170.95279743017738, 181.53590223772213, 181.53590223772213, 181.53590223772213, 181.53590223772213, 181.53590223772213, 194.96764422453973, 194.96764422453973, 205.3322845387472, 205.9687590155894, 206.55443681516695, 206.55462351798442, 211.19863824677617, 211.19863824677617, 211.19863824677617, 211.19863824677617, 211.19882819436907, 211.56500323546197, 216.1814362798176, 216.1814362798176, 216.5190729034409, 216.5190729034409, 223.48531048100432, 223.48531048100432, 226.79529033427286, 226.79529033427286, 226.79529033427286, 231.18470787752887, 237.08714003151766, 237.08714003151766, 237.56271256351084, 238.0025699626692, 238.0025699626692, 240.68386991213498, 240.68386991213498, 240.68386991213498, 240.96402629583093, 241.15059225645547, 241.15059225645547, 243.6401080107693, 243.6401080107693, 243.6401080107693, 243.6401080107693, 243.8276127500372, 247.69267892836862, 247.69267892836862, 247.69267892836862, 249.58658698904566, 255.17576023580472, 255.5094915396337]
data points:
values: [70.87291263681897, 70.87291263681897, 74.39645309951365, 104.94235514585168, 104.94235514585168, 104.94235514585168, 115.89303989857751, 115.89303989857751, 115.89303989857751, 115.84997079203517, 115.84997079203517, 115.84997079203517, 115.84997079203517, 115.84997079203517, 115.84997079203517, 115.84997079203517, 115.84997079203517, 115.60602049945459, 115.60602049945459, 126.44408492127846, 126.44408492127846, 140.34515776050884, 140.34515776050884, 169.45843356303394, 169.45843356303394, 169.45843356303394, 169.48956375006486, 169.48956375006486, 169.48956375006486, 169.48945608182785, 176.75328991390617, 176.75328991390617, 176.75350095539966, 176.75350095539966, 176.69358788377656, 176.69358788377656, 176.69358788377656, 183.73183781320986, 194.37955358029558, 194.37955358029558, 194.37955358029558, 194.37955358029558, 194.37955358029558, 206.67609779156788, 206.67609779156788, 217.66318455535531, 217.66318455535531, 217.6842459510972, 217.68415386795442, 217.68433193817933, 221.98055164166402, 221.98055164166402, 221.98055164166402, 221.98055164166402, 221.98073322643287, 222.14585912089566, 226.09234035211458, 226.09234035211458, 226.44545639420332, 233.19652177452278, 233.19652177452278, 233.19652177452278, 236.1372853992767, 236.1372853992767, 240.2127782734686, 246.3457141064463, 246.3457141064463, 246.3457141064463, 246.35882540733584, 246.358875551584, 246.358875551584, 248.69772563593446, 248.69772563593446, 248.69772563593446, 248.5733838988677, 248.76584153737429, 248.76584153737429, 250.93776225735186, 250.93776225735186, 250.93776225735186, 250.93776225735186, 254.73022930533494, 254.73022930533494, 254.73022930533494, 254.73022930533494, 261.70096052119885, 261.70096052119885]
Done!
Running SOO number: 2 rho: 0.925945462757 nu: 20.469600578508693
delay_type: DHOO
policy: UCB1
[0.984375 0.828125 0.296875 0.984375 0.03125  0.03125  0.03125  0.96875 ]
final iterations:30439376
final HOO number of nodes:177
final HOO height:43
final duration:196
final optimal value:285.724176 
time durations: [0.00013899803161621094, 4.001243829727173, 4.002012014389038, 8.010215997695923, 12.014724016189575, 12.036512851715088, 16.04122495651245, 16.041887998580933, 20.04758906364441, 20.048754930496216, 20.049397945404053, 24.073320865631104, 24.073781967163086, 24.074421882629395, 28.080704927444458, 28.081501960754395, 28.08196783065796, 32.09918999671936, 32.09988188743591, 32.10217094421387, 36.10846185684204, 36.109068870544434, 36.109572887420654, 40.11557984352112, 40.116090059280396, 44.12335395812988, 48.1276969909668, 48.12870502471924, 52.141687870025635, 56.14454984664917, 56.146071910858154, 60.15211200714111, 60.15281391143799, 64.16032004356384, 64.16141986846924, 64.16242790222168, 68.16690587997437, 68.16810894012451, 72.17315196990967, 76.18237805366516, 76.18745589256287, 80.19426989555359, 80.20187783241272, 84.20495390892029, 84.21282982826233, 88.22065901756287, 92.22929000854492, 92.2300980091095, 96.23931789398193, 100.24268293380737, 100.24362897872925, 104.26196885108948, 108.27000689506531, 112.28103303909302, 116.29127287864685, 116.29277205467224, 120.30000805854797, 124.30221605300903, 128.30825686454773, 132.31191086769104, 132.31641006469727, 132.31801295280457, 136.32764196395874, 140.33328294754028, 140.3344759941101, 144.3452320098877, 148.35380506515503, 148.35545086860657, 148.35717701911926, 152.367928981781, 152.3692388534546, 156.3771619796753, 156.37932896614075, 160.39746689796448, 160.39877700805664, 164.41401600837708, 164.41635298728943, 168.43017292022705, 168.4314398765564, 168.4330699443817, 172.46379494667053, 172.46545886993408, 176.48708701133728, 180.49717593193054, 180.49933099746704, 184.51242303848267, 188.51951789855957, 188.52138495445251, 192.5356788635254]
noisy values: [56.41319345295263, 56.41319345295263, 60.32781831234464, 95.60009694453339, 97.15050025978394, 97.15050025978394, 98.5428168452685, 98.5428168452685, 98.5428168452685, 98.5428168452685, 98.5428168452685, 110.07332864233051, 110.07332864233051, 110.07332864233051, 112.4335566681934, 112.4335566681934, 112.4335566681934, 125.34743628776057, 125.34743628776057, 125.34743628776057, 141.370781658698, 141.370781658698, 141.370781658698, 172.99633747496773, 172.99633747496773, 174.07211977400362, 174.97044719200937, 174.97044719200937, 183.39933218655912, 183.39933218655912, 183.39933218655912, 183.46799769054311, 183.46799769054311, 184.46823456534162, 184.46823456534162, 184.46823456534162, 192.880318704613, 193.6499625243901, 193.6499625243901, 193.6499625243901, 205.10275900846085, 205.10275900846085, 210.61711500863925, 220.03837709675878, 230.57670738458353, 231.2681559073077, 231.8857996786424, 231.8857996786424, 231.8857996786424, 237.04554942560455, 237.04554942560455, 237.04554942560455, 237.77967073633832, 242.89184913966483, 250.6074990814942, 250.6074990814942, 250.6074990814942, 250.6074990814942, 253.47062818214368, 253.47062818214368, 264.8297309158777, 264.8297309158777, 265.2533177923075, 265.6296872093678, 265.62988159346463, 265.62988159346463, 268.50338695800025, 268.50338695800025, 268.50338695800025, 268.9299965328733, 268.9299965328733, 271.7637797140713, 271.7637797140713, 276.14563505850583, 276.14563505850583, 276.14563505850583, 276.14563505850583, 280.86571137517217, 280.86571137517217, 280.86571137517217, 284.04461644498497, 284.04461644498497, 284.28686993326306, 284.28686993326306, 284.28686993326306, 285.7240641867024, 285.7240641867024, 285.7240641867024, 285.724176189044]
data points:
values: [70.87291263681897, 70.87291263681897, 70.87291263681897, 115.89303989857751, 115.89303989857751, 115.94985205077386, 115.94985205077386, 115.94997398170983, 115.94997398170983, 115.94997398170983, 115.94997398170983, 115.94997398170983, 127.84504410149047, 127.84504410149047, 127.84504410149047, 127.64697403572958, 127.64697403572958, 139.61387785157922, 139.61387785157922, 139.61387785157922, 154.9457399641676, 154.9457399641676, 154.9457399641676, 187.04649552738246, 187.04649552738246, 187.04649552738246, 187.0844335081267, 187.01462666799958, 195.02953923948527, 195.02953923948527, 195.02953923948527, 195.02953923948527, 195.10255094741086, 195.10255094741086, 195.24930724530986, 195.24930724530986, 203.27325137867876, 203.27325137867876, 203.27325137867876, 203.27325137867876, 214.50580035021918, 214.50580035021918, 219.52765928262212, 228.63120983944754, 239.58109067882788, 239.58109067882788, 239.6066104369536, 239.60674956595852, 239.60674956595852, 244.33583014949716, 244.33583014949716, 244.33583014949716, 244.33583014949716, 249.26855583438524, 256.6877269475891, 256.6877269475891, 256.6877269475891, 256.6877269475891, 259.154697658322, 259.154697658322, 270.31962353734303, 270.31962353734303, 270.31962353734303, 270.3369849156025, 270.33688732747055, 270.33707855451996, 272.9033767641237, 272.9033767641237, 272.9033767641237, 272.9033767641237, 273.00567524032556, 275.57312673161385, 275.57312673161385, 279.7260404577981, 279.7260404577981, 279.7260404577981, 279.7260404577981, 283.98217033626065, 283.98217033626065, 283.98217033626065, 287.19634950431515, 287.19634950431515, 287.19634950431515, 287.20529359289924, 287.20529359289924, 288.235221443212, 288.235221443212, 288.235221443212, 288.235221443212]
Done!
Updating C
C: 28.657440809912167
nu_max: 28.657440809912167
Running SOO number: 3 rho: 0.857375 nu: 28.657440809912167
delay_type: DHOO
policy: UCB1
[0.96875 0.03125 0.21875 0.96875 0.59375 0.03125 0.03125 0.46875]
final iterations:36066104
final HOO number of nodes:166
final HOO height:36
final duration:196
final optimal value:258.069542 
time durations: [0.00017404556274414062, 4.004297971725464, 4.0078301429748535, 8.01743197441101, 8.017735958099365, 12.02566909790039, 12.02617597579956, 12.026730060577393, 16.031726121902466, 16.051799058914185, 16.05310297012329, 20.059190034866333, 20.060187101364136, 24.065827131271362, 24.066349983215332, 28.073163986206055, 28.074130058288574, 32.096739053726196, 32.107826948165894, 32.10839796066284, 36.1211941242218, 40.1266930103302, 44.13550305366516, 44.136857986450195, 48.14270615577698, 48.143208026885986, 52.15240406990051, 56.15876603126526, 56.159990072250366, 60.16725206375122, 64.18093514442444, 64.18273615837097, 68.19791603088379, 72.20064806938171, 76.20563316345215, 80.21115708351135, 80.21209001541138, 84.21831703186035, 84.21930193901062, 88.2212610244751, 88.22681212425232, 88.22985696792603, 92.23186206817627, 92.2381660938263, 92.23920011520386, 96.24999403953552, 96.2514910697937, 100.25829315185547, 104.26261401176453, 104.26457405090332, 108.2847900390625, 112.29894495010376, 112.30037593841553, 116.31165814399719, 116.31315112113953, 120.3257851600647, 120.32714915275574, 124.34313917160034, 124.34461116790771, 128.35084795951843, 132.35789704322815, 132.36738300323486, 136.37605714797974, 140.37958812713623, 140.38169598579407, 144.39641904830933, 144.39795112609863, 148.404461145401, 152.41391515731812, 152.41542100906372, 156.4361960887909, 160.4439401626587, 160.44571208953857, 164.4526240825653, 168.45704317092896, 168.45846796035767, 172.46799302101135, 172.4697630405426, 176.48059105873108, 180.48885416984558, 180.49048495292664, 184.50615811347961, 188.51116609573364, 192.51699900627136]
noisy values: [56.41319345295263, 56.41319345295263, 61.3696645511513, 89.18771066342792, 89.18771066342792, 98.49437793335393, 98.49437793335393, 98.49437793335393, 98.49437793335393, 98.49437793335393, 98.49437793335393, 104.88831489122265, 104.88831489122265, 104.88859673496682, 104.88859673496682, 106.3770542981126, 106.3770542981126, 107.65382681328236, 107.89497893912754, 107.89497893912754, 119.26829262745666, 133.6227825041263, 133.6227825041263, 133.6227825041263, 162.69224163129104, 162.69224163129104, 163.84067704300122, 164.75336919922822, 164.75336919922822, 164.75336919922822, 172.63014743924538, 172.63014743924538, 172.63014743924538, 173.4141424373257, 180.97624536557228, 192.0906865960755, 192.0906865960755, 192.0906865960755, 192.0906865960755, 192.0906865960755, 192.0906865960755, 197.59636280184344, 197.59636280184344, 205.6521782544144, 205.6521782544144, 216.65493210086524, 216.65493210086524, 217.4325050356104, 217.6845611528339, 217.6845611528339, 222.20146502113536, 222.20146502113536, 222.20146502113536, 222.2017455449964, 222.2017455449964, 222.46150631184094, 222.46150631184094, 222.46150631184094, 226.93248871362462, 226.93248871362462, 226.93248871362462, 233.73104636311973, 236.8232567827583, 236.8232567827583, 236.8232567827583, 247.23856924392584, 247.23856924392584, 247.51235444621884, 247.59577160074537, 247.59577160074537, 250.01835794344845, 250.01835794344845, 250.01835794344845, 250.01850251897133, 250.03481947001114, 250.03481947001114, 252.43976122505651, 252.43976122505651, 252.43976122505651, 252.43976122505651, 252.43976122505651, 252.53010979723885, 256.42279815153637, 258.0695415550621]
data points:
values: [70.87291263681897, 70.87291263681897, 70.87291263681897, 104.94235514585168, 104.94235514585168, 104.94235514585168, 115.89303989857751, 115.89303989857751, 115.89303989857751, 115.89303989857751, 115.89303989857751, 115.89303989857751, 115.84971215281733, 115.84971215281733, 115.84997079203517, 115.84997079203517, 115.76846130603862, 115.76846130603862, 115.7011263657877, 115.96030533635302, 126.54810696258028, 140.8227033158981, 140.8227033158981, 140.8227033158981, 170.15091827851197, 170.15091827851197, 170.15091827851197, 170.23885636024488, 170.23900368985915, 170.23900368985915, 177.5349609908531, 177.5349609908531, 177.5349609908531, 177.5349609908531, 184.72782491083493, 195.49467585564744, 195.49467585564744, 195.49467585564744, 195.49467585564744, 195.49467585564744, 195.49467585564744, 200.5909409898214, 200.5909409898214, 207.93405376579247, 207.93405376579247, 219.05889536054246, 219.05889536054246, 219.05889536054246, 219.20078046551427, 219.20063723881736, 223.52696560537294, 223.52696560537294, 223.52696560537294, 223.52696560537294, 223.52724456077672, 223.52724456077672, 223.5983173854473, 223.5983173854473, 227.92602675419786, 227.92602675419786, 227.92602675419786, 234.6078538623526, 237.58454806382682, 237.58454806382682, 237.58454806382682, 247.91967560146563, 247.91967560146563, 247.91967560146563, 248.0967340397058, 248.09680392089913, 250.4520089866557, 250.4520089866557, 250.4520089866557, 250.4520089866557, 250.4521533252115, 250.40655313394203, 252.76147369633017, 252.76147369633017, 252.76147369633017, 252.76147369633017, 252.76147369633017, 252.76147369633017, 256.70292763509167, 258.3112223588496]
Done!
Updating C
C: 40.120417133877034
nu_max: 40.120417133877034
opt_val: 288.235221443
