('generated stochastic delays:', [array([ 2, 11,  5, ...,  2,  3,  1])])
('test function', 'Borehole')
('opt_fidel_cost:', 1.1)
Running Experiment1: 
('total budget:', 600)
Auto Init: 
C: 20.469600578508693
nu: 20.469600578508693
Budget Remaining: 591.987407923
Number of MFHOO Instances: 3
Budget per MFHOO Instance:196.229135974
number of HOO: 3
Running SOO number: 1 rho: 0.95 nu: 20.469600578508693
delay_type: DHOO
policy: UCB1
[0.984375 0.265625 0.703125 0.984375 0.109375 0.03125  0.03125  0.46875 ]
final iterations:32469517
final HOO number of nodes:149
final HOO height:38
final duration:196
final optimal value:255.117243 
time durations: [0.000762939453125, 4.005202054977417, 4.009653091430664, 8.01526689529419, 8.016239881515503, 12.027960062026978, 16.030586004257202, 16.031327962875366, 20.034991979599, 24.047450065612793, 24.048319101333618, 28.055110931396484, 28.055629014968872, 28.056402921676636, 32.07526397705078, 36.07871103286743, 40.08278489112854, 44.08877205848694, 44.08965492248535, 44.0904700756073, 48.09978008270264, 52.10426902770996, 52.1049530506134, 56.111002922058105, 60.11698293685913, 60.11792993545532, 64.12445402145386, 68.12842392921448, 72.13570404052734, 76.13800501823425, 80.14495706558228, 84.15062499046326, 84.15168404579163, 88.15615200996399, 88.15688610076904, 92.1777400970459, 96.18195390701294, 96.18376898765564, 100.19055104255676, 104.19367003440857, 104.19480395317078, 108.20522999763489, 112.21074795722961, 116.21654891967773, 120.2221291065216, 120.22307109832764, 124.22987508773804, 124.23069405555725, 128.23956608772278, 128.2405879497528, 128.24151301383972, 132.2547369003296, 136.26779508590698, 136.26925706863403, 140.2866508960724, 144.28881788253784, 144.29035806655884, 148.30341696739197, 148.30471205711365, 152.31274890899658, 156.31749892234802, 156.31830191612244, 160.32972288131714, 160.33094096183777, 164.34393310546875, 168.35058403015137, 172.35470700263977, 176.367604970932, 176.36886191368103, 180.38124108314514, 184.3919599056244, 184.39353394508362, 188.40468287467957, 188.406240940094, 192.41846799850464]
noisy values: [56.41319345295263, 56.41319345295263, 59.962338364486115, 85.59978474516566, 85.59978474516566, 94.53204731537316, 94.53204731537316, 94.53204731537316, 97.54247489740784, 97.54247489740784, 97.54247489740784, 97.54247489740784, 97.54247489740784, 97.54247489740784, 98.331570249026, 108.50006666808076, 121.44101441295771, 147.8098601928386, 147.8098601928386, 147.8098601928386, 148.84100411053282, 149.8778915935374, 149.8778915935374, 157.32838856210353, 157.32838856210353, 157.32838856210353, 157.5016720261275, 158.12475840627633, 165.58705173401944, 176.1616308245883, 181.67602897822874, 181.67602897822874, 181.67602897822874, 199.29654852183992, 199.29654852183992, 200.27448254434177, 201.15845145590004, 201.15845145590004, 205.9851179394845, 205.9851179394845, 205.9851179394845, 205.98529785631592, 206.6426219425285, 211.42945208725962, 218.50141117771616, 218.50141117771616, 221.9970650364905, 221.9970650364905, 232.32652906463875, 232.32652906463875, 232.32652906463875, 233.06060218574916, 233.72347329045812, 233.72347329045812, 236.5780265876591, 236.5780265876591, 236.5780265876591, 236.5780265876591, 236.5780265876591, 237.2807411029893, 240.09154063613119, 240.09154063613119, 244.2811204793739, 244.2811204793739, 246.33479284520226, 252.03384952212272, 252.5477805146681, 252.97281307966085, 252.97281307966085, 253.01530164231372, 254.64018327234768, 254.64018327234768, 255.11724318608472, 255.11724318608472, 255.11724318608472]
data points:
values: [70.87291263681897, 70.87291263681897, 70.87291263681897, 104.94235514585168, 104.94235514585168, 104.94235514585168, 115.89303989857751, 115.89303989857751, 115.89303989857751, 115.84997079203517, 115.84997079203517, 115.84997079203517, 115.84997079203517, 115.84997079203517, 115.84997079203517, 115.7013843419826, 126.54838912404348, 169.64582642162648, 169.64582642162648, 169.64582642162648, 169.64582642162648, 169.57673577892572, 169.57682666724057, 169.57682666724057, 176.84440495297943, 176.84440495297943, 176.84440495297943, 177.03915103784504, 176.64400517112307, 194.5715288806894, 194.5715288806894, 199.61915606842823, 199.61915606842823, 217.90393413313888, 217.90393413313888, 217.90393413313888, 217.9556917560755, 217.95560644133784, 217.95560644133784, 222.25736183162738, 222.25736183162738, 222.25736183162738, 222.25753006933078, 222.41051017341093, 233.13566000309828, 233.13566000309828, 233.13566000309828, 236.07487913942984, 246.27851297138005, 246.27851297138005, 246.27851297138005, 246.27851297138005, 246.31705872086508, 246.31710476657946, 246.31710476657946, 248.65555829284446, 248.65555829284446, 248.65555829284446, 248.65555829284446, 248.65555829284446, 248.75917761002555, 251.0986056126277, 254.89597271260442, 254.89597271260442, 254.89597271260442, 261.87609758498166, 261.87609758498166, 261.8987229571038, 261.85471599472163, 261.85471599472163, 261.89869777260446, 263.11872276222846, 263.11872276222846, 263.1735336145226, 263.1735336145226]
Done!
Running SOO number: 2 rho: 0.925945462757 nu: 20.469600578508693
delay_type: DHOO
policy: UCB1
[0.984375 0.078125 0.421875 0.984375 0.96875  0.03125  0.03125  0.96875 ]
final iterations:34290567
final HOO number of nodes:161
final HOO height:49
final duration:196
final optimal value:290.090800 
time durations: [0.00014495849609375, 4.013046979904175, 8.019919872283936, 12.02160096168518, 12.027480840682983, 16.02832293510437, 16.02907705307007, 20.03698205947876, 24.04137086868286, 24.041966915130615, 28.058656930923462, 32.063493967056274, 32.064329862594604, 32.06477093696594, 36.07260584831238, 40.08490991592407, 44.090656042099, 48.09835505485535, 52.10147285461426, 52.102165937423706, 56.11215686798096, 60.11675190925598, 60.11819887161255, 64.12616395950317, 64.12714099884033, 68.13199400901794, 68.1378698348999, 68.13860082626343, 72.15070986747742, 76.1591408252716, 80.16268801689148, 84.1668529510498, 88.17394304275513, 92.17929792404175, 92.1807758808136, 96.18555283546448, 96.1868109703064, 96.18789792060852, 96.18858003616333, 100.1962399482727, 100.19739890098572, 104.20261597633362, 104.20484185218811, 104.20576000213623, 108.21713304519653, 112.22471284866333, 116.23555183410645, 120.25128698348999, 120.252121925354, 120.25589799880981, 124.2596640586853, 124.2727119922638, 124.27407383918762, 128.28107500076294, 132.285080909729, 132.28717589378357, 136.29575300216675, 136.29696702957153, 140.31713485717773, 140.31839990615845, 144.330472946167, 148.34320282936096, 148.34495186805725, 148.35275292396545, 152.35646796226501, 152.36632990837097, 152.36769485473633, 156.37700605392456, 156.380539894104, 160.38853001594543, 164.39556097984314, 164.3973309993744, 168.41729187965393, 172.41964387893677, 176.4295299053192, 176.4317388534546, 180.44002103805542, 184.44328904151917, 184.44496297836304, 188.4557409286499, 192.4613230228424, 192.4628210067749]
noisy values: [56.41319345295263, 60.32781831234464, 95.60009694453339, 97.15050025978394, 97.15050025978394, 98.5428168452685, 98.5428168452685, 110.15933330949125, 110.15933330949125, 110.15933330949125, 111.47607376732668, 112.81445962201366, 112.81445962201366, 112.81445962201366, 125.77208431996488, 140.8127318720692, 171.42983654293548, 172.7474368799422, 173.8770365550345, 173.8770365550345, 182.4194967317078, 182.4194967317078, 182.4194967317078, 182.4194967317078, 182.4194967317078, 183.31672598774543, 183.52841749590374, 183.52841749590374, 192.04467572676086, 204.19533205630697, 209.91745368529553, 230.1646296241276, 231.1567340281364, 231.70991173949042, 231.70991173949042, 231.94164190014226, 231.94164190014226, 231.94164190014226, 231.94164190014226, 237.94659215262482, 237.94659215262482, 238.64683529443417, 239.2352742833326, 239.2352742833326, 244.935320210222, 252.7791756859472, 256.1502607114963, 267.74747102421264, 267.74747102421264, 267.74747102421264, 268.0548812571777, 268.71328992417506, 268.71328992417506, 269.3923760768724, 269.3925025737289, 272.2551071318606, 272.2551071318606, 272.2551071318606, 272.25592839006384, 272.25592839006384, 272.25592839006384, 272.5571843421557, 272.5571843421557, 272.5571843421557, 275.3647799215293, 275.59104568709205, 275.59104568709205, 280.19743893671205, 280.19743893671205, 282.14452025311454, 285.01949088466824, 285.01949088466824, 288.28013554170576, 288.4804767317494, 288.6182122605872, 288.6182122605872, 290.09072130639964, 290.09072130639964, 290.09072130639964, 290.09072130639964, 290.0908004292728, 290.0908004292728]
data points:
values: [70.87291263681897, 70.87291263681897, 115.89303989857751, 115.89303989857751, 115.94985205077386, 115.94985205077386, 115.94997398170983, 115.94997398170983, 127.94479887636948, 127.94479887636948, 127.94479887636948, 127.9444834139051, 128.07938742337058, 128.07938742337058, 140.08682999431156, 155.5284880962732, 187.89121954521187, 187.89121954521187, 187.99845657252325, 187.99863624488333, 196.05572065537834, 196.05572065537834, 196.05572065537834, 196.05572065537834, 196.05572065537834, 196.05572065537834, 195.9353749775349, 196.16163865606396, 203.98751367524181, 216.12930469708937, 221.2283714875906, 241.60248827909697, 241.60248827909697, 241.7542008502588, 241.5128264127832, 241.5128264127832, 241.75431387105255, 241.75431387105255, 241.75431387105255, 246.52578059219172, 246.52578059219172, 246.52578059219172, 246.5928573857792, 246.5928573857792, 251.36562236743947, 258.9120413974627, 261.8943727142807, 273.2977997435049, 273.2977997435049, 273.2977997435049, 273.2977997435049, 273.1922022230608, 273.47508209009743, 273.47508209009743, 273.4750185347687, 276.0713003563013, 276.0713003563013, 276.0713003563013, 276.0713003563013, 275.78586769284675, 275.78586769284675, 275.78586769284675, 275.82619683546227, 275.82619683546227, 278.4201736082095, 278.4201736082095, 278.4201736082095, 282.66000126780926, 282.66000126780926, 284.2678699906134, 287.00452516102956, 287.00452516102956, 290.28787938997647, 290.28787938997647, 290.3398701289301, 290.3399089220689, 291.69234531266665, 291.69234531266665, 291.69234531266665, 291.69234531266665, 291.69234531266665, 291.6924240257431]
Done!
Updating C
C: 28.657440809912167
nu_max: 28.657440809912167
Running SOO number: 3 rho: 0.857375 nu: 28.657440809912167
delay_type: DHOO
policy: UCB1
[0.984375 0.140625 0.140625 0.984375 0.71875  0.03125  0.03125  0.34375 ]
final iterations:31732127
final HOO number of nodes:177
final HOO height:38
final duration:196
final optimal value:257.994744 
time durations: [0.00015282630920410156, 4.006567001342773, 4.008465051651001, 8.025432825088501, 8.026371002197266, 12.031918048858643, 12.032318830490112, 12.03263783454895, 16.043620824813843, 16.044281005859375, 20.047468900680542, 20.048703908920288, 24.055688858032227, 24.056272983551025, 28.06364893913269, 28.064291954040527, 32.07226085662842, 36.07702302932739, 36.077893018722534, 36.07887101173401, 40.083781003952026, 40.08457398414612, 40.085448026657104, 44.08978295326233, 44.090895891189575, 48.0931179523468, 52.097946882247925, 52.09948492050171, 56.106281042099, 56.10765504837036, 56.109020948410034, 56.11060690879822, 60.11950898170471, 60.12063384056091, 60.12186598777771, 64.1310670375824, 64.13215804100037, 68.14548683166504, 68.14660286903381, 72.16465497016907, 76.17311000823975, 80.18094396591187, 80.18934202194214, 84.19643688201904, 84.19739603996277, 84.1984589099884, 88.20776200294495, 92.22599196434021, 92.22741985321045, 96.23220801353455, 96.23340487480164, 100.23684883117676, 100.23780083656311, 104.25055503845215, 104.25220799446106, 108.25799298286438, 112.27223300933838, 116.2807719707489, 116.28180193901062, 120.29016494750977, 120.29126191139221, 124.29767084121704, 124.29946303367615, 128.30808687210083, 132.31577682495117, 136.32548904418945, 136.32711100578308, 140.3326759338379, 144.33831882476807, 144.3391809463501, 148.34594893455505, 148.34715104103088, 152.3686559200287, 156.3771870136261, 156.37875699996948, 160.38866686820984, 160.39005494117737, 164.39651703834534, 168.40545201301575, 168.4070029258728, 172.41738486289978, 172.41985392570496, 176.44021892547607, 180.44933605194092, 180.4512279033661, 184.46544790267944, 188.4700779914856, 188.47292304039001, 192.48280692100525, 192.48441791534424]
noisy values: [56.41319345295263, 56.41319345295263, 61.3696645511513, 89.18771066342792, 89.18771066342792, 98.49437793335393, 98.49437793335393, 98.49437793335393, 98.49437793335393, 98.49437793335393, 104.88859673496682, 104.88859673496682, 106.55358466826229, 106.55358466826229, 119.26859208071433, 119.26859208071433, 119.26859208071433, 132.4250700611708, 132.4250700611708, 132.4250700611708, 132.4250700611708, 132.4250700611708, 132.4250700611708, 161.4514849532798, 161.4514849532798, 162.7763349230165, 163.84049568883918, 163.8408296229329, 171.8138813427426, 171.8138813427426, 171.8138813427426, 171.8138813427426, 172.4882224480062, 172.4882224480062, 172.4882224480062, 172.71424993188603, 172.71424993188603, 180.54075103064042, 180.54075103064042, 180.54075103064042, 191.52443032764404, 191.52443032764404, 197.09821238451104, 215.78860590376, 215.78860590376, 215.78860590376, 216.39510480343546, 216.57226928034774, 216.57226928034774, 221.19622080797353, 221.19622080797353, 221.724069974463, 221.724069974463, 221.724069974463, 221.724069974463, 221.724069974463, 226.12430256162327, 233.13558352732284, 233.13558352732284, 236.29342433492857, 236.29342433492857, 236.29342433492857, 246.7479394145525, 246.7479394145525, 246.7479394145525, 246.7479394145525, 246.7479394145525, 246.7479394145525, 246.7479394145525, 246.7479394145525, 246.7479394145525, 246.7479394145525, 246.7479394145525, 246.7479394145525, 246.7479394145525, 249.6121131640663, 249.6121131640663, 249.6121131640663, 253.37490039054782, 253.37490039054782, 253.37490039054782, 256.6507224424276, 256.7242277650609, 256.76427340505717, 256.76427340505717, 257.99474411628165, 257.99474411628165, 257.99474411628165, 257.99474411628165, 257.99474411628165]
data points:
values: [70.87291263681897, 70.87291263681897, 70.87291263681897, 104.94235514585168, 104.94235514585168, 104.94235514585168, 115.89303989857751, 115.89303989857751, 115.89303989857751, 115.89303989857751, 115.89303989857751, 115.84997079203517, 115.84997079203517, 115.96056446961472, 126.83186738864111, 126.83186738864111, 126.83186738864111, 140.8227033158981, 140.8227033158981, 140.8227033158981, 140.8227033158981, 140.8227033158981, 140.8227033158981, 170.15091827851197, 170.15091827851197, 170.15091827851197, 170.23885636024488, 170.23900368985915, 177.5346247284869, 177.5346247284869, 177.5346247284869, 177.5346247284869, 177.5346247284869, 177.38903395746328, 177.38903395746328, 177.38903395746328, 177.62147170534556, 184.92098424118166, 184.92098424118166, 184.92098424118166, 195.49467585564744, 195.49467585564744, 200.5909409898214, 219.05889536054246, 219.05889536054246, 219.05889536054246, 219.05889536054246, 219.20078046551427, 218.97531468400948, 223.2971958948781, 223.2971958948781, 223.2971958948781, 223.52724456077672, 223.52724456077672, 223.52724456077672, 223.52724456077672, 227.6991579974751, 234.5263109278564, 234.5263109278564, 237.50092314460508, 237.50092314460508, 237.50092314460508, 247.82823729448887, 247.82823729448887, 247.82823729448887, 247.82823729448887, 247.82823729448887, 247.82823729448887, 247.82823729448887, 247.82823729448887, 247.82823729448887, 247.82823729448887, 247.82823729448887, 247.82823729448887, 247.82823729448887, 250.0450612926895, 250.0450612926895, 250.0450612926895, 253.6978063822306, 253.6978063822306, 253.6978063822306, 256.9778033329499, 256.9778033329499, 257.00468800178584, 257.00473296063535, 258.2018685886131, 258.2018685886131, 258.2018685886131, 258.2018685886131, 258.2018685886131]
Done!
opt_val: 291.692424026
