('generated stochastic delays:', [array([ 2, 11,  5, ...,  2,  3,  1])])
('test function', 'Branin')
('opt_fidel_cost:', 1.0)
Running Experiment1: 
('total budget:', 600)
Auto Init: 
C: 0.8313313703582592
nu: 0.8313313703582592
Budget Remaining: 591.99774003
Number of MFHOO Instances: 1
Budget per MFHOO Instance:590.99774003
number of HOO: 1
Running SOO number: 1 rho: 0.95 nu: 0.8313313703582592
delay_type: HOO
policy: UCB1
[0.54589844 0.12451172]
final iterations:74
final HOO number of nodes:149
final HOO height:20
final duration:592
final optimal value:-0.519116 
time durations: [8.006342887878418, 16.013243913650513, 24.022146940231323, 32.02761793136597, 40.033478021621704, 48.04166793823242, 56.04661679267883, 64.05248093605042, 72.06307291984558, 80.06926989555359, 88.0797188282013, 96.09043884277344, 104.09681582450867, 112.10665798187256, 120.11356902122498, 128.12206888198853, 136.12869787216187, 144.13393187522888, 152.13999199867249, 160.1427128314972, 168.151517868042, 176.15933299064636, 184.17144680023193, 192.17643785476685, 200.1840410232544, 208.1926507949829, 216.19734692573547, 224.20638179779053, 232.2138810157776, 240.21867680549622, 248.22590279579163, 256.2318139076233, 264.24015283584595, 272.2431128025055, 280.2510747909546, 288.2563388347626, 296.2615008354187, 304.2699329853058, 312.2759687900543, 320.2835907936096, 328.2949779033661, 336.3029818534851, 344.3105819225311, 352.31899881362915, 360.3301568031311, 368.3399999141693, 376.35166692733765, 384.3602888584137, 392.3675289154053, 400.37682485580444, 408.38180589675903, 416.3879380226135, 424.39586091041565, 432.40283584594727, 440.41235184669495, 448.41740584373474, 456.4262888431549, 464.4375488758087, 472.4470708370209, 480.45571398735046, 488.4644618034363, 496.47301602363586, 504.47863698005676, 512.4823818206787, 520.4897499084473, 528.4958009719849, 536.5014119148254, 544.510488986969, 552.5170068740845, 560.5285840034485, 568.5356647968292, 576.5465710163116, 584.5574719905853, 592.5661499500275]
noisy values: [-3.2693864500647454, -3.2693864500647454, -3.2693864500647454, -3.2693864500647454, -3.2693864500647454, -1.878555389133357, -1.878555389133357, -1.1364511705127924, -1.1364511705127924, -1.0557382984011134, -0.6921541650187368, -0.5852528064027673, -0.5852528064027673, -0.5852528064027673, -0.5852528064027673, -0.5852528064027673, -0.5662426882810632, -0.5644593252309509, -0.5644593252309509, -0.5644593252309509, -0.5501386805179802, -0.5501386805179802, -0.5432389831364901, -0.5432389831364901, -0.5432389831364901, -0.5432389831364901, -0.5432389831364901, -0.5357770412305793, -0.5357770412305793, -0.5324450200155155, -0.5324450200155155, -0.5236498078773355, -0.5236498078773355, -0.5236498078773355, -0.5236498078773355, -0.5236498078773355, -0.5236498078773355, -0.5236498078773355, -0.5236498078773355, -0.5236498078773355, -0.5236498078773355, -0.5236498078773355, -0.5236498078773355, -0.5236498078773355, -0.5236498078773355, -0.5236498078773355, -0.5236498078773355, -0.5236498078773355, -0.522673992833969, -0.522673992833969, -0.522673992833969, -0.522673992833969, -0.522673992833969, -0.522673992833969, -0.522673992833969, -0.522673992833969, -0.522673992833969, -0.522673992833969, -0.522673992833969, -0.522673992833969, -0.5191160233446777, -0.5191160233446777, -0.5191160233446777, -0.5191160233446777, -0.5191160233446777, -0.5191160233446777, -0.5191160233446777, -0.5191160233446777, -0.5191160233446777, -0.5191160233446777, -0.5191160233446777, -0.5191160233446777, -0.5191160233446777, -0.5191160233446777]
data points:
values: [-3.156436450015981, -3.156436450015981, -3.156436450015981, -3.156436450015981, -3.156436450015981, -2.065240567292882, -2.065240567292882, -1.2367994993539337, -1.2367994993539337, -1.2367994993539337, -1.138531354346135, -0.7604847887383777, -0.6366682720651493, -0.6366682720651493, -0.6366682720651493, -0.6366682720651493, -0.6366682720651493, -0.6016096509437467, -0.6061414031402013, -0.6061414031402013, -0.6061414031402013, -0.5809771487741298, -0.5809771487741298, -0.5802631959207343, -0.5802631959207343, -0.5802631959207343, -0.5802631959207343, -0.5802631959207343, -0.5667294360429196, -0.5667294360429196, -0.566327834922566, -0.566327834922566, -0.5546979199160589, -0.5546979199160589, -0.5546979199160589, -0.5546979199160589, -0.5546979199160589, -0.5546979199160589, -0.5546979199160589, -0.5546979199160589, -0.5546979199160589, -0.5546979199160589, -0.5546979199160589, -0.5546979199160589, -0.5546979199160589, -0.5546979199160589, -0.5546979199160589, -0.5546979199160589, -0.5546979199160589, -0.55160214699157, -0.55160214699157, -0.55160214699157, -0.55160214699157, -0.55160214699157, -0.55160214699157, -0.55160214699157, -0.55160214699157, -0.55160214699157, -0.55160214699157, -0.55160214699157, -0.55160214699157, -0.5461132684755707, -0.5461132684755707, -0.5461132684755707, -0.5461132684755707, -0.5461132684755707, -0.5461132684755707, -0.5461132684755707, -0.5461132684755707, -0.5461132684755707, -0.5461132684755707, -0.5461132684755707, -0.5461132684755707, -0.5461132684755707]
Done!
opt_val: -0.546113268476
