('generated stochastic delays:', [array([ 2, 11,  5, ...,  2,  3,  1])])
('test function', 'Branin')
('opt_fidel_cost:', 1.0)
Running Experiment1: 
('total budget:', 600)
Auto Init: 
C: 0.8313313703582592
nu: 0.8313313703582592
Budget Remaining: 591.996726036
Number of MFHOO Instances: 1
Budget per MFHOO Instance:590.996726036
number of HOO: 1
Running SOO number: 1 rho: 0.95 nu: 0.8313313703582592
delay_type: HOO
policy: UCB1
[0.54589844 0.12451172]
final iterations:74
final HOO number of nodes:149
final HOO height:20
final duration:592
final optimal value:-0.519116 
time durations: [8.004656076431274, 16.010689973831177, 24.018925189971924, 32.028266191482544, 40.0384521484375, 48.04721999168396, 56.05520701408386, 64.0595211982727, 72.06863212585449, 80.07455015182495, 88.08155012130737, 96.08494520187378, 104.08674001693726, 112.08824920654297, 120.09393906593323, 128.0985951423645, 136.10249519348145, 144.11012315750122, 152.11341404914856, 160.12072110176086, 168.12500309944153, 176.13200497627258, 184.14235019683838, 192.14890217781067, 200.16102814674377, 208.16921615600586, 216.17848706245422, 224.19111609458923, 232.19889402389526, 240.2113311290741, 248.22432208061218, 256.23371410369873, 264.2408320903778, 272.24471497535706, 280.25609517097473, 288.267028093338, 296.2775239944458, 304.2891061306, 312.29966711997986, 320.3094310760498, 328.3177070617676, 336.326868057251, 344.3313181400299, 352.3430440425873, 360.35203409194946, 368.35960817337036, 376.3724181652069, 384.38151717185974, 392.39142513275146, 400.4104461669922, 408.426735162735, 416.4433751106262, 424.4569880962372, 432.4655771255493, 440.4760060310364, 448.48014211654663, 456.4924371242523, 464.51201820373535, 472.52970004081726, 480.55249404907227, 488.5606482028961, 496.5747320652008, 504.59162497520447, 512.600967168808, 520.6181640625, 528.6318700313568, 536.6441550254822, 544.6531300544739, 552.6721251010895, 560.6909041404724, 568.706964969635, 576.7234721183777, 584.7386951446533, 592.7535240650177]
noisy values: [-3.2693864500647454, -3.2693864500647454, -3.2693864500647454, -3.2693864500647454, -3.2693864500647454, -1.878555389133357, -1.878555389133357, -1.1364511705127924, -1.1364511705127924, -1.0557382984011134, -0.6921541650187368, -0.5852528064027673, -0.5852528064027673, -0.5852528064027673, -0.5852528064027673, -0.5852528064027673, -0.5662426882810632, -0.5644593252309509, -0.5644593252309509, -0.5644593252309509, -0.5501386805179802, -0.5501386805179802, -0.5432389831364901, -0.5432389831364901, -0.5432389831364901, -0.5432389831364901, -0.5432389831364901, -0.5357770412305793, -0.5357770412305793, -0.5324450200155155, -0.5324450200155155, -0.5236498078773355, -0.5236498078773355, -0.5236498078773355, -0.5236498078773355, -0.5236498078773355, -0.5236498078773355, -0.5236498078773355, -0.5236498078773355, -0.5236498078773355, -0.5236498078773355, -0.5236498078773355, -0.5236498078773355, -0.5236498078773355, -0.5236498078773355, -0.5236498078773355, -0.5236498078773355, -0.5236498078773355, -0.522673992833969, -0.522673992833969, -0.522673992833969, -0.522673992833969, -0.522673992833969, -0.522673992833969, -0.522673992833969, -0.522673992833969, -0.522673992833969, -0.522673992833969, -0.522673992833969, -0.522673992833969, -0.5191160233446777, -0.5191160233446777, -0.5191160233446777, -0.5191160233446777, -0.5191160233446777, -0.5191160233446777, -0.5191160233446777, -0.5191160233446777, -0.5191160233446777, -0.5191160233446777, -0.5191160233446777, -0.5191160233446777, -0.5191160233446777, -0.5191160233446777]
data points:
values: [-3.156436450015981, -3.156436450015981, -3.156436450015981, -3.156436450015981, -3.156436450015981, -2.065240567292882, -2.065240567292882, -1.2367994993539337, -1.2367994993539337, -1.2367994993539337, -1.138531354346135, -0.7604847887383777, -0.6366682720651493, -0.6366682720651493, -0.6366682720651493, -0.6366682720651493, -0.6366682720651493, -0.6016096509437467, -0.6061414031402013, -0.6061414031402013, -0.6061414031402013, -0.5809771487741298, -0.5809771487741298, -0.5802631959207343, -0.5802631959207343, -0.5802631959207343, -0.5802631959207343, -0.5802631959207343, -0.5667294360429196, -0.5667294360429196, -0.566327834922566, -0.566327834922566, -0.5546979199160589, -0.5546979199160589, -0.5546979199160589, -0.5546979199160589, -0.5546979199160589, -0.5546979199160589, -0.5546979199160589, -0.5546979199160589, -0.5546979199160589, -0.5546979199160589, -0.5546979199160589, -0.5546979199160589, -0.5546979199160589, -0.5546979199160589, -0.5546979199160589, -0.5546979199160589, -0.5546979199160589, -0.55160214699157, -0.55160214699157, -0.55160214699157, -0.55160214699157, -0.55160214699157, -0.55160214699157, -0.55160214699157, -0.55160214699157, -0.55160214699157, -0.55160214699157, -0.55160214699157, -0.55160214699157, -0.5461132684755707, -0.5461132684755707, -0.5461132684755707, -0.5461132684755707, -0.5461132684755707, -0.5461132684755707, -0.5461132684755707, -0.5461132684755707, -0.5461132684755707, -0.5461132684755707, -0.5461132684755707, -0.5461132684755707, -0.5461132684755707]
Done!
opt_val: -0.546113268476
