('generated stochastic delays:', [array([ 2, 11,  5, ...,  2,  3,  1])])
('test function', 'Branin')
('opt_fidel_cost:', 1.0)
Running Experiment1: 
('total budget:', 600)
Auto Init: 
C: 0.8313313703582592
nu: 0.8313313703582592
Budget Remaining: 591.994535923
Number of MFHOO Instances: 2
Budget per MFHOO Instance:294.997267962
number of HOO: 2
Running SOO number: 1 rho: 0.95 nu: 0.8313313703582592
delay_type: HOO
policy: UCB1
[0.54492188 0.12402344]
final iterations:37
final HOO number of nodes:75
final HOO height:18
final duration:296
final optimal value:-0.523650 
time durations: [8.010753870010376, 16.01638102531433, 24.02192497253418, 32.02937889099121, 40.037055015563965, 48.044134855270386, 56.0526978969574, 64.05958485603333, 72.06469702720642, 80.07342481613159, 88.08030796051025, 96.08716893196106, 104.09408783912659, 112.10479998588562, 120.11554193496704, 128.1228358745575, 136.13148093223572, 144.1366729736328, 152.14512395858765, 160.15253400802612, 168.1595139503479, 176.16835188865662, 184.17285895347595, 192.17895579338074, 200.18547201156616, 208.19484782218933, 216.20191192626953, 224.20584201812744, 232.20999002456665, 240.2162868976593, 248.22735691070557, 256.23572182655334, 264.245187997818, 272.2515048980713, 280.2555649280548, 288.2665958404541, 296.27784991264343]
noisy values: [-3.2693864500647454, -3.2693864500647454, -3.2693864500647454, -3.2693864500647454, -3.2693864500647454, -1.878555389133357, -1.878555389133357, -1.1364511705127924, -1.1364511705127924, -1.0557382984011134, -0.6921541650187368, -0.5852528064027673, -0.5852528064027673, -0.5852528064027673, -0.5852528064027673, -0.5852528064027673, -0.5662426882810632, -0.5644593252309509, -0.5644593252309509, -0.5644593252309509, -0.5501386805179802, -0.5501386805179802, -0.5432389831364901, -0.5432389831364901, -0.5432389831364901, -0.5432389831364901, -0.5432389831364901, -0.5357770412305793, -0.5357770412305793, -0.5324450200155155, -0.5324450200155155, -0.5236498078773355, -0.5236498078773355, -0.5236498078773355, -0.5236498078773355, -0.5236498078773355, -0.5236498078773355]
data points:
values: [-3.156436450015981, -3.156436450015981, -3.156436450015981, -3.156436450015981, -3.156436450015981, -2.065240567292882, -2.065240567292882, -1.2367994993539337, -1.2367994993539337, -1.2367994993539337, -1.138531354346135, -0.7604847887383777, -0.6366682720651493, -0.6366682720651493, -0.6366682720651493, -0.6366682720651493, -0.6366682720651493, -0.6016096509437467, -0.6061414031402013, -0.6061414031402013, -0.6061414031402013, -0.5809771487741298, -0.5809771487741298, -0.5802631959207343, -0.5802631959207343, -0.5802631959207343, -0.5802631959207343, -0.5802631959207343, -0.5667294360429196, -0.5667294360429196, -0.566327834922566, -0.566327834922566, -0.5546979199160589, -0.5546979199160589, -0.5546979199160589, -0.5546979199160589, -0.5546979199160589]
Done!
Running SOO number: 2 rho: 0.9025 nu: 0.8313313703582592
delay_type: HOO
policy: UCB1
[0.54492188 0.12402344]
final iterations:37
final HOO number of nodes:75
final HOO height:18
final duration:296
final optimal value:-0.541284 
time durations: [8.004662990570068, 16.016089916229248, 24.02622890472412, 32.02560901641846, 40.016160011291504, 48.012797832489014, 56.01262903213501, 64.01617193222046, 72.01936292648315, 80.02634000778198, 88.03338599205017, 96.03546786308289, 104.03804087638855, 112.04721784591675, 120.05423092842102, 128.06516098976135, 136.07200288772583, 144.0800700187683, 152.08396983146667, 160.09297800064087, 168.10172390937805, 176.10986995697021, 184.11976289749146, 192.12544798851013, 200.13552689552307, 208.14765405654907, 216.14982891082764, 224.15353298187256, 232.16284704208374, 240.1724410057068, 248.1795380115509, 256.1845450401306, 264.19126987457275, 272.1981420516968, 280.2077820301056, 288.2152569293976, 296.2243318557739]
noisy values: [-3.2635714940076213, -3.2635714940076213, -3.2635714940076213, -3.2635714940076213, -3.2635714940076213, -1.9265405727084595, -1.9265405727084595, -1.1652880596633306, -1.1652880596633306, -1.085632060111573, -0.7186660843848536, -0.6065878298706018, -0.6065878298706018, -0.6065878298706018, -0.6065878298706018, -0.6065878298706018, -0.5836895205627322, -0.5836895205627322, -0.5836895205627322, -0.5836895205627322, -0.5660858872931964, -0.5660858872931964, -0.56258837818487, -0.56258837818487, -0.56258837818487, -0.56258837818487, -0.5525853449364266, -0.5525853449364266, -0.5525853449364266, -0.5525853449364266, -0.5509307576534308, -0.5509307576534308, -0.5412844836045156, -0.5412844836045156, -0.5412844836045156, -0.5412844836045156, -0.5412844836045156]
data points:
values: [-3.156436450015981, -3.156436450015981, -3.156436450015981, -3.156436450015981, -3.156436450015981, -2.065240567292882, -2.065240567292882, -1.2367994993539337, -1.2367994993539337, -1.2367994993539337, -0.7604847887383777, -0.7604847887383777, -0.6366682720651493, -0.6366682720651493, -0.6366682720651493, -0.6366682720651493, -0.6366682720651493, -0.6016096509437467, -0.6016096509437467, -0.6016096509437467, -0.6016096509437467, -0.5809771487741298, -0.5809771487741298, -0.5802631959207343, -0.5802631959207343, -0.5802631959207343, -0.5802631959207343, -0.5667294360429196, -0.5667294360429196, -0.5667294360429196, -0.5667294360429196, -0.566327834922566, -0.566327834922566, -0.5546979199160589, -0.5546979199160589, -0.5546979199160589, -0.5546979199160589]
Done!
Updating C
C: 1.163863918501563
nu_max: 1.163863918501563
opt_val: -0.554697919916
