('generated stochastic delays:', [array([ 2, 11,  5, ...,  2,  3,  1])])
('test function', 'Branin')
('opt_fidel_cost:', 1.0)
Running Experiment1: 
('total budget:', 600)
Auto Init: 
C: 0.8313313703582592
nu: 0.8313313703582592
Budget Remaining: 591.992634058
Number of MFHOO Instances: 2
Budget per MFHOO Instance:294.996317029
number of HOO: 2
Running SOO number: 1 rho: 0.95 nu: 0.8313313703582592
delay_type: HOO
policy: UCB1
[0.54492188 0.12402344]
final iterations:37
final HOO number of nodes:75
final HOO height:18
final duration:296
final optimal value:-0.523650 
time durations: [8.006986856460571, 16.013991832733154, 24.023998975753784, 32.03048086166382, 40.0343918800354, 48.03810095787048, 56.049874782562256, 64.05910587310791, 72.06989979743958, 80.08015084266663, 88.08825492858887, 96.09974694252014, 104.1056809425354, 112.11394882202148, 120.12043380737305, 128.12960386276245, 136.13957595825195, 144.14759993553162, 152.15457677841187, 160.15724182128906, 168.16782784461975, 176.1769449710846, 184.18822598457336, 192.19630098342896, 200.20198392868042, 208.20789885520935, 216.21715784072876, 224.22449493408203, 232.23384881019592, 240.24186491966248, 248.2476749420166, 256.25866198539734, 264.2695698738098, 272.2797918319702, 280.28765988349915, 288.2951138019562, 296.30633997917175]
noisy values: [-3.2693864500647454, -3.2693864500647454, -3.2693864500647454, -3.2693864500647454, -3.2693864500647454, -1.878555389133357, -1.878555389133357, -1.1364511705127924, -1.1364511705127924, -1.0557382984011134, -0.6921541650187368, -0.5852528064027673, -0.5852528064027673, -0.5852528064027673, -0.5852528064027673, -0.5852528064027673, -0.5662426882810632, -0.5644593252309509, -0.5644593252309509, -0.5644593252309509, -0.5501386805179802, -0.5501386805179802, -0.5432389831364901, -0.5432389831364901, -0.5432389831364901, -0.5432389831364901, -0.5432389831364901, -0.5357770412305793, -0.5357770412305793, -0.5324450200155155, -0.5324450200155155, -0.5236498078773355, -0.5236498078773355, -0.5236498078773355, -0.5236498078773355, -0.5236498078773355, -0.5236498078773355]
data points:
values: [-3.156436450015981, -3.156436450015981, -3.156436450015981, -3.156436450015981, -3.156436450015981, -2.065240567292882, -2.065240567292882, -1.2367994993539337, -1.2367994993539337, -1.2367994993539337, -1.138531354346135, -0.7604847887383777, -0.6366682720651493, -0.6366682720651493, -0.6366682720651493, -0.6366682720651493, -0.6366682720651493, -0.6016096509437467, -0.6061414031402013, -0.6061414031402013, -0.6061414031402013, -0.5809771487741298, -0.5809771487741298, -0.5802631959207343, -0.5802631959207343, -0.5802631959207343, -0.5802631959207343, -0.5802631959207343, -0.5667294360429196, -0.5667294360429196, -0.566327834922566, -0.566327834922566, -0.5546979199160589, -0.5546979199160589, -0.5546979199160589, -0.5546979199160589, -0.5546979199160589]
Done!
Running SOO number: 2 rho: 0.9025 nu: 0.8313313703582592
delay_type: HOO
policy: UCB1
[0.54492188 0.12402344]
final iterations:37
final HOO number of nodes:75
final HOO height:18
final duration:296
final optimal value:-0.541284 
time durations: [8.003956079483032, 16.01468801498413, 24.02105689048767, 32.02915692329407, 40.035987854003906, 48.045104026794434, 56.05325198173523, 64.0624589920044, 72.07212090492249, 80.07542705535889, 88.08473992347717, 96.09036898612976, 104.10100388526917, 112.10756206512451, 120.1176688671112, 128.1258089542389, 136.13032507896423, 144.14040303230286, 152.1462950706482, 160.1582419872284, 168.16539597511292, 176.17316508293152, 184.18177008628845, 192.1859130859375, 200.18901801109314, 208.19691586494446, 216.202486038208, 224.21013689041138, 232.21867203712463, 240.22857689857483, 248.23156189918518, 256.23566007614136, 264.24528098106384, 272.2487530708313, 280.2580418586731, 288.26951694488525, 296.27674102783203]
noisy values: [-3.2635714940076213, -3.2635714940076213, -3.2635714940076213, -3.2635714940076213, -3.2635714940076213, -1.9265405727084595, -1.9265405727084595, -1.1652880596633306, -1.1652880596633306, -1.085632060111573, -0.7186660843848536, -0.6065878298706018, -0.6065878298706018, -0.6065878298706018, -0.6065878298706018, -0.6065878298706018, -0.5836895205627322, -0.5836895205627322, -0.5836895205627322, -0.5836895205627322, -0.5660858872931964, -0.5660858872931964, -0.56258837818487, -0.56258837818487, -0.56258837818487, -0.56258837818487, -0.5525853449364266, -0.5525853449364266, -0.5525853449364266, -0.5525853449364266, -0.5509307576534308, -0.5509307576534308, -0.5412844836045156, -0.5412844836045156, -0.5412844836045156, -0.5412844836045156, -0.5412844836045156]
data points:
values: [-3.156436450015981, -3.156436450015981, -3.156436450015981, -3.156436450015981, -3.156436450015981, -2.065240567292882, -2.065240567292882, -1.2367994993539337, -1.2367994993539337, -1.2367994993539337, -0.7604847887383777, -0.7604847887383777, -0.6366682720651493, -0.6366682720651493, -0.6366682720651493, -0.6366682720651493, -0.6366682720651493, -0.6016096509437467, -0.6016096509437467, -0.6016096509437467, -0.6016096509437467, -0.5809771487741298, -0.5809771487741298, -0.5802631959207343, -0.5802631959207343, -0.5802631959207343, -0.5802631959207343, -0.5667294360429196, -0.5667294360429196, -0.5667294360429196, -0.5667294360429196, -0.566327834922566, -0.566327834922566, -0.5546979199160589, -0.5546979199160589, -0.5546979199160589, -0.5546979199160589]
Done!
Updating C
C: 1.163863918501563
nu_max: 1.163863918501563
opt_val: -0.554697919916
