('generated stochastic delays:', [array([ 2, 11,  5, ...,  2,  3,  1])])
('test function', 'Hartmann3')
('opt_fidel_cost:', 1.0)
Running Experiment1: 
('total budget:', 600)
Auto Init: 
C: 0.006103201357804554
nu: 0.006103201357804554
Budget Remaining: 591.991761923
Number of MFHOO Instances: 1
Budget per MFHOO Instance:590.991761923
number of HOO: 1
Running SOO number: 1 rho: 0.95 nu: 0.006103201357804554
delay_type: DHOO
policy: UCB1
[0.12890625 0.5546875  0.8515625 ]
final iterations:76854677
final HOO number of nodes:572
final HOO height:27
final duration:590
final optimal value:3.862543 
time durations: [0.0011529922485351562, 4.005429029464722, 4.008373022079468, 4.009269952774048, 8.012771129608154, 8.013206005096436, 12.017959117889404, 12.018340110778809, 16.025214910507202, 16.026047945022583, 20.032546997070312, 24.040329933166504, 28.043066024780273, 32.049286127090454, 32.04995799064636, 36.058021068573, 40.06733202934265, 44.07343411445618, 48.07875990867615, 48.0807740688324, 52.09881591796875, 56.10555291175842, 56.1067910194397, 60.110053062438965, 60.11079692840576, 64.13161897659302, 68.13388991355896, 68.13510799407959, 72.14572596549988, 76.14821600914001, 76.14971208572388, 76.15046906471252, 80.16628503799438, 80.16706490516663, 84.1720700263977, 84.1729040145874, 84.17415404319763, 88.17866706848145, 88.1795449256897, 92.19829797744751, 92.19912695884705, 96.20680809020996, 96.2088611125946, 100.22754907608032, 100.22847199440002, 104.23301792144775, 104.23429298400879, 108.26016092300415, 108.26148509979248, 112.26721501350403, 112.26807689666748, 116.29150891304016, 116.29271292686462, 120.31445598602295, 120.3157730102539, 124.32725191116333, 124.32873797416687, 128.33860111236572, 128.33972811698914, 132.34985089302063, 132.35189390182495, 136.36390900611877, 140.36863803863525, 140.37003111839294, 144.38013100624084, 144.3821930885315, 148.38470005989075, 148.38640308380127, 152.39712691307068, 152.39841604232788, 156.41272711753845, 156.41547799110413, 160.42541193962097, 164.43294596672058, 164.43470907211304, 168.4428961277008, 168.4440610408783, 172.45207905769348, 172.45549607276917, 176.46179294586182, 176.46379899978638, 180.47604489326477, 184.48171091079712, 184.48340106010437, 188.48931407928467, 192.49622511863708, 192.4983160495758, 196.50185799598694, 196.50387406349182, 196.50575304031372, 200.51827096939087, 200.519681930542, 204.52605509757996, 204.52754998207092, 208.54238510131836, 208.54500198364258, 212.5515170097351, 212.55310702323914, 216.56240510940552, 220.5709900856018, 220.57537698745728, 224.58262705802917, 228.58920097351074, 228.5912570953369, 232.5981640815735, 232.59995412826538, 236.61110401153564, 236.61279392242432, 240.6385760307312, 240.64091110229492, 244.64499306678772, 248.65513706207275, 248.65740203857422, 252.66428804397583, 252.6660361289978, 256.68463802337646, 256.6864490509033, 260.69452595710754, 260.6963789463043, 264.7119560241699, 264.7148509025574, 268.72720408439636, 268.73036909103394, 272.7373459339142, 272.7396719455719, 276.743488073349, 276.7454469203949, 280.7505159378052, 280.75250792503357, 284.76346611976624, 284.76582193374634, 284.7678620815277, 288.7769410610199, 288.7791500091553, 292.78804111480713, 292.791296005249, 296.80514192581177, 296.80715799331665, 300.8216800689697, 300.82340002059937, 304.8285460472107, 304.8314220905304, 308.83624601364136, 308.83914589881897, 312.8440511226654, 312.846293926239, 312.84884309768677, 316.8658080101013, 316.86862111091614, 320.87637996673584, 320.87883496284485, 324.89382696151733, 324.8967299461365, 328.9135329723358, 328.91595101356506, 332.9264750480652, 332.9285500049591, 336.9312229156494, 336.9339780807495, 336.9370539188385, 340.9449510574341, 340.9473030567169, 344.9588339328766, 344.9621250629425, 348.967365026474, 348.96991991996765, 348.97223711013794, 352.9829149246216, 356.9858980178833, 356.98828291893005, 360.9962999820709, 360.9987850189209, 365.0073330402374, 365.01035594940186, 369.01995611190796, 369.0225839614868, 373.04253792762756, 373.04533791542053, 373.04731702804565, 377.06426310539246, 377.0673899650574, 381.07472801208496, 385.08460807800293, 385.0873439311981, 389.10127902030945, 389.1129860877991, 389.1158790588379, 393.1280879974365, 393.13077306747437, 397.1438069343567, 401.14793395996094, 401.1511199474335, 405.15687704086304, 405.1605489253998, 409.16689705848694, 409.16977405548096, 413.1794080734253, 413.1836769580841, 417.1881880760193, 417.19288992881775, 421.2021379470825, 421.20600605010986, 425.2151610851288, 425.21820306777954, 429.2289400100708, 429.2330570220947, 429.2357499599457, 433.2460811138153, 433.2510631084442, 437.26167392730713, 437.2676339149475, 441.27921295166016, 441.2833890914917, 445.2929210662842, 449.3081040382385, 449.31448101997375, 453.3241069316864, 453.32727909088135, 457.3372120857239, 457.34039092063904, 461.3490660190582, 465.3562309741974, 465.3605360984802, 469.37888193130493, 469.38218808174133, 473.38796401023865, 473.39302706718445, 477.4031980037689, 481.4165139198303, 481.4208219051361, 485.4294219017029, 485.4335639476776, 489.43753695487976, 489.44184398651123, 493.4549009799957, 493.45820903778076, 497.4675679206848, 497.47092390060425, 497.47416400909424, 501.4909689426422, 501.494952917099, 505.5019381046295, 505.50574707984924, 509.51798009872437, 513.5274350643158, 513.5310130119324, 517.5368700027466, 517.5407819747925, 521.5500710010529, 521.5539190769196, 525.5632119178772, 525.5674741268158, 525.5713250637054, 529.5801811218262, 529.5843360424042, 533.6061630249023, 533.6107969284058, 537.6174108982086, 537.6220691204071, 541.6308341026306, 541.6336150169373, 541.6369860172272, 545.648059129715, 545.6519501209259, 549.6600980758667, 549.6641509532928, 553.6739480495453, 553.6780729293823, 557.6879239082336, 557.6919360160828, 561.69731092453, 561.7016620635986, 565.7174270153046, 565.721489906311, 569.7296810150146, 569.7342529296875, 569.7384350299835, 573.7422409057617, 573.7471148967743, 573.751946926117, 577.7707149982452, 577.7748279571533, 581.7802851200104, 585.7859671115875, 585.7900750637054, 585.7945461273193, 589.8046319484711, 589.808916091919, 589.8129749298096]
noisy values: [0.6237107156186104, 0.6237107156186104, 2.90446484187254, 2.90446484187254, 2.9996983925770007, 2.9996983925770007, 2.9996983925770007, 2.9996983925770007, 2.9996983925770007, 2.9996983925770007, 3.034533329903857, 3.656709276636077, 3.656709276636077, 3.656709276636077, 3.811497962308074, 3.811497962308074, 3.811497962308074, 3.811497962308074, 3.811497962308074, 3.811497962308074, 3.835324419683063, 3.835324419683063, 3.835324419683063, 3.835324419683063, 3.835324419683063, 3.8358395462693746, 3.8528718536725597, 3.8528718536725597, 3.854741669612052, 3.854741669612052, 3.854741669612052, 3.854741669612052, 3.854741669612052, 3.854741669612052, 3.8549504883465047, 3.8549504883465047, 3.8549504883465047, 3.8579273666198386, 3.8579273666198386, 3.8579273666198386, 3.8579273666198386, 3.8579273666198386, 3.8579273666198386, 3.8579273666198386, 3.8579273666198386, 3.8579273666198386, 3.8579273666198386, 3.8579273666198386, 3.8579273666198386, 3.8601265774749915, 3.8601265774749915, 3.8604227128510136, 3.8604227128510136, 3.8604227128510136, 3.8604227128510136, 3.8612013052579846, 3.8612013052579846, 3.862467667607388, 3.862467667607388, 3.8625427579798925, 3.8625427579798925, 3.8625427579798925, 3.8625427579798925, 3.8625427579798925, 3.8625427579798925, 3.8625427579798925, 3.8625427579798925, 3.8625427579798925, 3.8625427579798925, 3.8625427579798925, 3.8625427579798925, 3.8625427579798925, 3.8625427579798925, 3.8625427579798925, 3.8625427579798925, 3.8625427579798925, 3.8625427579798925, 3.8625427579798925, 3.8625427579798925, 3.8625427579798925, 3.8625427579798925, 3.8625427579798925, 3.8625427579798925, 3.8625427579798925, 3.8625427579798925, 3.8625427579798925, 3.8625427579798925, 3.8625427579798925, 3.8625427579798925, 3.8625427579798925, 3.8625427579798925, 3.8625427579798925, 3.8625427579798925, 3.8625427579798925, 3.8625427579798925, 3.8625427579798925, 3.8625427579798925, 3.8625427579798925, 3.8625427579798925, 3.8625427579798925, 3.8625427579798925, 3.8625427579798925, 3.8625427579798925, 3.8625427579798925, 3.8625427579798925, 3.8625427579798925, 3.8625427579798925, 3.8625427579798925, 3.8625427579798925, 3.8625427579798925, 3.8625427579798925, 3.8625427579798925, 3.8625427579798925, 3.8625427579798925, 3.8625427579798925, 3.8625427579798925, 3.8625427579798925, 3.8625427579798925, 3.8625427579798925, 3.8625427579798925, 3.8625427579798925, 3.8625427579798925, 3.8625427579798925, 3.8625427579798925, 3.8625427579798925, 3.8625427579798925, 3.8625427579798925, 3.8625427579798925, 3.8625427579798925, 3.8625427579798925, 3.8625427579798925, 3.8625427579798925, 3.8625427579798925, 3.8625427579798925, 3.8625427579798925, 3.8625427579798925, 3.8625427579798925, 3.8625427579798925, 3.8625427579798925, 3.8625427579798925, 3.8625427579798925, 3.8625427579798925, 3.8625427579798925, 3.8625427579798925, 3.8625427579798925, 3.8625427579798925, 3.8625427579798925, 3.8625427579798925, 3.8625427579798925, 3.8625427579798925, 3.8625427579798925, 3.8625427579798925, 3.8625427579798925, 3.8625427579798925, 3.8625427579798925, 3.8625427579798925, 3.8625427579798925, 3.8625427579798925, 3.8625427579798925, 3.8625427579798925, 3.8625427579798925, 3.8625427579798925, 3.8625427579798925, 3.8625427579798925, 3.8625427579798925, 3.8625427579798925, 3.8625427579798925, 3.8625427579798925, 3.8625427579798925, 3.8625427579798925, 3.8625427579798925, 3.8625427579798925, 3.8625427579798925, 3.8625427579798925, 3.8625427579798925, 3.8625427579798925, 3.8625427579798925, 3.8625427579798925, 3.8625427579798925, 3.8625427579798925, 3.8625427579798925, 3.8625427579798925, 3.8625427579798925, 3.8625427579798925, 3.8625427579798925, 3.8625427579798925, 3.8625427579798925, 3.8625427579798925, 3.8625427579798925, 3.8625427579798925, 3.8625427579798925, 3.8625427579798925, 3.8625427579798925, 3.8625427579798925, 3.8625427579798925, 3.8625427579798925, 3.8625427579798925, 3.8625427579798925, 3.8625427579798925, 3.8625427579798925, 3.8625427579798925, 3.8625427579798925, 3.8625427579798925, 3.8625427579798925, 3.8625427579798925, 3.8625427579798925, 3.8625427579798925, 3.8625427579798925, 3.8625427579798925, 3.8625427579798925, 3.8625427579798925, 3.8625427579798925, 3.8625427579798925, 3.8625427579798925, 3.8625427579798925, 3.8625427579798925, 3.8625427579798925, 3.8625427579798925, 3.8625427579798925, 3.8625427579798925, 3.8625427579798925, 3.8625427579798925, 3.8625427579798925, 3.8625427579798925, 3.8625427579798925, 3.8625427579798925, 3.8625427579798925, 3.8625427579798925, 3.8625427579798925, 3.8625427579798925, 3.8625427579798925, 3.8625427579798925, 3.8625427579798925, 3.8625427579798925, 3.8625427579798925, 3.8625427579798925, 3.8625427579798925, 3.8625427579798925, 3.8625427579798925, 3.8625427579798925, 3.8625427579798925, 3.8625427579798925, 3.8625427579798925, 3.8625427579798925, 3.8625427579798925, 3.8625427579798925, 3.8625427579798925, 3.8625427579798925, 3.8625427579798925, 3.8625427579798925, 3.8625427579798925, 3.8625427579798925, 3.8625427579798925, 3.8625427579798925, 3.8625427579798925, 3.8625427579798925, 3.8625427579798925, 3.8625427579798925, 3.8625427579798925, 3.8625427579798925, 3.8625427579798925, 3.8625427579798925, 3.8625427579798925, 3.8625427579798925, 3.8625427579798925, 3.8625427579798925, 3.8625427579798925, 3.8625427579798925, 3.8625427579798925, 3.8625427579798925, 3.8625427579798925, 3.8625427579798925, 3.8625427579798925, 3.8625427579798925, 3.8625427579798925, 3.8625427579798925, 3.8625427579798925, 3.8625427579798925, 3.8625427579798925, 3.8625427579798925, 3.8625427579798925, 3.8625427579798925, 3.8625427579798925, 3.8625427579798925, 3.8625427579798925, 3.8625427579798925, 3.8625427579798925, 3.8625427579798925, 3.8625427579798925]
data points:
values: [0.6280220150705937, 0.6280220150705937, 2.904484009098526, 2.904484009098526, 2.999716768817375, 2.999716768817375, 2.999716768817375, 2.999716768817375, 2.999716768817375, 2.999716768817375, 3.0345376190400914, 3.656709344911328, 3.656709344911328, 3.656709344911328, 3.8114980631664195, 3.8114980631664195, 3.8114980631664195, 3.8114980631664195, 3.8114980631664195, 3.8114980631664195, 3.835324797095712, 3.835324797095712, 3.835324797095712, 3.835324797095712, 3.835324797095712, 3.835324797095712, 3.8528721460921345, 3.8528721460921345, 3.8528721460921345, 3.8547418302495533, 3.8547418302495533, 3.8547418302495533, 3.8547418302495533, 3.8547418302495533, 3.8547418302495533, 3.8549506393002537, 3.8549506393002537, 3.8579275006281573, 3.8579275006281573, 3.8579275006281573, 3.8579275006281573, 3.8579275006281573, 3.8579275006281573, 3.8579275006281573, 3.8579275006281573, 3.8579275006281573, 3.8579275006281573, 3.8579275006281573, 3.8579275006281573, 3.8579275006281573, 3.8601267555349783, 3.8601267555349783, 3.8604228812517976, 3.8604228812517976, 3.8604228812517976, 3.8604228812517976, 3.8612014800591976, 3.8612014800591976, 3.8624678353301993, 3.8624678353301993, 3.862542916430087, 3.862542916430087, 3.862542916430087, 3.862542916430087, 3.862542916430087, 3.862542916430087, 3.862542916430087, 3.862542916430087, 3.862542916430087, 3.862542916430087, 3.862542916430087, 3.862542916430087, 3.862542916430087, 3.862542916430087, 3.862542916430087, 3.862542916430087, 3.862542916430087, 3.862542916430087, 3.862542916430087, 3.862542916430087, 3.862542916430087, 3.862542916430087, 3.862542916430087, 3.862542916430087, 3.862542916430087, 3.862542916430087, 3.862542916430087, 3.862542916430087, 3.862542916430087, 3.862542916430087, 3.862542916430087, 3.862542916430087, 3.862542916430087, 3.862542916430087, 3.862542916430087, 3.862542916430087, 3.862542916430087, 3.862542916430087, 3.862542916430087, 3.862542916430087, 3.862542916430087, 3.862542916430087, 3.862542916430087, 3.862542916430087, 3.862542916430087, 3.862542916430087, 3.862542916430087, 3.862542916430087, 3.862542916430087, 3.862542916430087, 3.862542916430087, 3.862542916430087, 3.862542916430087, 3.862542916430087, 3.862542916430087, 3.862542916430087, 3.862542916430087, 3.862542916430087, 3.862542916430087, 3.862542916430087, 3.862542916430087, 3.862542916430087, 3.862542916430087, 3.862542916430087, 3.862542916430087, 3.862542916430087, 3.862542916430087, 3.862542916430087, 3.862542916430087, 3.862542916430087, 3.862542916430087, 3.862542916430087, 3.862542916430087, 3.862542916430087, 3.862542916430087, 3.862542916430087, 3.862542916430087, 3.862542916430087, 3.862542916430087, 3.862542916430087, 3.862542916430087, 3.862542916430087, 3.862542916430087, 3.862542916430087, 3.862542916430087, 3.862542916430087, 3.862542916430087, 3.862542916430087, 3.862542916430087, 3.862542916430087, 3.862542916430087, 3.862542916430087, 3.862542916430087, 3.862542916430087, 3.862542916430087, 3.862542916430087, 3.862542916430087, 3.862542916430087, 3.862542916430087, 3.862542916430087, 3.862542916430087, 3.862542916430087, 3.862542916430087, 3.862542916430087, 3.862542916430087, 3.862542916430087, 3.862542916430087, 3.862542916430087, 3.862542916430087, 3.862542916430087, 3.862542916430087, 3.862542916430087, 3.862542916430087, 3.862542916430087, 3.862542916430087, 3.862542916430087, 3.862542916430087, 3.862542916430087, 3.862542916430087, 3.862542916430087, 3.862542916430087, 3.862542916430087, 3.862542916430087, 3.862542916430087, 3.862542916430087, 3.862542916430087, 3.862542916430087, 3.862542916430087, 3.862542916430087, 3.862542916430087, 3.862542916430087, 3.862542916430087, 3.862542916430087, 3.862542916430087, 3.862542916430087, 3.862542916430087, 3.862542916430087, 3.862542916430087, 3.862542916430087, 3.862542916430087, 3.862542916430087, 3.862542916430087, 3.862542916430087, 3.862542916430087, 3.862542916430087, 3.862542916430087, 3.862542916430087, 3.862542916430087, 3.862542916430087, 3.862542916430087, 3.862542916430087, 3.862542916430087, 3.862542916430087, 3.862542916430087, 3.862542916430087, 3.862542916430087, 3.862542916430087, 3.862542916430087, 3.862542916430087, 3.862542916430087, 3.862542916430087, 3.862542916430087, 3.862542916430087, 3.862542916430087, 3.862542916430087, 3.862542916430087, 3.862542916430087, 3.862542916430087, 3.862542916430087, 3.862542916430087, 3.862542916430087, 3.862542916430087, 3.862542916430087, 3.862542916430087, 3.862542916430087, 3.862542916430087, 3.862542916430087, 3.862542916430087, 3.862542916430087, 3.862542916430087, 3.862542916430087, 3.862542916430087, 3.862542916430087, 3.862542916430087, 3.862542916430087, 3.862542916430087, 3.862542916430087, 3.862542916430087, 3.862542916430087, 3.862542916430087, 3.862542916430087, 3.862542916430087, 3.862542916430087, 3.862542916430087, 3.862542916430087, 3.862542916430087, 3.862542916430087, 3.862542916430087, 3.862542916430087, 3.862542916430087, 3.862542916430087, 3.862542916430087, 3.862542916430087, 3.862542916430087, 3.862542916430087, 3.862542916430087, 3.862542916430087, 3.862542916430087, 3.862542916430087, 3.862542916430087, 3.862542916430087, 3.862542916430087, 3.862542916430087, 3.862542916430087, 3.862542916430087, 3.862542916430087, 3.862542916430087, 3.862542916430087, 3.862542916430087, 3.862542916430087, 3.862542916430087, 3.862542916430087, 3.862542916430087, 3.862542916430087, 3.862542916430087, 3.862542916430087, 3.862542916430087, 3.862542916430087, 3.862542916430087]
Done!
opt_val: 3.86254291643
