('generated stochastic delays:', [array([ 2, 11,  5, ...,  2,  3,  1])])
('test function', 'Hartmann3')
('opt_fidel_cost:', 1.0)
Running Experiment1: 
('total budget:', 600)
Auto Init: 
C: 0.006103201357804554
nu: 0.006103201357804554
Budget Remaining: 591.993139029
Number of MFHOO Instances: 1
Budget per MFHOO Instance:590.993139029
number of HOO: 1
Running SOO number: 1 rho: 0.95 nu: 0.006103201357804554
delay_type: DHOO
policy: UCB1
[0.11523438 0.55664062 0.85351562]
final iterations:66708022
final HOO number of nodes:567
final HOO height:27
final duration:590
final optimal value:3.862660 
time durations: [0.0007898807525634766, 4.001932859420776, 4.0090179443359375, 8.014094829559326, 12.019567966461182, 12.02039098739624, 16.0263090133667, 16.027843952178955, 20.03463387489319, 20.035650968551636, 24.04075789451599, 28.045241832733154, 28.04572892189026, 32.053905963897705, 36.058942794799805, 40.06441783905029, 40.06509184837341, 44.071470975875854, 48.07404899597168, 48.07525396347046, 52.08077692985535, 56.086681842803955, 56.08735680580139, 60.10219883918762, 64.10766386985779, 64.10880899429321, 68.11347079277039, 72.11563301086426, 72.11689281463623, 76.123055934906, 76.1239378452301, 80.12776184082031, 84.13363099098206, 84.13455891609192, 88.13902688026428, 88.13980484008789, 92.14994978904724, 92.15084886550903, 96.17008090019226, 96.17192602157593, 100.17833590507507, 100.17945194244385, 104.1854088306427, 108.19142580032349, 108.19232892990112, 112.19923496246338, 112.20012784004211, 116.20732688903809, 116.20856499671936, 120.212327003479, 124.21803379058838, 124.21904587745667, 128.22206902503967, 128.22401785850525, 132.2300159931183, 136.23658680915833, 136.2384009361267, 140.24379897117615, 140.24607682228088, 144.2530379295349, 148.261332988739, 148.26360702514648, 152.27202987670898, 152.27372694015503, 156.2813858985901, 156.2825698852539, 160.28837084770203, 164.29677200317383, 164.2986979484558, 168.31260800361633, 172.32131791114807, 172.32290697097778, 172.3242268562317, 176.339772939682, 176.34110283851624, 180.35105681419373, 180.3528048992157, 184.36023592948914, 184.3615689277649, 188.37127900123596, 188.37339782714844, 192.38188195228577, 192.3834159374237, 196.38900184631348, 196.39038181304932, 200.39564681053162, 200.39709091186523, 204.41556191444397, 204.41711497306824, 208.42235589027405, 212.43059301376343, 212.43230485916138, 216.44400882720947, 216.4461808204651, 220.45658898353577, 224.46464490890503, 224.4662308692932, 228.47247695922852, 228.47941398620605, 228.4817500114441, 232.49086785316467, 232.4922478199005, 232.49377584457397, 236.50674295425415, 240.51346683502197, 240.5152289867401, 244.53105998039246, 244.53351879119873, 244.53495001792908, 248.54810190200806, 248.55024480819702, 252.55415987968445, 252.55603694915771, 256.5652480125427, 256.5671238899231, 260.5820469856262, 264.5921928882599, 264.5950520038605, 268.60083985328674, 268.603581905365, 272.6070020198822, 272.6088500022888, 272.610958814621, 276.6269359588623, 280.63319182395935, 280.6351218223572, 284.64244294166565, 284.6446487903595, 288.6564128398895, 288.6585109233856, 292.670991897583, 292.67309188842773, 296.6873469352722, 296.6894109249115, 300.7047219276428, 300.70700788497925, 300.7091338634491, 304.7279508113861, 304.730251789093, 308.7501859664917, 308.7529499530792, 312.7549388408661, 312.7573368549347, 316.76246786117554, 316.7646129131317, 320.7843279838562, 324.79195499420166, 324.7944428920746, 328.80808997154236, 328.8109359741211, 332.8352348804474, 332.8379399776459, 336.8611090183258, 336.86412501335144, 340.8704538345337, 340.872211933136, 344.88540387153625, 344.88782691955566, 348.8933379650116, 352.90029788017273, 352.9028580188751, 356.90765380859375, 356.9109709262848, 360.92362880706787, 360.9263138771057, 364.93980383872986, 368.94718980789185, 368.94993782043457, 372.9665718078613, 372.9699869155884, 376.9807298183441, 376.9931128025055, 376.9956488609314, 381.0085439682007, 381.01142382621765, 385.01973485946655, 385.02245688438416, 389.0358028411865, 389.0384359359741, 393.0519459247589, 393.0547478199005, 397.0649449825287, 397.0677728652954, 401.07923793792725, 401.0826590061188, 405.09351801872253, 405.09615993499756, 405.09894490242004, 409.12097096443176, 409.12364292144775, 413.1457118988037, 413.14862298965454, 417.16361594200134, 417.16685581207275, 421.1737380027771, 421.176766872406, 425.18045687675476, 425.183828830719, 429.1934509277344, 429.19625091552734, 433.2082278728485, 433.21178698539734, 437.2227418422699, 437.2282118797302, 441.2398798465729, 441.2434058189392, 445.2531819343567, 445.25905680656433, 449.26865792274475, 449.27175188064575, 453.2819459438324, 453.2853009700775, 457.29201197624207, 457.2951908111572, 461.30409598350525, 461.30707001686096, 465.3242390155792, 465.32895493507385, 469.33874583244324, 469.3419699668884, 473.35200691223145, 473.3554048538208, 477.36041498184204, 481.3664758205414, 481.3712668418884, 485.38173389434814, 489.39001083374023, 489.3951280117035, 489.3995978832245, 489.4035589694977, 493.41227293014526, 493.4187707901001, 497.42352294921875, 497.4270598888397, 501.44035482406616, 501.4438920021057, 505.4605619907379, 505.4641728401184, 509.474928855896, 509.4778709411621, 509.48138880729675, 513.496887922287, 513.5007238388062, 517.5155990123749, 517.5184710025787, 521.5283198356628, 521.532595872879, 525.5455780029297, 525.5495319366455, 529.5627899169922, 529.5671780109406, 533.578647851944, 533.5824339389801, 537.591118812561, 537.5947148799896, 541.6040530204773, 541.6078848838806, 545.6126298904419, 545.6170690059662, 549.6297099590302, 549.6345489025116, 553.6477329730988, 553.6518318653107, 557.6591329574585, 557.6626830101013, 557.666387796402, 561.6750719547272, 561.6792299747467, 565.6872429847717, 565.692902803421, 569.7018618583679, 569.706307888031, 569.7112369537354, 573.7190878391266, 573.7253279685974, 577.7357869148254, 581.7522089481354, 581.7560939788818, 581.760479927063, 585.76868891716, 585.7736239433289, 585.7776389122009, 585.7817468643188, 589.7961800098419, 589.800146818161]
noisy values: [0.6237107156186104, 0.6237107156186104, 2.90446484187254, 2.9996983925770007, 2.9996983925770007, 2.9996983925770007, 2.9996983925770007, 2.9996983925770007, 3.034533104159845, 3.034533104159845, 3.034533104159845, 3.034533104159845, 3.034533104159845, 3.6567092730426425, 3.6567092730426425, 3.6567092730426425, 3.80890050955973, 3.81149795699974, 3.81149795699974, 3.81149795699974, 3.81149795699974, 3.81149795699974, 3.81149795699974, 3.831242566896335, 3.835625922097349, 3.835625922097349, 3.8359907877420554, 3.8359907877420554, 3.8359907877420554, 3.8531181303728004, 3.8531181303728004, 3.8531181303728004, 3.8551609326200937, 3.8551609326200937, 3.8551609326200937, 3.8551609326200937, 3.8551609326200937, 3.8551609326200937, 3.8551609326200937, 3.8551609326200937, 3.8581057813898716, 3.8581057813898716, 3.8581577699382015, 3.862656716732604, 3.862656716732604, 3.8626575973809647, 3.8626575973809647, 3.8626575973809647, 3.8626575973809647, 3.8626575973809647, 3.8626575973809647, 3.8626575973809647, 3.8626575973809647, 3.8626575973809647, 3.8626575973809647, 3.8626575973809647, 3.8626575973809647, 3.8626575973809647, 3.8626575973809647, 3.8626575973809647, 3.8626575973809647, 3.8626575973809647, 3.8626575973809647, 3.8626575973809647, 3.8626575973809647, 3.8626575973809647, 3.8626575973809647, 3.8626575973809647, 3.8626575973809647, 3.8626575973809647, 3.8626575973809647, 3.8626575973809647, 3.8626575973809647, 3.8626575973809647, 3.8626575973809647, 3.8626575973809647, 3.8626575973809647, 3.8626575973809647, 3.8626575973809647, 3.8626575973809647, 3.8626575973809647, 3.8626575973809647, 3.8626575973809647, 3.8626575973809647, 3.8626575973809647, 3.8626575973809647, 3.8626575973809647, 3.8626575973809647, 3.8626575973809647, 3.8626575973809647, 3.8626575973809647, 3.8626575973809647, 3.8626575973809647, 3.8626575973809647, 3.8626575973809647, 3.8626575973809647, 3.8626575973809647, 3.8626575973809647, 3.8626575973809647, 3.8626575973809647, 3.8626575973809647, 3.8626575973809647, 3.8626575973809647, 3.8626575973809647, 3.8626575973809647, 3.8626575973809647, 3.8626575973809647, 3.8626575973809647, 3.8626575973809647, 3.8626575973809647, 3.8626575973809647, 3.8626575973809647, 3.8626575973809647, 3.8626575973809647, 3.8626575973809647, 3.8626575973809647, 3.8626575973809647, 3.8626575973809647, 3.8626575973809647, 3.8626575973809647, 3.8626575973809647, 3.8626575973809647, 3.8626575973809647, 3.8626575973809647, 3.8626575973809647, 3.8626575973809647, 3.8626575973809647, 3.8626575973809647, 3.8626575973809647, 3.8626575973809647, 3.8626575973809647, 3.8626575973809647, 3.8626575973809647, 3.8626575973809647, 3.8626575973809647, 3.8626575973809647, 3.8626575973809647, 3.8626575973809647, 3.8626575973809647, 3.8626575973809647, 3.8626575973809647, 3.8626575973809647, 3.8626575973809647, 3.8626575973809647, 3.8626575973809647, 3.8626575973809647, 3.8626575973809647, 3.8626575973809647, 3.8626575973809647, 3.8626575973809647, 3.8626575973809647, 3.8626575973809647, 3.8626575973809647, 3.8626575973809647, 3.8626575973809647, 3.8626575973809647, 3.8626575973809647, 3.8626575973809647, 3.8626575973809647, 3.8626575973809647, 3.8626575973809647, 3.8626575973809647, 3.8626575973809647, 3.8626575973809647, 3.8626575973809647, 3.8626575973809647, 3.8626575973809647, 3.8626575973809647, 3.8626595776301533, 3.8626595776301533, 3.8626595776301533, 3.8626595776301533, 3.8626595776301533, 3.8626595776301533, 3.8626595776301533, 3.8626595776301533, 3.8626595776301533, 3.8626595776301533, 3.8626595776301533, 3.8626595776301533, 3.8626595776301533, 3.8626595776301533, 3.8626595776301533, 3.8626595776301533, 3.8626595776301533, 3.8626595776301533, 3.8626595776301533, 3.8626595776301533, 3.8626595776301533, 3.8626595776301533, 3.8626595776301533, 3.8626595776301533, 3.8626595776301533, 3.8626595776301533, 3.8626595776301533, 3.8626595776301533, 3.8626595776301533, 3.8626595776301533, 3.8626595776301533, 3.8626595776301533, 3.8626595776301533, 3.8626595776301533, 3.8626595776301533, 3.8626595776301533, 3.8626595776301533, 3.8626595776301533, 3.8626595776301533, 3.8626595776301533, 3.8626595776301533, 3.8626595776301533, 3.8626595776301533, 3.8626595776301533, 3.8626595776301533, 3.8626595776301533, 3.8626595776301533, 3.8626595776301533, 3.8626595776301533, 3.8626595776301533, 3.8626595776301533, 3.8626595776301533, 3.8626595776301533, 3.8626595776301533, 3.8626595776301533, 3.8626595776301533, 3.8626595776301533, 3.8626595776301533, 3.8626595776301533, 3.8626595776301533, 3.8626595776301533, 3.8626595776301533, 3.8626595776301533, 3.8626595776301533, 3.8626595776301533, 3.8626595776301533, 3.8626595776301533, 3.8626595776301533, 3.8626595776301533, 3.8626595776301533, 3.8626595776301533, 3.8626595776301533, 3.8626595776301533, 3.8626595776301533, 3.8626595776301533, 3.8626595776301533, 3.8626595776301533, 3.8626595776301533, 3.8626595776301533, 3.8626595776301533, 3.8626595776301533, 3.8626595776301533, 3.8626595776301533, 3.8626595776301533, 3.8626595776301533, 3.8626595776301533, 3.8626595776301533, 3.8626595776301533, 3.8626595776301533, 3.8626595776301533, 3.8626595776301533, 3.8626595776301533, 3.8626595776301533, 3.8626595776301533, 3.8626595776301533, 3.8626595776301533, 3.8626595776301533, 3.8626595776301533, 3.8626595776301533, 3.8626595776301533, 3.8626595776301533, 3.8626595776301533, 3.8626595776301533, 3.8626595776301533, 3.8626595776301533, 3.8626595776301533, 3.8626595776301533, 3.8626595776301533, 3.8626595776301533, 3.8626595776301533, 3.8626595776301533, 3.8626595776301533, 3.8626595776301533, 3.8626595776301533, 3.8626595776301533, 3.8626595776301533, 3.8626595776301533]
data points:
values: [0.6280220150705937, 0.6280220150705937, 2.904484009098526, 2.999716768817375, 2.999716768817375, 2.999716768817375, 2.999716768817375, 2.999716768817375, 3.0345376190400914, 3.0345376190400914, 3.0345376190400914, 3.0345376190400914, 3.0345376190400914, 3.656709344911328, 3.656709344911328, 3.656709344911328, 3.8089006370366474, 3.8089006370366474, 3.8114980631664195, 3.8114980631664195, 3.8114980631664195, 3.8114980631664195, 3.8114980631664195, 3.83124287393591, 3.835626266522449, 3.835626266522449, 3.835626266522449, 3.8359911232502046, 3.8359911232502046, 3.8531184097208295, 3.8531184097208295, 3.8531184097208295, 3.8531184097208295, 3.855161086076884, 3.855161086076884, 3.855161086076884, 3.855161086076884, 3.855161086076884, 3.855161086076884, 3.855161086076884, 3.85810590922045, 3.85810590922045, 3.85810590922045, 3.8626568806638417, 3.8626568806638417, 3.8626568806638417, 3.8626577521925003, 3.8626577521925003, 3.8626577521925003, 3.8626577521925003, 3.8626577521925003, 3.8626577521925003, 3.8626577521925003, 3.8626577521925003, 3.8626577521925003, 3.8626577521925003, 3.8626577521925003, 3.8626577521925003, 3.8626577521925003, 3.8626577521925003, 3.8626577521925003, 3.8626577521925003, 3.8626577521925003, 3.8626577521925003, 3.8626577521925003, 3.8626577521925003, 3.8626577521925003, 3.8626577521925003, 3.8626577521925003, 3.8626577521925003, 3.8626577521925003, 3.8626577521925003, 3.8626577521925003, 3.8626577521925003, 3.8626577521925003, 3.8626577521925003, 3.8626577521925003, 3.8626577521925003, 3.8626577521925003, 3.8626577521925003, 3.8626577521925003, 3.8626577521925003, 3.8626577521925003, 3.8626577521925003, 3.8626577521925003, 3.8626577521925003, 3.8626577521925003, 3.8626577521925003, 3.8626577521925003, 3.8626577521925003, 3.8626577521925003, 3.8626577521925003, 3.8626577521925003, 3.8626577521925003, 3.8626577521925003, 3.8626577521925003, 3.8626577521925003, 3.8626577521925003, 3.8626577521925003, 3.8626577521925003, 3.8626577521925003, 3.8626577521925003, 3.8626577521925003, 3.8626577521925003, 3.8626577521925003, 3.8626577521925003, 3.8626577521925003, 3.8626577521925003, 3.8626577521925003, 3.8626577521925003, 3.8626577521925003, 3.8626577521925003, 3.8626577521925003, 3.8626577521925003, 3.8626577521925003, 3.8626577521925003, 3.8626577521925003, 3.8626577521925003, 3.8626577521925003, 3.8626577521925003, 3.8626577521925003, 3.8626577521925003, 3.8626577521925003, 3.8626577521925003, 3.8626577521925003, 3.8626577521925003, 3.8626577521925003, 3.8626577521925003, 3.8626577521925003, 3.8626577521925003, 3.8626577521925003, 3.8626577521925003, 3.8626577521925003, 3.8626577521925003, 3.8626577521925003, 3.8626577521925003, 3.8626577521925003, 3.8626577521925003, 3.8626577521925003, 3.8626577521925003, 3.8626577521925003, 3.8626577521925003, 3.8626577521925003, 3.8626577521925003, 3.8626577521925003, 3.8626577521925003, 3.8626577521925003, 3.8626577521925003, 3.8626577521925003, 3.8626577521925003, 3.8626577521925003, 3.8626577521925003, 3.8626577521925003, 3.8626577521925003, 3.8626577521925003, 3.8626577521925003, 3.8626577521925003, 3.8626577521925003, 3.8626577521925003, 3.8626577521925003, 3.8626577521925003, 3.8626577521925003, 3.8626577521925003, 3.8626577521925003, 3.8626577521925003, 3.8626577521925003, 3.8626577521925003, 3.8626577521925003, 3.8626577521925003, 3.862659687908553, 3.862659687908553, 3.862659687908553, 3.862659687908553, 3.862659687908553, 3.862659687908553, 3.862659687908553, 3.862659687908553, 3.862659687908553, 3.862659687908553, 3.862659687908553, 3.862659687908553, 3.862659687908553, 3.862659687908553, 3.862659687908553, 3.862659687908553, 3.862659687908553, 3.862659687908553, 3.862659687908553, 3.862659687908553, 3.862659687908553, 3.862659687908553, 3.862659687908553, 3.862659687908553, 3.862659687908553, 3.862659687908553, 3.862659687908553, 3.862659687908553, 3.862659687908553, 3.862659687908553, 3.862659687908553, 3.862659687908553, 3.862659687908553, 3.862659687908553, 3.862659687908553, 3.862659687908553, 3.862659687908553, 3.862659687908553, 3.862659687908553, 3.862659687908553, 3.862659687908553, 3.862659687908553, 3.862659687908553, 3.862659687908553, 3.862659687908553, 3.862659687908553, 3.862659687908553, 3.862659687908553, 3.862659687908553, 3.862659687908553, 3.862659687908553, 3.862659687908553, 3.862659687908553, 3.862659687908553, 3.862659687908553, 3.862659687908553, 3.862659687908553, 3.862659687908553, 3.862659687908553, 3.862659687908553, 3.862659687908553, 3.862659687908553, 3.862659687908553, 3.862659687908553, 3.862659687908553, 3.862659687908553, 3.862659687908553, 3.862659687908553, 3.862659687908553, 3.862659687908553, 3.862659687908553, 3.862659687908553, 3.862659687908553, 3.862659687908553, 3.862659687908553, 3.862659687908553, 3.862659687908553, 3.862659687908553, 3.862659687908553, 3.862659687908553, 3.862659687908553, 3.862659687908553, 3.862659687908553, 3.862659687908553, 3.862659687908553, 3.862659687908553, 3.862659687908553, 3.862659687908553, 3.862659687908553, 3.862659687908553, 3.862659687908553, 3.862659687908553, 3.862659687908553, 3.862659687908553, 3.862659687908553, 3.862659687908553, 3.862659687908553, 3.862659687908553, 3.862659687908553, 3.862659687908553, 3.862659687908553, 3.862659687908553, 3.862659687908553, 3.862659687908553, 3.862659687908553, 3.862659687908553, 3.862659687908553, 3.862659687908553, 3.862659687908553, 3.862659687908553, 3.862659687908553, 3.862659687908553, 3.862659687908553, 3.862659687908553, 3.862659687908553, 3.862659687908553]
Done!
opt_val: 3.86265968791
