('generated stochastic delays:', [array([ 2, 11,  5, ...,  2,  3,  1])])
('test function', 'Hartmann3')
('opt_fidel_cost:', 1.0)
Running Experiment1: 
('total budget:', 600)
Auto Init: 
C: 0.006103201357804554
nu: 0.006103201357804554
Budget Remaining: 591.992269993
Number of MFHOO Instances: 3
Budget per MFHOO Instance:196.330756664
number of HOO: 3
Running SOO number: 1 rho: 0.95 nu: 0.006103201357804554
delay_type: DHOO
policy: UCB1
[0.05859375 0.5546875  0.8515625 ]
final iterations:39316424
final HOO number of nodes:189
final HOO height:22
final duration:196
final optimal value:3.860723 
time durations: [0.0005700588226318359, 4.0025129318237305, 4.003664016723633, 8.007736921310425, 12.014955043792725, 12.01587986946106, 16.020039081573486, 16.02029299736023, 16.021087884902954, 20.027212858200073, 20.0283260345459, 24.03385305404663, 24.034401893615723, 24.04647994041443, 28.052568912506104, 28.053338050842285, 28.053754091262817, 32.07208490371704, 32.07277202606201, 36.07728290557861, 40.08447790145874, 44.08901596069336, 44.08977699279785, 48.09781289100647, 48.098397970199585, 48.09916305541992, 52.11984300613403, 52.12045192718506, 56.131654024124146, 56.13233995437622, 60.14275288581848, 60.14351797103882, 64.15257406234741, 64.15351605415344, 64.15411806106567, 68.16687488555908, 72.17296504974365, 72.17408204078674, 76.17958307266235, 80.18706202507019, 80.18811988830566, 84.20236206054688, 84.20330786705017, 88.20686197280884, 88.21780204772949, 92.21306300163269, 92.21424508094788, 96.21759605407715, 96.2191789150238, 100.22261786460876, 100.22346091270447, 104.23717904090881, 104.23844599723816, 108.2519428730011, 108.25281286239624, 108.25410008430481, 112.27319002151489, 116.28445506095886, 116.28539490699768, 120.29063200950623, 120.29170799255371, 124.30949687957764, 124.31072092056274, 128.3205509185791, 132.3305060863495, 132.33202505111694, 136.34238386154175, 136.34365487098694, 140.35359406471252, 144.3633849620819, 144.36490297317505, 148.37783908843994, 148.37918901443481, 152.3814959526062, 152.3862268924713, 152.38747191429138, 156.40425300598145, 156.40733408927917, 156.40997290611267, 160.41985607147217, 164.43445205688477, 164.43611192703247, 168.44919800758362, 168.45063185691833, 172.45757794380188, 172.4592580795288, 176.46169590950012, 176.46329998970032, 176.4652738571167, 180.4711389541626, 184.4767348766327, 184.48006391525269, 188.48623394966125, 188.48841094970703, 192.49404096603394, 192.496267080307]
noisy values: [0.6237107156186104, 2.90446484187254, 2.90446484187254, 2.9996983925770007, 2.9996983925770007, 2.9996983925770007, 2.9996983925770007, 2.9996983925770007, 2.9996983925770007, 2.9996983925770007, 2.9996983925770007, 2.9996983925770007, 2.9996983925770007, 3.034533104159845, 3.034533104159845, 3.034533104159845, 3.034533104159845, 3.6567092730426425, 3.6567092730426425, 3.6567092730426425, 3.81149795699974, 3.81149795699974, 3.81149795699974, 3.81149795699974, 3.81149795699974, 3.81149795699974, 3.81149795699974, 3.81149795699974, 3.81149795699974, 3.81149795699974, 3.831242550736357, 3.831242550736357, 3.8356259039697123, 3.8356259039697123, 3.8356259039697123, 3.8356259039697123, 3.8356259039697123, 3.8356259039697123, 3.8499399217390793, 3.8499399217390793, 3.8499399217390793, 3.8526728531554717, 3.8526728531554717, 3.8532254701464623, 3.8532254701464623, 3.8532254701464623, 3.8532254701464623, 3.8532254701464623, 3.8532254701464623, 3.8532254701464623, 3.8532254701464623, 3.8562577427723235, 3.8562577427723235, 3.8604460843166484, 3.8604460843166484, 3.8604460843166484, 3.8604460843166484, 3.8604460843166484, 3.8604460843166484, 3.8604460843166484, 3.8604460843166484, 3.8604460843166484, 3.8604460843166484, 3.8604460843166484, 3.8604460843166484, 3.8604460843166484, 3.8604460843166484, 3.8604460843166484, 3.8604460843166484, 3.8604460843166484, 3.8604460843166484, 3.8604460843166484, 3.8604460843166484, 3.8604460843166484, 3.8604460843166484, 3.8604460843166484, 3.8604460843166484, 3.8604460843166484, 3.8604460843166484, 3.8604460843166484, 3.8604460843166484, 3.8604460843166484, 3.8604460843166484, 3.8604460843166484, 3.860722860809587, 3.860722860809587, 3.860722860809587, 3.860722860809587, 3.860722860809587, 3.860722860809587, 3.860722860809587, 3.860722860809587, 3.860722860809587, 3.860722860809587, 3.860722860809587, 3.860722860809587]
data points:
values: [0.6280220150705937, 2.904484009098526, 2.904484009098526, 2.999716768817375, 2.999716768817375, 2.999716768817375, 2.999716768817375, 2.999716768817375, 2.999716768817375, 2.999716768817375, 2.999716768817375, 2.999716768817375, 2.999716768817375, 3.0345376190400914, 3.0345376190400914, 3.0345376190400914, 3.0345376190400914, 3.656709344911328, 3.656709344911328, 3.656709344911328, 3.8114980631664195, 3.8114980631664195, 3.8114980631664195, 3.8114980631664195, 3.8114980631664195, 3.8114980631664195, 3.8114980631664195, 3.8114980631664195, 3.8114980631664195, 3.8114980631664195, 3.83124287393591, 3.83124287393591, 3.835626266522449, 3.835626266522449, 3.835626266522449, 3.835626266522449, 3.835626266522449, 3.835626266522449, 3.849940185412446, 3.849940185412446, 3.849940185412446, 3.849940185412446, 3.8526729980015575, 3.8526729980015575, 3.8532256098175415, 3.8532256098175415, 3.8532256098175415, 3.8532256098175415, 3.8532256098175415, 3.8532256098175415, 3.8532256098175415, 3.856257866764517, 3.856257866764517, 3.8604462395034274, 3.8604462395034274, 3.8604462395034274, 3.8604462395034274, 3.8604462395034274, 3.8604462395034274, 3.8604462395034274, 3.8604462395034274, 3.8604462395034274, 3.8604462395034274, 3.8604462395034274, 3.8604462395034274, 3.8604462395034274, 3.8604462395034274, 3.8604462395034274, 3.8604462395034274, 3.8604462395034274, 3.8604462395034274, 3.8604462395034274, 3.8604462395034274, 3.8604462395034274, 3.8604462395034274, 3.8604462395034274, 3.8604462395034274, 3.8604462395034274, 3.8604462395034274, 3.8604462395034274, 3.8604462395034274, 3.8604462395034274, 3.8604462395034274, 3.8604462395034274, 3.8604462395034274, 3.8607230093199445, 3.8607230093199445, 3.8607230093199445, 3.8607230093199445, 3.8607230093199445, 3.8607230093199445, 3.8607230093199445, 3.8607230093199445, 3.8607230093199445, 3.8607230093199445, 3.8607230093199445]
Done!
Running SOO number: 2 rho: 0.925945462757 nu: 0.006103201357804554
delay_type: DHOO
policy: UCB1
[0.12890625 0.5546875  0.8515625 ]
final iterations:29798860
final HOO number of nodes:183
final HOO height:27
final duration:196
final optimal value:3.862543 
time durations: [0.00019598007202148438, 4.003907918930054, 8.011976957321167, 8.013070106506348, 8.013580083847046, 12.015921115875244, 12.016431093215942, 16.021410942077637, 16.021662950515747, 20.039305925369263, 20.040003061294556, 20.04090905189514, 24.04321789741516, 24.04736590385437, 28.04726505279541, 28.049165964126587, 28.05669403076172, 32.05494403839111, 32.06941103935242, 36.060704946517944, 36.07705092430115, 36.07779598236084, 40.08083701133728, 44.08535289764404, 48.09359097480774, 52.09809589385986, 52.0989089012146, 56.10560703277588, 60.11364698410034, 60.115055084228516, 60.1175971031189, 64.11966395378113, 64.13341903686523, 64.13498711585999, 68.14315390586853, 72.14847493171692, 72.1493968963623, 76.1563789844513, 80.1690080165863, 80.16990399360657, 84.18123006820679, 84.18225288391113, 88.18983793258667, 88.19082999229431, 92.20311498641968, 92.20414590835571, 96.2115740776062, 96.21285104751587, 100.21578788757324, 100.2171700000763, 104.22192096710205, 104.22303891181946, 108.23063898086548, 108.23178601264954, 112.24083805084229, 112.24182605743408, 116.25696396827698, 116.2583110332489, 120.26494693756104, 120.26624488830566, 124.2771909236908, 128.2839949131012, 128.28496408462524, 132.29280591011047, 136.30296802520752, 136.30479407310486, 140.31243991851807, 144.31845092773438, 144.3223340511322, 144.32529211044312, 148.33607506752014, 152.34170389175415, 152.34337210655212, 156.35040402412415, 160.36266899108887, 160.36470293998718, 164.37034606933594, 164.3720440864563, 168.37672805786133, 168.37820506095886, 172.38668394088745, 172.38822889328003, 172.39015293121338, 176.39627289772034, 176.39929795265198, 180.40430808067322, 180.4058859348297, 184.4102430343628, 184.4115550518036, 188.4219889640808, 188.4234549999237, 192.43170595169067, 192.43326091766357]
noisy values: [0.6237107156186104, 2.9044653271975416, 2.999699311389019, 2.999699311389019, 2.999699311389019, 2.999699311389019, 2.999699311389019, 2.999699311389019, 2.999699311389019, 2.999699311389019, 2.999699311389019, 2.999699311389019, 2.999699311389019, 3.0345342139699327, 3.034534466130828, 3.034534466130828, 3.656709295993548, 3.6567092996161312, 3.6567092996161312, 3.6567092996161312, 3.6567092996161312, 3.6567092996161312, 3.811498008666595, 3.811498008666595, 3.811498008666595, 3.811498008666595, 3.811498008666595, 3.8353246130410064, 3.8353246130410064, 3.8353246130410064, 3.8353246130410064, 3.8353246130410064, 3.8353246130410064, 3.8353246130410064, 3.8358397305385985, 3.85287201061671, 3.85287201061671, 3.85287201061671, 3.8547417577120133, 3.8547417577120133, 3.8547417577120133, 3.8547417577120133, 3.8547417577120133, 3.8547417577120133, 3.8549505728614832, 3.8549505728614832, 3.8579274431409454, 3.8579274431409454, 3.8579274431409454, 3.8579274431409454, 3.8579274431409454, 3.8579274431409454, 3.8579274431409454, 3.8579274431409454, 3.8579274431409454, 3.8579274431409454, 3.8624677652018815, 3.8624677652018815, 3.8625428518563574, 3.8625428518563574, 3.8625428518563574, 3.8625428518563574, 3.8625428518563574, 3.8625428518563574, 3.8625428518563574, 3.8625428518563574, 3.8625428518563574, 3.8625428518563574, 3.8625428518563574, 3.8625428518563574, 3.8625428518563574, 3.8625428518563574, 3.8625428518563574, 3.8625428518563574, 3.8625428518563574, 3.8625428518563574, 3.8625428518563574, 3.8625428518563574, 3.8625428518563574, 3.8625428518563574, 3.8625428518563574, 3.8625428518563574, 3.8625428518563574, 3.8625428518563574, 3.8625428518563574, 3.8625428518563574, 3.8625428518563574, 3.8625428518563574, 3.8625428518563574, 3.8625428518563574, 3.8625428518563574, 3.8625428518563574, 3.8625428518563574]
data points:
values: [0.6280220150705937, 2.904484009098526, 2.999716768817375, 2.999716768817375, 2.999716768817375, 2.999716768817375, 2.999716768817375, 2.999716768817375, 2.999716768817375, 2.999716768817375, 2.999716768817375, 2.999716768817375, 2.999716768817375, 3.0345376190400914, 3.0345376190400914, 3.0345376190400914, 3.656709344911328, 3.656709344911328, 3.656709344911328, 3.656709344911328, 3.656709344911328, 3.656709344911328, 3.8114980631664195, 3.8114980631664195, 3.8114980631664195, 3.8114980631664195, 3.8114980631664195, 3.835324797095712, 3.835324797095712, 3.835324797095712, 3.835324797095712, 3.835324797095712, 3.835324797095712, 3.835324797095712, 3.835324797095712, 3.8528721460921345, 3.8528721460921345, 3.8528721460921345, 3.8547418302495533, 3.8547418302495533, 3.8547418302495533, 3.8547418302495533, 3.8547418302495533, 3.8547418302495533, 3.8547418302495533, 3.8549506393002537, 3.8579275006281573, 3.8579275006281573, 3.8579275006281573, 3.8579275006281573, 3.8579275006281573, 3.8579275006281573, 3.8579275006281573, 3.8579275006281573, 3.8579275006281573, 3.8579275006281573, 3.8624678353301993, 3.8624678353301993, 3.8624678353301993, 3.862542916430087, 3.862542916430087, 3.862542916430087, 3.862542916430087, 3.862542916430087, 3.862542916430087, 3.862542916430087, 3.862542916430087, 3.862542916430087, 3.862542916430087, 3.862542916430087, 3.862542916430087, 3.862542916430087, 3.862542916430087, 3.862542916430087, 3.862542916430087, 3.862542916430087, 3.862542916430087, 3.862542916430087, 3.862542916430087, 3.862542916430087, 3.862542916430087, 3.862542916430087, 3.862542916430087, 3.862542916430087, 3.862542916430087, 3.862542916430087, 3.862542916430087, 3.862542916430087, 3.862542916430087, 3.862542916430087, 3.862542916430087, 3.862542916430087, 3.862542916430087]
Done!
Updating C
C: 0.008544481900926375
nu_max: 0.008544481900926375
Running SOO number: 3 rho: 0.857375 nu: 0.008544481900926375
delay_type: DHOO
policy: UCB1
[0.11328125 0.5546875  0.8515625 ]
final iterations:32848345
final HOO number of nodes:209
final HOO height:30
final duration:196
final optimal value:3.862658 
time durations: [0.00013899803161621094, 4.0069499015808105, 8.01318097114563, 8.014069080352783, 12.018373012542725, 12.018779039382935, 16.02853798866272, 16.02907705307007, 20.033529043197632, 20.034224033355713, 24.039511919021606, 28.04603409767151, 28.046485900878906, 28.047367095947266, 28.048031091690063, 32.053030014038086, 32.05372595787048, 32.060012102127075, 36.06602692604065, 36.06653594970703, 36.06709909439087, 36.074361085891724, 40.069124937057495, 40.06967806816101, 40.07563304901123, 44.07324695587158, 44.07368993759155, 44.08364796638489, 44.08428192138672, 44.08527088165283, 48.08670496940613, 48.08756494522095, 48.09140110015869, 48.092247009277344, 52.093859910964966, 52.103039026260376, 56.107621908187866, 56.10861897468567, 60.12220287322998, 60.123493909835815, 64.1318109035492, 68.14190793037415, 68.14417910575867, 72.14773607254028, 76.15535593032837, 76.1568911075592, 76.15811491012573, 80.16992807388306, 80.17071199417114, 84.1873710155487, 84.18881392478943, 88.1947751045227, 88.19613409042358, 92.20883893966675, 92.21036410331726, 92.21191096305847, 96.21943497657776, 100.2202799320221, 100.22150897979736, 104.22869610786438, 104.22977304458618, 108.23682188987732, 108.23804998397827, 112.24602103233337, 112.24715209007263, 116.25492405891418, 116.25605201721191, 120.27334690093994, 120.27482891082764, 124.28675889968872, 124.28790807723999, 128.2945990562439, 132.299791097641, 132.30231404304504, 132.30401802062988, 136.3167450428009, 136.31866097450256, 136.32053589820862, 140.32903599739075, 140.33046889305115, 144.33810997009277, 144.34014296531677, 148.3459930419922, 148.34700894355774, 148.34834694862366, 152.3588318824768, 156.36695289611816, 156.36893105506897, 156.3703339099884, 160.38405895233154, 160.38585090637207, 164.39112091064453, 164.39462208747864, 168.40860891342163, 168.41089010238647, 172.41681289672852, 172.41854310035706, 176.42568588256836, 180.42988896369934, 180.43126010894775, 184.44409894943237, 184.44646787643433, 188.4530119895935, 188.4550769329071, 192.46182298660278]
noisy values: [0.6237107156186104, 2.904466710677074, 2.9997018012547385, 2.9997018012547385, 2.9997018012547385, 2.9997018012547385, 2.9997018012547385, 2.9997018012547385, 2.9997018012547385, 2.9997018012547385, 2.9997018012547385, 3.0345353013620597, 3.0345353013620597, 3.0345353013620597, 3.0345353013620597, 3.6567093116151965, 3.6567093116151965, 3.6567093163640574, 3.6567093163640574, 3.6567093163640574, 3.6567093163640574, 3.6567093163640574, 3.811498037917129, 3.811498037917129, 3.811498037917129, 3.811498037917129, 3.811498037917129, 3.811498037917129, 3.811498037917129, 3.811498037917129, 3.811498037917129, 3.811498037917129, 3.811498037917129, 3.811498037917129, 3.811498037917129, 3.811498037917129, 3.835626230470112, 3.835626230470112, 3.835626230470112, 3.835626230470112, 3.835626230470112, 3.852139512436782, 3.852139512436782, 3.854470296973919, 3.854470296973919, 3.854470296973919, 3.854470296973919, 3.8551610759532324, 3.8551610759532324, 3.8551610759532324, 3.8551610759532324, 3.857771518484242, 3.857771518484242, 3.8581059023516597, 3.8581059023516597, 3.8581059023516597, 3.8581059023516597, 3.8581059023516597, 3.8581059023516597, 3.8581059023516597, 3.8581059023516597, 3.8581059023516597, 3.8581059023516597, 3.858157893879142, 3.858157893879142, 3.858157893879142, 3.858157893879142, 3.858157893879142, 3.862144119317093, 3.862144119317093, 3.862144119317093, 3.862144119317093, 3.862144119317093, 3.862144119317093, 3.862144119317093, 3.862144119317093, 3.862144119317093, 3.862144119317093, 3.862548967837553, 3.862548967837553, 3.862603792859711, 3.862603792859711, 3.862656872714074, 3.862656872714074, 3.862656872714074, 3.862657745416971, 3.862657745416971, 3.862657745416971, 3.862657745416971, 3.862657745416971, 3.862657745416971, 3.862657745416971, 3.862657745416971, 3.862657745416971, 3.862657745416971, 3.862657745416971, 3.862657745416971, 3.862657745416971, 3.862657745416971, 3.862657745416971, 3.862657745416971, 3.862657745416971, 3.862657745416971, 3.862657745416971, 3.862657745416971]
data points:
values: [0.6280220150705937, 2.904484009098526, 2.999716768817375, 2.999716768817375, 2.999716768817375, 2.999716768817375, 2.999716768817375, 2.999716768817375, 2.999716768817375, 2.999716768817375, 2.999716768817375, 3.0345376190400914, 3.0345376190400914, 3.0345376190400914, 3.0345376190400914, 3.656709344911328, 3.656709344911328, 3.656709344911328, 3.656709344911328, 3.656709344911328, 3.656709344911328, 3.656709344911328, 3.8114980631664195, 3.8114980631664195, 3.8114980631664195, 3.8114980631664195, 3.8114980631664195, 3.8114980631664195, 3.8114980631664195, 3.8114980631664195, 3.8114980631664195, 3.8114980631664195, 3.8114980631664195, 3.8114980631664195, 3.8114980631664195, 3.8114980631664195, 3.835626266522449, 3.835626266522449, 3.835626266522449, 3.835626266522449, 3.835626266522449, 3.8521395318297356, 3.8521395318297356, 3.854470306588529, 3.854470306588529, 3.854470306588529, 3.854470306588529, 3.855161086076884, 3.855161086076884, 3.855161086076884, 3.855161086076884, 3.857771525178115, 3.857771525178115, 3.85810590922045, 3.85810590922045, 3.85810590922045, 3.85810590922045, 3.85810590922045, 3.85810590922045, 3.85810590922045, 3.85810590922045, 3.85810590922045, 3.85810590922045, 3.85810590922045, 3.858157900917103, 3.858157900917103, 3.858157900917103, 3.858157900917103, 3.862144126878195, 3.862144126878195, 3.862144126878195, 3.862144126878195, 3.862144126878195, 3.862144126878195, 3.862144126878195, 3.862144126878195, 3.862144126878195, 3.862144126878195, 3.862548975596233, 3.862548975596233, 3.862548975596233, 3.862603799553314, 3.862603799553314, 3.8626568806638417, 3.8626568806638417, 3.8626568806638417, 3.8626577521925003, 3.8626577521925003, 3.8626577521925003, 3.8626577521925003, 3.8626577521925003, 3.8626577521925003, 3.8626577521925003, 3.8626577521925003, 3.8626577521925003, 3.8626577521925003, 3.8626577521925003, 3.8626577521925003, 3.8626577521925003, 3.8626577521925003, 3.8626577521925003, 3.8626577521925003, 3.8626577521925003, 3.8626577521925003, 3.8626577521925003]
Done!
Updating C
C: 0.011962274661296924
nu_max: 0.011962274661296924
opt_val: 3.86265775219
