('generated stochastic delays:', [array([ 2, 11,  5, ...,  2,  3,  1])])
('opt_fidel_cost:', 1.0)
Running Experiment1: 
('total budget:', 600)
Auto Init: 
C: 0.006103201357804554
nu: 0.006103201357804554
Budget Remaining: 591.997080088
Number of MFHOO Instances: 1
Budget per MFHOO Instance:590.997080088
Running SOO number: 1 rho: 0.95 nu: 0.006103201357804554
delay_type: DHOO
policy: UCBV
[0.12890625 0.5546875  0.8515625 ]
final iterations:92000973
final HOO number of nodes:577
final HOO height:24
final duration:590
final optimal value:3.862543 
time durations: [0.0008759498596191406, 4.005776882171631, 4.006685972213745, 8.008989810943604, 12.012789964675903, 12.014330863952637, 16.0176739692688, 16.018154859542847, 20.026707887649536, 24.030709981918335, 28.033596992492676, 28.035539865493774, 32.04896903038025, 36.05192494392395, 36.05320882797241, 40.05584383010864, 44.06161880493164, 44.062705993652344, 44.06333780288696, 48.0703489780426, 48.070984840393066, 52.084677934646606, 52.0859808921814, 56.09575295448303, 56.09672403335571, 60.145612955093384, 64.1496000289917, 64.1505868434906, 68.16707801818848, 72.17221593856812, 72.1732108592987, 76.1863420009613, 76.18753981590271, 80.19599080085754, 80.19705080986023, 80.19848489761353, 84.20467495918274, 84.20556282997131, 84.20637083053589, 88.22416400909424, 92.23286986351013, 92.23384594917297, 96.24071383476257, 96.24185085296631, 100.24709296226501, 104.25241780281067, 104.25438380241394, 108.26254987716675, 108.26367282867432, 108.26502990722656, 112.27328991889954, 112.27456998825073, 116.27766990661621, 116.27884197235107, 120.28823399543762, 120.28909993171692, 124.29258489608765, 124.29383301734924, 124.29487895965576, 128.31326484680176, 128.31456995010376, 128.31585097312927, 132.32478880882263, 136.33124685287476, 136.33244395256042, 140.34337997436523, 144.36274981498718, 144.36507391929626, 148.37568998336792, 148.37674498558044, 152.38245487213135, 156.3922839164734, 156.39455580711365, 160.39890003204346, 160.40037083625793, 164.4041178226471, 164.4057378768921, 168.41305685043335, 168.41452288627625, 172.42133498191833, 172.42313194274902, 176.43031692504883, 176.4319999217987, 180.4372799396515, 180.4395718574524, 184.4572949409485, 184.45887780189514, 188.47005796432495, 188.47167801856995, 192.49572491645813, 196.49872589111328, 196.5004448890686, 200.50690984725952, 200.50887393951416, 204.51396584510803, 208.51850080490112, 208.52060794830322, 212.52985286712646, 212.53170680999756, 212.53348898887634, 216.5393350124359, 216.54100799560547, 220.55458092689514, 220.55695295333862, 224.58676481246948, 228.59082794189453, 228.59269094467163, 232.60544085502625, 232.60732793807983, 236.61901783943176, 236.6211998462677, 240.62958598136902, 240.63152384757996, 244.67958903312683, 248.68853497505188, 248.69121289253235, 248.69333696365356, 252.70812487602234, 252.7106158733368, 256.7201099395752, 260.73356199264526, 260.7362868785858, 264.7485318183899, 264.75103402137756, 268.76495885849, 268.76774883270264, 272.78091502189636, 272.78314089775085, 276.8378038406372, 276.84043288230896, 280.8669548034668, 280.8697428703308, 280.8722128868103, 284.8847689628601, 284.8869698047638, 288.92554903030396, 288.92809295654297, 292.94188380241394, 292.94426584243774, 292.9466919898987, 296.9546058177948, 296.95709586143494, 300.9703769683838, 300.9729108810425, 304.9852797985077, 308.9958198070526, 308.99859285354614, 313.01262283325195, 313.01457595825195, 317.03433990478516, 317.03777599334717, 321.05706787109375, 321.05899000167847, 321.06210494041443, 325.0796608924866, 325.08203983306885, 329.08704900741577, 329.0904359817505, 333.1025378704071, 337.11512994766235, 337.1176128387451, 341.125718832016, 341.12872982025146, 341.13157081604004, 345.16094398498535, 345.16362595558167, 349.2056369781494, 349.20840287208557, 353.22927689552307, 353.23296999931335, 357.251247882843, 357.25506496429443, 361.261353969574, 361.2647428512573, 365.2753539085388, 365.27859902381897, 369.2881369590759, 369.2910039424896, 373.30442690849304, 373.3076608181, 377.31869888305664, 377.32203102111816, 381.33980798721313, 381.3429388999939, 385.35415482521057, 385.3576729297638, 389.37246203422546, 389.3758759498596, 393.3876008987427, 393.39081382751465, 393.3938000202179, 397.4267749786377, 397.43044900894165, 401.45492601394653, 401.45836782455444, 405.47573590278625, 405.47926688194275, 409.5289189815521, 409.5320289134979, 413.54374289512634, 413.54748487472534, 417.60270500183105, 421.6087408065796, 421.612920999527, 425.62848687171936, 425.6318700313568, 429.6464819908142, 429.65064883232117, 433.6813659667969, 437.6880898475647, 437.69203186035156, 441.74373292922974, 445.7654960155487, 445.7692549228668, 445.772775888443, 449.8128788471222, 449.816871881485, 453.8294589519501, 453.8332989215851, 457.8596420288086, 457.86444783210754, 457.8691418170929, 461.88283586502075, 461.8866720199585, 465.89360785484314, 465.8977949619293, 469.90655398368835, 469.9107530117035, 469.91519498825073, 473.9268419742584, 477.9399149417877, 477.9446258544922, 481.9579448699951, 485.9772210121155, 485.9816029071808, 489.99066281318665, 489.9949758052826, 489.9990828037262, 494.01351499557495, 494.01778292655945, 498.0389709472656, 498.0434739589691, 502.0552568435669, 502.05896496772766, 502.06259298324585, 506.07748579978943, 506.08153080940247, 510.10097098350525, 510.1054058074951, 514.1162078380585, 514.1205019950867, 518.1407568454742, 518.1453659534454, 522.1900849342346, 522.193815946579, 526.2159960269928, 526.2206130027771, 530.2575628757477, 530.2626638412476, 534.2781879901886, 534.2833309173584, 538.2923710346222, 542.2999789714813, 542.3047959804535, 546.3165647983551, 550.3377869129181, 550.3423368930817, 554.3574078083038, 554.3620939254761, 558.3922789096832, 562.4085729122162, 562.4132058620453, 566.4257688522339, 566.4320068359375, 566.4354639053345, 570.4503400325775, 570.4553759098053, 574.4658079147339, 574.4709439277649, 574.4755129814148, 578.49889087677, 578.5039119720459, 578.5086998939514, 582.5278129577637, 582.5325198173523, 586.5422348976135, 586.5486268997192, 586.5536708831787, 590.5660200119019, 590.570634841919]
noisy values: [0.6237107156186104, 2.90446484187254, 2.90446484187254, 2.9996983925770007, 2.9996983925770007, 2.9996983925770007, 2.9996983925770007, 2.9996983925770007, 2.9996983925770007, 3.034533104159845, 3.6567092730426425, 3.6567092730426425, 3.6567092730426425, 3.811497962308074, 3.811497962308074, 3.811497962308074, 3.811497962308074, 3.811497962308074, 3.811497962308074, 3.811497962308074, 3.811497962308074, 3.811497962308074, 3.811497962308074, 3.811497962308074, 3.811497962308074, 3.811497962308074, 3.811497962308074, 3.811497962308074, 3.811497962308074, 3.811497962308074, 3.811497962308074, 3.811497962308074, 3.811497962308074, 3.835324419683063, 3.835324419683063, 3.835324419683063, 3.835324419683063, 3.835324419683063, 3.835324419683063, 3.835324419683063, 3.835625922097349, 3.835625922097349, 3.835625922097349, 3.835625922097349, 3.835625922097349, 3.835625922097349, 3.835625922097349, 3.835625922097349, 3.835625922097349, 3.835625922097349, 3.8358395462693746, 3.8358395462693746, 3.8369338976696383, 3.8369338976696383, 3.8369338976696383, 3.8369338976696383, 3.8369338976696383, 3.8369338976696383, 3.8369338976696383, 3.8528718536725597, 3.8528718536725597, 3.8528718536725597, 3.8528718536725597, 3.8528718536725597, 3.8528718536725597, 3.8528718536725597, 3.8528718536725597, 3.8528718536725597, 3.8528718536725597, 3.8528718536725597, 3.8528718536725597, 3.8528718536725597, 3.8528718536725597, 3.8528718536725597, 3.8528718536725597, 3.8528718536725597, 3.8528718536725597, 3.8528718536725597, 3.8528718536725597, 3.8528718536725597, 3.8528718536725597, 3.8528718536725597, 3.8528718536725597, 3.8528718536725597, 3.8528718536725597, 3.854741669612052, 3.854741669612052, 3.8549504883465047, 3.8549504883465047, 3.8549504883465047, 3.8549504883465047, 3.8549504883465047, 3.8549504883465047, 3.8549504883465047, 3.8549504883465047, 3.8549504883465047, 3.8549504883465047, 3.8549504883465047, 3.8549504883465047, 3.8549504883465047, 3.8566216736531875, 3.8566216736531875, 3.8566216736531875, 3.8566216736531875, 3.8566216736531875, 3.8566216736531875, 3.8566216736531875, 3.8579273666198386, 3.8579273666198386, 3.862467667607388, 3.862467667607388, 3.862467667607388, 3.862467667607388, 3.862467667607388, 3.862467667607388, 3.862467667607388, 3.862467667607388, 3.862467667607388, 3.862467667607388, 3.862467667607388, 3.862467667607388, 3.862467667607388, 3.862467667607388, 3.862467667607388, 3.862467667607388, 3.862467667607388, 3.862467667607388, 3.862467667607388, 3.862467667607388, 3.862467667607388, 3.862467667607388, 3.862467667607388, 3.862467667607388, 3.862467667607388, 3.862467667607388, 3.862467667607388, 3.862467667607388, 3.862467667607388, 3.862467667607388, 3.862467667607388, 3.862467667607388, 3.862467667607388, 3.862467667607388, 3.862467667607388, 3.862467667607388, 3.862467667607388, 3.862467667607388, 3.862467667607388, 3.862467667607388, 3.862467667607388, 3.862467667607388, 3.862467667607388, 3.862467667607388, 3.862467667607388, 3.862467667607388, 3.862467667607388, 3.862467667607388, 3.862467667607388, 3.862467667607388, 3.862467667607388, 3.862467667607388, 3.862467667607388, 3.862467667607388, 3.862467667607388, 3.862467667607388, 3.862467667607388, 3.862467667607388, 3.862467667607388, 3.862467667607388, 3.862467667607388, 3.862467667607388, 3.862467667607388, 3.862467667607388, 3.862467667607388, 3.862467667607388, 3.862467667607388, 3.862467667607388, 3.862467667607388, 3.862467667607388, 3.862467667607388, 3.8625427579798925, 3.8625427579798925, 3.8625427579798925, 3.8625427579798925, 3.8625427579798925, 3.8625427579798925, 3.8625427579798925, 3.8625427579798925, 3.8625427579798925, 3.8625427579798925, 3.8625427579798925, 3.8625427579798925, 3.8625427579798925, 3.8625427579798925, 3.8625427579798925, 3.8625427579798925, 3.8625427579798925, 3.8625427579798925, 3.8625427579798925, 3.8625427579798925, 3.8625427579798925, 3.8625427579798925, 3.8625427579798925, 3.8625427579798925, 3.8625427579798925, 3.8625427579798925, 3.8625427579798925, 3.8625427579798925, 3.8625427579798925, 3.8625427579798925, 3.8625427579798925, 3.8625427579798925, 3.8625427579798925, 3.8625427579798925, 3.8625427579798925, 3.8625427579798925, 3.8625427579798925, 3.8625427579798925, 3.8625427579798925, 3.8625427579798925, 3.8625427579798925, 3.8625427579798925, 3.8625427579798925, 3.8625427579798925, 3.8625427579798925, 3.8625427579798925, 3.8625427579798925, 3.8625427579798925, 3.8625427579798925, 3.8625427579798925, 3.8625427579798925, 3.8625427579798925, 3.8625427579798925, 3.8625427579798925, 3.8625427579798925, 3.8625427579798925, 3.8625427579798925, 3.8625427579798925, 3.8625427579798925, 3.8625427579798925, 3.8625427579798925, 3.8625427579798925, 3.8625427579798925, 3.8625427579798925, 3.8625427579798925, 3.8625427579798925, 3.8625427579798925, 3.8625427579798925, 3.8625427579798925, 3.8625427579798925, 3.8625427579798925, 3.8625427579798925, 3.8625427579798925, 3.8625427579798925, 3.8625427579798925, 3.8625427579798925, 3.8625427579798925, 3.8625427579798925, 3.8625427579798925, 3.8625427579798925, 3.8625427579798925, 3.8625427579798925, 3.8625427579798925, 3.8625427579798925, 3.8625427579798925, 3.8625427579798925, 3.8625427579798925, 3.8625427579798925, 3.8625427579798925, 3.8625427579798925, 3.8625427579798925, 3.8625427579798925, 3.8625427579798925, 3.8625427579798925, 3.8625427579798925, 3.8625427579798925, 3.8625427579798925, 3.8625427579798925, 3.8625427579798925, 3.8625427579798925, 3.8625427579798925, 3.8625427579798925, 3.8625427579798925, 3.8625427579798925, 3.8625427579798925, 3.8625427579798925, 3.8625427579798925, 3.8625427579798925, 3.8625427579798925, 3.8625427579798925]
data points:
values: [0.6280220150705937, 2.904484009098526, 2.904484009098526, 2.999716768817375, 2.999716768817375, 2.999716768817375, 2.999716768817375, 2.999716768817375, 2.999716768817375, 3.0345376190400914, 3.656709344911328, 3.656709344911328, 3.656709344911328, 3.8114980631664195, 3.8114980631664195, 3.8114980631664195, 3.8114980631664195, 3.8114980631664195, 3.8114980631664195, 3.8114980631664195, 3.8114980631664195, 3.8114980631664195, 3.8114980631664195, 3.8114980631664195, 3.8114980631664195, 3.8114980631664195, 3.8114980631664195, 3.8114980631664195, 3.8114980631664195, 3.8114980631664195, 3.8114980631664195, 3.8114980631664195, 3.8114980631664195, 3.835324797095712, 3.835324797095712, 3.835324797095712, 3.835324797095712, 3.835324797095712, 3.835324797095712, 3.835324797095712, 3.835324797095712, 3.835626266522449, 3.835626266522449, 3.835626266522449, 3.835626266522449, 3.835626266522449, 3.835626266522449, 3.835626266522449, 3.835626266522449, 3.835626266522449, 3.835626266522449, 3.8358398974769727, 3.8358398974769727, 3.83693410912648, 3.83693410912648, 3.83693410912648, 3.83693410912648, 3.83693410912648, 3.83693410912648, 3.8528721460921345, 3.8528721460921345, 3.8528721460921345, 3.8528721460921345, 3.8528721460921345, 3.8528721460921345, 3.8528721460921345, 3.8528721460921345, 3.8528721460921345, 3.8528721460921345, 3.8528721460921345, 3.8528721460921345, 3.8528721460921345, 3.8528721460921345, 3.8528721460921345, 3.8528721460921345, 3.8528721460921345, 3.8528721460921345, 3.8528721460921345, 3.8528721460921345, 3.8528721460921345, 3.8528721460921345, 3.8528721460921345, 3.8528721460921345, 3.8528721460921345, 3.8528721460921345, 3.8528721460921345, 3.8547418302495533, 3.8547418302495533, 3.8549506393002537, 3.8549506393002537, 3.8549506393002537, 3.8549506393002537, 3.8549506393002537, 3.8549506393002537, 3.8549506393002537, 3.8549506393002537, 3.8549506393002537, 3.8549506393002537, 3.8549506393002537, 3.8549506393002537, 3.8549506393002537, 3.856621813317056, 3.856621813317056, 3.856621813317056, 3.856621813317056, 3.856621813317056, 3.856621813317056, 3.856621813317056, 3.8579275006281573, 3.8624678353301993, 3.8624678353301993, 3.8624678353301993, 3.8624678353301993, 3.8624678353301993, 3.8624678353301993, 3.8624678353301993, 3.8624678353301993, 3.8624678353301993, 3.8624678353301993, 3.8624678353301993, 3.8624678353301993, 3.8624678353301993, 3.8624678353301993, 3.8624678353301993, 3.8624678353301993, 3.8624678353301993, 3.8624678353301993, 3.8624678353301993, 3.8624678353301993, 3.8624678353301993, 3.8624678353301993, 3.8624678353301993, 3.8624678353301993, 3.8624678353301993, 3.8624678353301993, 3.8624678353301993, 3.8624678353301993, 3.8624678353301993, 3.8624678353301993, 3.8624678353301993, 3.8624678353301993, 3.8624678353301993, 3.8624678353301993, 3.8624678353301993, 3.8624678353301993, 3.8624678353301993, 3.8624678353301993, 3.8624678353301993, 3.8624678353301993, 3.8624678353301993, 3.8624678353301993, 3.8624678353301993, 3.8624678353301993, 3.8624678353301993, 3.8624678353301993, 3.8624678353301993, 3.8624678353301993, 3.8624678353301993, 3.8624678353301993, 3.8624678353301993, 3.8624678353301993, 3.8624678353301993, 3.8624678353301993, 3.8624678353301993, 3.8624678353301993, 3.8624678353301993, 3.8624678353301993, 3.8624678353301993, 3.8624678353301993, 3.8624678353301993, 3.8624678353301993, 3.8624678353301993, 3.8624678353301993, 3.8624678353301993, 3.8624678353301993, 3.8624678353301993, 3.8624678353301993, 3.8624678353301993, 3.8624678353301993, 3.8624678353301993, 3.8624678353301993, 3.862542916430087, 3.862542916430087, 3.862542916430087, 3.862542916430087, 3.862542916430087, 3.862542916430087, 3.862542916430087, 3.862542916430087, 3.862542916430087, 3.862542916430087, 3.862542916430087, 3.862542916430087, 3.862542916430087, 3.862542916430087, 3.862542916430087, 3.862542916430087, 3.862542916430087, 3.862542916430087, 3.862542916430087, 3.862542916430087, 3.862542916430087, 3.862542916430087, 3.862542916430087, 3.862542916430087, 3.862542916430087, 3.862542916430087, 3.862542916430087, 3.862542916430087, 3.862542916430087, 3.862542916430087, 3.862542916430087, 3.862542916430087, 3.862542916430087, 3.862542916430087, 3.862542916430087, 3.862542916430087, 3.862542916430087, 3.862542916430087, 3.862542916430087, 3.862542916430087, 3.862542916430087, 3.862542916430087, 3.862542916430087, 3.862542916430087, 3.862542916430087, 3.862542916430087, 3.862542916430087, 3.862542916430087, 3.862542916430087, 3.862542916430087, 3.862542916430087, 3.862542916430087, 3.862542916430087, 3.862542916430087, 3.862542916430087, 3.862542916430087, 3.862542916430087, 3.862542916430087, 3.862542916430087, 3.862542916430087, 3.862542916430087, 3.862542916430087, 3.862542916430087, 3.862542916430087, 3.862542916430087, 3.862542916430087, 3.862542916430087, 3.862542916430087, 3.862542916430087, 3.862542916430087, 3.862542916430087, 3.862542916430087, 3.862542916430087, 3.862542916430087, 3.862542916430087, 3.862542916430087, 3.862542916430087, 3.862542916430087, 3.862542916430087, 3.862542916430087, 3.862542916430087, 3.862542916430087, 3.862542916430087, 3.862542916430087, 3.862542916430087, 3.862542916430087, 3.862542916430087, 3.862542916430087, 3.862542916430087, 3.862542916430087, 3.862542916430087, 3.862542916430087, 3.862542916430087, 3.862542916430087, 3.862542916430087, 3.862542916430087, 3.862542916430087, 3.862542916430087, 3.862542916430087, 3.862542916430087, 3.862542916430087, 3.862542916430087, 3.862542916430087, 3.862542916430087, 3.862542916430087, 3.862542916430087, 3.862542916430087, 3.862542916430087, 3.862542916430087]
real values1: [0.6280220150705937, 2.904484009098526, 2.904484009098526, 2.999716768817375, 2.999716768817375, 2.999716768817375, 2.999716768817375, 2.999716768817375, 2.999716768817375, 3.0345376190400914, 3.656709344911328, 3.656709344911328, 3.656709344911328, 3.8114980631664195, 3.8114980631664195, 3.8114980631664195, 3.8114980631664195, 3.8114980631664195, 3.8114980631664195, 3.8114980631664195, 3.8114980631664195, 3.8114980631664195, 3.8114980631664195, 3.8114980631664195, 3.8114980631664195, 3.8114980631664195, 3.8114980631664195, 3.8114980631664195, 3.8114980631664195, 3.8114980631664195, 3.8114980631664195, 3.8114980631664195, 3.8114980631664195, 3.835324797095712, 3.835324797095712, 3.835324797095712, 3.835324797095712, 3.835324797095712, 3.835324797095712, 3.835324797095712, 3.835626266522449, 3.835626266522449, 3.835626266522449, 3.835626266522449, 3.835626266522449, 3.835626266522449, 3.835626266522449, 3.835626266522449, 3.835626266522449, 3.835626266522449, 3.8358398974769727, 3.8358398974769727, 3.83693410912648, 3.83693410912648, 3.83693410912648, 3.83693410912648, 3.83693410912648, 3.83693410912648, 3.83693410912648, 3.8528721460921345, 3.8528721460921345, 3.8528721460921345, 3.8528721460921345, 3.8528721460921345, 3.8528721460921345, 3.8528721460921345, 3.8528721460921345, 3.8528721460921345, 3.8528721460921345, 3.8528721460921345, 3.8528721460921345, 3.8528721460921345, 3.8528721460921345, 3.8528721460921345, 3.8528721460921345, 3.8528721460921345, 3.8528721460921345, 3.8528721460921345, 3.8528721460921345, 3.8528721460921345, 3.8528721460921345, 3.8528721460921345, 3.8528721460921345, 3.8528721460921345, 3.8528721460921345, 3.8547418302495533, 3.8547418302495533, 3.8549506393002537, 3.8549506393002537, 3.8549506393002537, 3.8549506393002537, 3.8549506393002537, 3.8549506393002537, 3.8549506393002537, 3.8549506393002537, 3.8549506393002537, 3.8549506393002537, 3.8549506393002537, 3.8549506393002537, 3.8549506393002537, 3.856621813317056, 3.856621813317056, 3.856621813317056, 3.856621813317056, 3.856621813317056, 3.856621813317056, 3.856621813317056, 3.8579275006281573, 3.8579275006281573, 3.8624678353301993, 3.8624678353301993, 3.8624678353301993, 3.8624678353301993, 3.8624678353301993, 3.8624678353301993, 3.8624678353301993, 3.8624678353301993, 3.8624678353301993, 3.8624678353301993, 3.8624678353301993, 3.8624678353301993, 3.8624678353301993, 3.8624678353301993, 3.8624678353301993, 3.8624678353301993, 3.8624678353301993, 3.8624678353301993, 3.8624678353301993, 3.8624678353301993, 3.8624678353301993, 3.8624678353301993, 3.8624678353301993, 3.8624678353301993, 3.8624678353301993, 3.8624678353301993, 3.8624678353301993, 3.8624678353301993, 3.8624678353301993, 3.8624678353301993, 3.8624678353301993, 3.8624678353301993, 3.8624678353301993, 3.8624678353301993, 3.8624678353301993, 3.8624678353301993, 3.8624678353301993, 3.8624678353301993, 3.8624678353301993, 3.8624678353301993, 3.8624678353301993, 3.8624678353301993, 3.8624678353301993, 3.8624678353301993, 3.8624678353301993, 3.8624678353301993, 3.8624678353301993, 3.8624678353301993, 3.8624678353301993, 3.8624678353301993, 3.8624678353301993, 3.8624678353301993, 3.8624678353301993, 3.8624678353301993, 3.8624678353301993, 3.8624678353301993, 3.8624678353301993, 3.8624678353301993, 3.8624678353301993, 3.8624678353301993, 3.8624678353301993, 3.8624678353301993, 3.8624678353301993, 3.8624678353301993, 3.8624678353301993, 3.8624678353301993, 3.8624678353301993, 3.8624678353301993, 3.8624678353301993, 3.8624678353301993, 3.8624678353301993, 3.862542916430087, 3.862542916430087, 3.862542916430087, 3.862542916430087, 3.862542916430087, 3.862542916430087, 3.862542916430087, 3.862542916430087, 3.862542916430087, 3.862542916430087, 3.862542916430087, 3.862542916430087, 3.862542916430087, 3.862542916430087, 3.862542916430087, 3.862542916430087, 3.862542916430087, 3.862542916430087, 3.862542916430087, 3.862542916430087, 3.862542916430087, 3.862542916430087, 3.862542916430087, 3.862542916430087, 3.862542916430087, 3.862542916430087, 3.862542916430087, 3.862542916430087, 3.862542916430087, 3.862542916430087, 3.862542916430087, 3.862542916430087, 3.862542916430087, 3.862542916430087, 3.862542916430087, 3.862542916430087, 3.862542916430087, 3.862542916430087, 3.862542916430087, 3.862542916430087, 3.862542916430087, 3.862542916430087, 3.862542916430087, 3.862542916430087, 3.862542916430087, 3.862542916430087, 3.862542916430087, 3.862542916430087, 3.862542916430087, 3.862542916430087, 3.862542916430087, 3.862542916430087, 3.862542916430087, 3.862542916430087, 3.862542916430087, 3.862542916430087, 3.862542916430087, 3.862542916430087, 3.862542916430087, 3.862542916430087, 3.862542916430087, 3.862542916430087, 3.862542916430087, 3.862542916430087, 3.862542916430087, 3.862542916430087, 3.862542916430087, 3.862542916430087, 3.862542916430087, 3.862542916430087, 3.862542916430087, 3.862542916430087, 3.862542916430087, 3.862542916430087, 3.862542916430087, 3.862542916430087, 3.862542916430087, 3.862542916430087, 3.862542916430087, 3.862542916430087, 3.862542916430087, 3.862542916430087, 3.862542916430087, 3.862542916430087, 3.862542916430087, 3.862542916430087, 3.862542916430087, 3.862542916430087, 3.862542916430087, 3.862542916430087, 3.862542916430087, 3.862542916430087, 3.862542916430087, 3.862542916430087, 3.862542916430087, 3.862542916430087, 3.862542916430087, 3.862542916430087, 3.862542916430087, 3.862542916430087, 3.862542916430087, 3.862542916430087, 3.862542916430087, 3.862542916430087, 3.862542916430087, 3.862542916430087, 3.862542916430087, 3.862542916430087, 3.862542916430087, 3.862542916430087]
real values2: [0.6280220150705937, 2.904484009098526, 2.904484009098526, 2.999716768817375, 2.999716768817375, 2.999716768817375, 2.999716768817375, 2.999716768817375, 2.999716768817375, 3.0345376190400914, 3.656709344911328, 3.656709344911328, 3.656709344911328, 3.8114980631664195, 3.8114980631664195, 3.8114980631664195, 3.8114980631664195, 3.8114980631664195, 3.8114980631664195, 3.8114980631664195, 3.8114980631664195, 3.8114980631664195, 3.8114980631664195, 3.8114980631664195, 3.8114980631664195, 3.8114980631664195, 3.8114980631664195, 3.8114980631664195, 3.8114980631664195, 3.8114980631664195, 3.8114980631664195, 3.8114980631664195, 3.8114980631664195, 3.835324797095712, 3.835324797095712, 3.835324797095712, 3.835324797095712, 3.835324797095712, 3.835324797095712, 3.835324797095712, 3.835626266522449, 3.835626266522449, 3.835626266522449, 3.835626266522449, 3.835626266522449, 3.835626266522449, 3.835626266522449, 3.835626266522449, 3.835626266522449, 3.835626266522449, 3.8358398974769727, 3.8358398974769727, 3.83693410912648, 3.83693410912648, 3.83693410912648, 3.83693410912648, 3.83693410912648, 3.83693410912648, 3.83693410912648, 3.8528721460921345, 3.8528721460921345, 3.8528721460921345, 3.8528721460921345, 3.8528721460921345, 3.8528721460921345, 3.8528721460921345, 3.8528721460921345, 3.8528721460921345, 3.8528721460921345, 3.8528721460921345, 3.8528721460921345, 3.8528721460921345, 3.8528721460921345, 3.8528721460921345, 3.8528721460921345, 3.8528721460921345, 3.8528721460921345, 3.8528721460921345, 3.8528721460921345, 3.8528721460921345, 3.8528721460921345, 3.8528721460921345, 3.8528721460921345, 3.8528721460921345, 3.8528721460921345, 3.8547418302495533, 3.8547418302495533, 3.8549506393002537, 3.8549506393002537, 3.8549506393002537, 3.8549506393002537, 3.8549506393002537, 3.8549506393002537, 3.8549506393002537, 3.8549506393002537, 3.8549506393002537, 3.8549506393002537, 3.8549506393002537, 3.8549506393002537, 3.8549506393002537, 3.856621813317056, 3.856621813317056, 3.856621813317056, 3.856621813317056, 3.856621813317056, 3.856621813317056, 3.856621813317056, 3.8579275006281573, 3.8579275006281573, 3.8624678353301993, 3.8624678353301993, 3.8624678353301993, 3.8624678353301993, 3.8624678353301993, 3.8624678353301993, 3.8624678353301993, 3.8624678353301993, 3.8624678353301993, 3.8624678353301993, 3.8624678353301993, 3.8624678353301993, 3.8624678353301993, 3.8624678353301993, 3.8624678353301993, 3.8624678353301993, 3.8624678353301993, 3.8624678353301993, 3.8624678353301993, 3.8624678353301993, 3.8624678353301993, 3.8624678353301993, 3.8624678353301993, 3.8624678353301993, 3.8624678353301993, 3.8624678353301993, 3.8624678353301993, 3.8624678353301993, 3.8624678353301993, 3.8624678353301993, 3.8624678353301993, 3.8624678353301993, 3.8624678353301993, 3.8624678353301993, 3.8624678353301993, 3.8624678353301993, 3.8624678353301993, 3.8624678353301993, 3.8624678353301993, 3.8624678353301993, 3.8624678353301993, 3.8624678353301993, 3.8624678353301993, 3.8624678353301993, 3.8624678353301993, 3.8624678353301993, 3.8624678353301993, 3.8624678353301993, 3.8624678353301993, 3.8624678353301993, 3.8624678353301993, 3.8624678353301993, 3.8624678353301993, 3.8624678353301993, 3.8624678353301993, 3.8624678353301993, 3.8624678353301993, 3.8624678353301993, 3.8624678353301993, 3.8624678353301993, 3.8624678353301993, 3.8624678353301993, 3.8624678353301993, 3.8624678353301993, 3.8624678353301993, 3.8624678353301993, 3.8624678353301993, 3.8624678353301993, 3.8624678353301993, 3.8624678353301993, 3.8624678353301993, 3.862542916430087, 3.862542916430087, 3.862542916430087, 3.862542916430087, 3.862542916430087, 3.862542916430087, 3.862542916430087, 3.862542916430087, 3.862542916430087, 3.862542916430087, 3.862542916430087, 3.862542916430087, 3.862542916430087, 3.862542916430087, 3.862542916430087, 3.862542916430087, 3.862542916430087, 3.862542916430087, 3.862542916430087, 3.862542916430087, 3.862542916430087, 3.862542916430087, 3.862542916430087, 3.862542916430087, 3.862542916430087, 3.862542916430087, 3.862542916430087, 3.862542916430087, 3.862542916430087, 3.862542916430087, 3.862542916430087, 3.862542916430087, 3.862542916430087, 3.862542916430087, 3.862542916430087, 3.862542916430087, 3.862542916430087, 3.862542916430087, 3.862542916430087, 3.862542916430087, 3.862542916430087, 3.862542916430087, 3.862542916430087, 3.862542916430087, 3.862542916430087, 3.862542916430087, 3.862542916430087, 3.862542916430087, 3.862542916430087, 3.862542916430087, 3.862542916430087, 3.862542916430087, 3.862542916430087, 3.862542916430087, 3.862542916430087, 3.862542916430087, 3.862542916430087, 3.862542916430087, 3.862542916430087, 3.862542916430087, 3.862542916430087, 3.862542916430087, 3.862542916430087, 3.862542916430087, 3.862542916430087, 3.862542916430087, 3.862542916430087, 3.862542916430087, 3.862542916430087, 3.862542916430087, 3.862542916430087, 3.862542916430087, 3.862542916430087, 3.862542916430087, 3.862542916430087, 3.862542916430087, 3.862542916430087, 3.862542916430087, 3.862542916430087, 3.862542916430087, 3.862542916430087, 3.862542916430087, 3.862542916430087, 3.862542916430087, 3.862542916430087, 3.862542916430087, 3.862542916430087, 3.862542916430087, 3.862542916430087, 3.862542916430087, 3.862542916430087, 3.862542916430087, 3.862542916430087, 3.862542916430087, 3.862542916430087, 3.862542916430087, 3.862542916430087, 3.862542916430087, 3.862542916430087, 3.862542916430087, 3.862542916430087, 3.862542916430087, 3.862542916430087, 3.862542916430087, 3.862542916430087, 3.862542916430087, 3.862542916430087, 3.862542916430087, 3.862542916430087, 3.862542916430087]
Done!
