('generated stochastic delays:', [array([ 2, 11,  5, ...,  2,  3,  1])])
('test function', 'Hartmann3')
('opt_fidel_cost:', 1.0)
Running Experiment1: 
('total budget:', 600)
Auto Init: 
C: 0.006103201357804554
nu: 0.006103201357804554
Budget Remaining: 591.985681772
Number of MFHOO Instances: 3
Budget per MFHOO Instance:196.328560591
number of HOO: 3
Running SOO number: 1 rho: 0.95 nu: 0.006103201357804554
delay_type: DHOO
policy: UCB1
[0.12890625 0.5546875  0.8515625 ]
final iterations:41675008
final HOO number of nodes:182
final HOO height:25
final duration:196
final optimal value:3.862543 
time durations: [0.0014309883117675781, 4.012231111526489, 8.01789402961731, 12.025975942611694, 12.026745080947876, 16.0383620262146, 16.038876056671143, 16.040087938308716, 20.04888391494751, 20.049488067626953, 24.054533004760742, 24.083779096603394, 24.115066051483154, 24.116524934768677, 28.1319260597229, 32.13641405105591, 32.13690209388733, 36.169727087020874, 40.17754101753235, 40.17822790145874, 44.18390989303589, 48.192481994628906, 52.201234102249146, 52.20185208320618, 56.22635197639465, 60.23426604270935, 60.2347469329834, 60.23550295829773, 64.24854111671448, 64.24918508529663, 68.2834620475769, 68.28469705581665, 72.30047297477722, 72.30128288269043, 72.30194997787476, 76.32503390312195, 76.32710599899292, 80.33724093437195, 84.35138201713562, 84.35222792625427, 88.39131999015808, 88.39266204833984, 92.40075397491455, 96.41297888755798, 96.41404700279236, 96.41531896591187, 100.43542790412903, 100.43605089187622, 100.43691611289978, 104.45646905899048, 104.4576780796051, 108.47325301170349, 112.48667788505554, 112.48741507530212, 116.49859094619751, 116.51321792602539, 120.51337695121765, 120.51488399505615, 124.52549195289612, 124.52700996398926, 128.5480740070343, 128.5493929386139, 132.56803488731384, 132.56919503211975, 136.60220789909363, 136.60396003723145, 140.61799001693726, 140.6195011138916, 144.63610696792603, 144.63752603530884, 148.65234398841858, 152.66565108299255, 152.66720390319824, 156.68334293365479, 156.6846740245819, 160.69143295288086, 160.6923589706421, 164.71840810775757, 164.71980094909668, 168.74578595161438, 168.74735188484192, 172.76229691505432, 176.77366709709167, 176.775976896286, 180.78736305236816, 180.78952193260193, 184.8052830696106, 184.80672907829285, 184.80841493606567, 188.811439037323, 188.81292700767517, 192.82521605491638, 192.82709407806396]
noisy values: [0.6237107156186104, 2.90446484187254, 2.9996983925770007, 2.9996983925770007, 2.9996983925770007, 2.9996983925770007, 2.9996983925770007, 2.9996983925770007, 2.9996983925770007, 2.9996983925770007, 2.9996983925770007, 3.034533104159845, 3.034533104159845, 3.034533104159845, 3.6567092730426425, 3.6567092730426425, 3.6567092730426425, 3.6567092730426425, 3.8114979673509914, 3.8114979673509914, 3.8114979673509914, 3.8114979673509914, 3.8114979673509914, 3.8114979673509914, 3.8114979673509914, 3.8353244385536955, 3.8353244385536955, 3.8353244385536955, 3.8358395638297544, 3.8358395638297544, 3.8528718682935383, 3.8528718682935383, 3.8528718682935383, 3.8528718682935383, 3.8528718682935383, 3.8528718682935383, 3.8528718682935383, 3.8532158564574015, 3.854741677643927, 3.854741677643927, 3.854741677643927, 3.854741677643927, 3.854741677643927, 3.856621693572747, 3.856621693572747, 3.856621693572747, 3.8612013301890076, 3.8612013301890076, 3.8612013301890076, 3.8612013301890076, 3.8612013301890076, 3.8612013301890076, 3.8612013301890076, 3.8612013301890076, 3.8612013301890076, 3.8612013301890076, 3.8612013301890076, 3.8612013301890076, 3.861982201660188, 3.861982201660188, 3.862131322715906, 3.862131322715906, 3.862131322715906, 3.862131322715906, 3.862131322715906, 3.862131322715906, 3.862131322715906, 3.862131322715906, 3.862131322715906, 3.862131322715906, 3.862467675993529, 3.8625427659024023, 3.8625427659024023, 3.8625427659024023, 3.8625427659024023, 3.8625427659024023, 3.8625427659024023, 3.8625427659024023, 3.8625427659024023, 3.8625427659024023, 3.8625427659024023, 3.8625427659024023, 3.8625427659024023, 3.8625427659024023, 3.8625427659024023, 3.8625427659024023, 3.8625427659024023, 3.8625427659024023, 3.8625427659024023, 3.8625427659024023, 3.8625427659024023, 3.8625427659024023, 3.8625427659024023]
data points:
values: [0.6280220150705937, 2.904484009098526, 2.999716768817375, 2.999716768817375, 2.999716768817375, 2.999716768817375, 2.999716768817375, 2.999716768817375, 2.999716768817375, 2.999716768817375, 2.999716768817375, 3.0345376190400914, 3.0345376190400914, 3.0345376190400914, 3.656709344911328, 3.656709344911328, 3.656709344911328, 3.656709344911328, 3.8114980631664195, 3.8114980631664195, 3.8114980631664195, 3.8114980631664195, 3.8114980631664195, 3.8114980631664195, 3.8114980631664195, 3.835324797095712, 3.835324797095712, 3.835324797095712, 3.835324797095712, 3.8358398974769727, 3.8528721460921345, 3.8528721460921345, 3.8528721460921345, 3.8528721460921345, 3.8528721460921345, 3.8528721460921345, 3.8528721460921345, 3.8528721460921345, 3.8532160073299706, 3.8547418302495533, 3.8547418302495533, 3.8547418302495533, 3.8547418302495533, 3.8547418302495533, 3.856621813317056, 3.856621813317056, 3.8612014800591976, 3.8612014800591976, 3.8612014800591976, 3.8612014800591976, 3.8612014800591976, 3.8612014800591976, 3.8612014800591976, 3.8612014800591976, 3.8612014800591976, 3.8612014800591976, 3.8612014800591976, 3.8612014800591976, 3.8612014800591976, 3.86198235630437, 3.86198235630437, 3.8621314688640394, 3.8621314688640394, 3.8621314688640394, 3.8621314688640394, 3.8621314688640394, 3.8621314688640394, 3.8621314688640394, 3.8621314688640394, 3.8621314688640394, 3.8621314688640394, 3.8624678353301993, 3.862542916430087, 3.862542916430087, 3.862542916430087, 3.862542916430087, 3.862542916430087, 3.862542916430087, 3.862542916430087, 3.862542916430087, 3.862542916430087, 3.862542916430087, 3.862542916430087, 3.862542916430087, 3.862542916430087, 3.862542916430087, 3.862542916430087, 3.862542916430087, 3.862542916430087, 3.862542916430087, 3.862542916430087, 3.862542916430087, 3.862542916430087]
Done!
Running SOO number: 2 rho: 0.925945462757 nu: 0.006103201357804554
delay_type: DHOO
policy: UCB1
[0.25390625 0.5546875  0.8515625 ]
final iterations:44106208
final HOO number of nodes:177
final HOO height:23
final duration:196
final optimal value:3.851086 
time durations: [0.0001270771026611328, 4.009628057479858, 8.015425205230713, 12.01847505569458, 12.019296169281006, 12.054152011871338, 16.036140203475952, 16.06514310836792, 16.06584906578064, 20.08235216140747, 24.086140155792236, 24.086769104003906, 28.103849172592163, 32.11581802368164, 36.126291036605835, 36.12714719772339, 36.1277801990509, 40.1381561756134, 44.150004148483276, 48.18667006492615, 48.18761610984802, 52.201088190078735, 52.202237129211426, 56.21259307861328, 60.21748900413513, 60.21854519844055, 64.22788715362549, 64.22946310043335, 68.23960018157959, 68.24082207679749, 72.25438499450684, 72.25523209571838, 76.2769091129303, 76.278244972229, 80.30812120437622, 80.30889797210693, 84.37818908691406, 84.37888216972351, 88.40149402618408, 88.40254020690918, 92.41859912872314, 92.419517993927, 96.43956303596497, 96.44044613838196, 100.49089503288269, 100.49270415306091, 104.50295400619507, 104.50398516654968, 108.53439998626709, 108.53573203086853, 112.54280710220337, 112.54376006126404, 116.5573091506958, 116.55858302116394, 120.57038617134094, 120.57144403457642, 124.58457612991333, 128.60101413726807, 128.60396099090576, 128.60507702827454, 132.6295130252838, 132.6312961578369, 136.65158915519714, 136.65297198295593, 140.66785502433777, 140.66907119750977, 144.68211698532104, 148.69231009483337, 148.69393801689148, 152.71194219589233, 152.7130641937256, 156.7531521320343, 160.7607491016388, 160.7619981765747, 160.76333117485046, 164.78258109092712, 164.7841820716858, 168.79469799995422, 168.79621005058289, 172.80500411987305, 172.80646204948425, 176.82366299629211, 176.82498002052307, 180.83701300621033, 180.83886814117432, 184.85511112213135, 184.85730910301208, 188.860906124115, 192.87150406837463, 192.8729751110077]
noisy values: [0.6237107156186104, 2.9044653271975416, 2.999699311389019, 2.999699311389019, 2.999699311389019, 2.999699311389019, 2.999699311389019, 2.999699311389019, 2.999699311389019, 2.999699311389019, 2.999699311389019, 2.999699311389019, 3.034533647533856, 3.614949461368677, 3.631528456477006, 3.631528456477006, 3.631528456477006, 3.790082234598986, 3.790082234598986, 3.790082234598986, 3.790082234598986, 3.790082234598986, 3.790082234598986, 3.790082234598986, 3.8209166437068984, 3.8209166437068984, 3.8209166437068984, 3.8209166437068984, 3.8209166437068984, 3.8209166437068984, 3.8209166437068984, 3.8209166437068984, 3.823688566654852, 3.823688566654852, 3.8398551165951753, 3.8398551165951753, 3.8398551165951753, 3.8398551165951753, 3.842134984786506, 3.842134984786506, 3.843421922381839, 3.843421922381839, 3.843421922381839, 3.843421922381839, 3.843421922381839, 3.843421922381839, 3.843421922381839, 3.843421922381839, 3.8460664438126133, 3.8460664438126133, 3.850433740681419, 3.850433740681419, 3.850433740681419, 3.850433740681419, 3.850433740681419, 3.850433740681419, 3.850433740681419, 3.850433740681419, 3.850433740681419, 3.850433740681419, 3.850433740681419, 3.850433740681419, 3.850433740681419, 3.850433740681419, 3.850433740681419, 3.850433740681419, 3.850433740681419, 3.850433740681419, 3.850433740681419, 3.850433740681419, 3.850433740681419, 3.850433740681419, 3.850433740681419, 3.850433740681419, 3.850433740681419, 3.850433740681419, 3.850433740681419, 3.8510856043173027, 3.8510856043173027, 3.8510856043173027, 3.8510856043173027, 3.8510856043173027, 3.8510856043173027, 3.8510856043173027, 3.8510856043173027, 3.8510856043173027, 3.8510856043173027, 3.8510856043173027, 3.8510856043173027, 3.8510856043173027]
data points:
values: [0.6280220150705937, 2.904484009098526, 2.999716768817375, 2.999716768817375, 2.999716768817375, 2.999716768817375, 2.999716768817375, 2.999716768817375, 2.999716768817375, 2.999716768817375, 2.999716768817375, 2.999716768817375, 3.0345376190400914, 3.6149495350176917, 3.6315285240318365, 3.6315285240318365, 3.6315285240318365, 3.7900823397079106, 3.7900823397079106, 3.7900823397079106, 3.7900823397079106, 3.7900823397079106, 3.7900823397079106, 3.7900823397079106, 3.8209169463472783, 3.8209169463472783, 3.8209169463472783, 3.8209169463472783, 3.8209169463472783, 3.8209169463472783, 3.8209169463472783, 3.8209169463472783, 3.823688823819297, 3.823688823819297, 3.8398553252917225, 3.8398553252917225, 3.8398553252917225, 3.8398553252917225, 3.8421350965287955, 3.8421350965287955, 3.8421350965287955, 3.843422025330577, 3.843422025330577, 3.843422025330577, 3.843422025330577, 3.843422025330577, 3.843422025330577, 3.843422025330577, 3.8460665328906596, 3.8460665328906596, 3.8504338493472137, 3.8504338493472137, 3.8504338493472137, 3.8504338493472137, 3.8504338493472137, 3.8504338493472137, 3.8504338493472137, 3.8504338493472137, 3.8504338493472137, 3.8504338493472137, 3.8504338493472137, 3.8504338493472137, 3.8504338493472137, 3.8504338493472137, 3.8504338493472137, 3.8504338493472137, 3.8504338493472137, 3.8504338493472137, 3.8504338493472137, 3.8504338493472137, 3.8504338493472137, 3.8504338493472137, 3.8504338493472137, 3.8504338493472137, 3.8504338493472137, 3.8504338493472137, 3.8504338493472137, 3.8504338493472137, 3.8510857046696776, 3.8510857046696776, 3.8510857046696776, 3.8510857046696776, 3.8510857046696776, 3.8510857046696776, 3.8510857046696776, 3.8510857046696776, 3.8510857046696776, 3.8510857046696776, 3.8510857046696776, 3.8510857046696776]
Done!
Updating C
C: 0.008544481900926375
nu_max: 0.008544481900926375
Running SOO number: 3 rho: 0.857375 nu: 0.008544481900926375
delay_type: DHOO
policy: UCB1
[0.10546875 0.5546875  0.8515625 ]
final iterations:41634671
final HOO number of nodes:165
final HOO height:22
final duration:196
final optimal value:3.862604 
time durations: [0.00013399124145507812, 4.003965139389038, 4.011106014251709, 4.011963129043579, 8.019901037216187, 8.020408153533936, 12.051570177078247, 12.052414178848267, 16.06828212738037, 16.069255113601685, 20.112805128097534, 24.12641215324402, 28.137845993041992, 28.139154195785522, 32.15981912612915, 32.16081213951111, 36.1710741519928, 36.17644906044006, 36.1770920753479, 40.20673608779907, 44.21940302848816, 44.22006702423096, 48.23094701766968, 52.245537996292114, 56.25624418258667, 60.26248216629028, 60.26372504234314, 64.27049612998962, 68.27925109863281, 68.27994012832642, 72.28709101676941, 72.28789710998535, 72.28900504112244, 76.31247901916504, 80.32958602905273, 80.33092999458313, 84.36077809333801, 88.37128520011902, 88.37245011329651, 92.3877501487732, 92.38877511024475, 96.3981020450592, 96.39921307563782, 100.40831208229065, 104.41374802589417, 104.41491317749023, 108.42152309417725, 112.44765019416809, 112.44899821281433, 116.48294019699097, 116.48443412780762, 120.49233913421631, 124.50108909606934, 124.50234699249268, 128.51544404029846, 128.5165581703186, 132.5461552143097, 132.5476222038269, 136.5633671283722, 136.56511306762695, 140.57279109954834, 140.57387709617615, 144.58921098709106, 144.5900740623474, 148.60252118110657, 148.60406398773193, 152.61099910736084, 156.62191009521484, 156.62371921539307, 160.63916301727295, 160.64054918289185, 164.66081714630127, 168.67234015464783, 168.67406010627747, 172.68544816970825, 176.70033812522888, 176.70220017433167, 180.72046208381653, 180.72205114364624, 184.73560118675232, 188.74457812309265, 188.7465841770172, 192.76079106330872, 192.76258611679077]
noisy values: [0.6237107156186104, 0.6237107156186104, 2.904466710677074, 2.904466710677074, 2.9997018012547385, 2.9997018012547385, 2.9997018012547385, 2.9997018012547385, 2.9997018012547385, 2.9997018012547385, 2.9997018012547385, 2.9997018012547385, 2.9997018012547385, 2.9997018012547385, 3.6149494952207037, 3.6149494952207037, 3.6149494952207037, 3.6567093163640574, 3.6567093163640574, 3.6567093163640574, 3.8114980288179376, 3.8114980288179376, 3.8114980288179376, 3.8114980288179376, 3.8114980288179376, 3.8114980288179376, 3.8114980288179376, 3.8114980288179376, 3.8114980288179376, 3.8114980288179376, 3.830369399206128, 3.830369399206128, 3.8353247118247813, 3.8353247118247813, 3.8353247118247813, 3.8353247118247813, 3.8356261887045777, 3.8356261887045777, 3.8356261887045777, 3.8356261887045777, 3.8356261887045777, 3.8356261887045777, 3.8356261887045777, 3.8359910548378027, 3.8359910548378027, 3.8359910548378027, 3.853118358313554, 3.853118358313554, 3.853118358313554, 3.854470282383435, 3.854470282383435, 3.8547469734721913, 3.855161060590261, 3.855161060590261, 3.855161060590261, 3.855161060590261, 3.8581058919280466, 3.8581058919280466, 3.8581058919280466, 3.8581058919280466, 3.8581058919280466, 3.8581058919280466, 3.8581058919280466, 3.8581058919280466, 3.8581058919280466, 3.8581058919280466, 3.8581058919280466, 3.8581058919280466, 3.8581058919280466, 3.8614428462550974, 3.8614428462550974, 3.861645904463219, 3.861645904463219, 3.861645904463219, 3.861645904463219, 3.861645904463219, 3.861645904463219, 3.8625489560635033, 3.8625489560635033, 3.86260378270195, 3.86260378270195, 3.86260378270195, 3.86260378270195, 3.86260378270195]
data points:
values: [0.6280220150705937, 0.6280220150705937, 2.904484009098526, 2.904484009098526, 2.999716768817375, 2.999716768817375, 2.999716768817375, 2.999716768817375, 2.999716768817375, 2.999716768817375, 2.999716768817375, 2.999716768817375, 2.999716768817375, 2.999716768817375, 3.6149495350176917, 3.6149495350176917, 3.6149495350176917, 3.656709344911328, 3.656709344911328, 3.656709344911328, 3.8114980631664195, 3.8114980631664195, 3.8114980631664195, 3.8114980631664195, 3.8114980631664195, 3.8114980631664195, 3.8114980631664195, 3.8114980631664195, 3.8114980631664195, 3.8114980631664195, 3.830369490479456, 3.830369490479456, 3.835324797095712, 3.835324797095712, 3.835324797095712, 3.835324797095712, 3.835324797095712, 3.835626266522449, 3.835626266522449, 3.835626266522449, 3.835626266522449, 3.835626266522449, 3.835626266522449, 3.835626266522449, 3.8359911232502046, 3.8359911232502046, 3.8531184097208295, 3.8531184097208295, 3.8531184097208295, 3.854470306588529, 3.854470306588529, 3.854470306588529, 3.854746994505981, 3.855161086076884, 3.855161086076884, 3.855161086076884, 3.85810590922045, 3.85810590922045, 3.85810590922045, 3.85810590922045, 3.85810590922045, 3.85810590922045, 3.85810590922045, 3.85810590922045, 3.85810590922045, 3.85810590922045, 3.85810590922045, 3.85810590922045, 3.85810590922045, 3.861442864778521, 3.861442864778521, 3.861442864778521, 3.861645920455538, 3.861645920455538, 3.861645920455538, 3.861645920455538, 3.861645920455538, 3.862548975596233, 3.862548975596233, 3.862548975596233, 3.862603799553314, 3.862603799553314, 3.862603799553314, 3.862603799553314]
Done!
Updating C
C: 0.011962274661296924
nu_max: 0.011962274661296924
opt_val: 3.86260379955
