('generated stochastic delays:', [array([ 2, 11,  5, ...,  2,  3,  1])])
('opt_fidel_cost:', 1.0)
Running Experiment1: 
('total budget:', 600)
Auto Init: 
C: 0.006103201357804554
nu: 0.006103201357804554
Budget Remaining: 591.985496998
Number of MFHOO Instances: 1
Budget per MFHOO Instance:590.985496998
Running SOO number: 1 rho: 0.95 nu: 0.006103201357804554
delay_type: DHOO
policy: UCBV
[0.11328125 0.5546875  0.8515625 ]
final iterations:91537468
final HOO number of nodes:725
final HOO height:25
final duration:590
final optimal value:3.862658 
time durations: [0.0012941360473632812, 4.006287097930908, 4.01189112663269, 8.015042066574097, 12.026384115219116, 12.027537107467651, 16.039039134979248, 16.039643049240112, 20.045114994049072, 24.058192014694214, 28.066246032714844, 32.07690095901489, 36.0792760848999, 36.08088517189026, 40.098140001297, 44.102627992630005, 48.11222505569458, 48.11305809020996, 52.13371300697327, 52.13421297073364, 56.165817975997925, 56.16656517982483, 60.18087196350098, 60.18167018890381, 64.19662618637085, 64.19766211509705, 68.22826218605042, 68.22929811477661, 72.42062902450562, 76.43046498298645, 76.43125200271606, 76.43242812156677, 80.44554114341736, 80.44637417793274, 84.46271014213562, 84.46593308448792, 88.47351312637329, 88.47476410865784, 92.48524618148804, 92.48695611953735, 96.49757313728333, 96.49861812591553, 100.50183606147766, 104.50720810890198, 104.50813007354736, 108.52100610733032, 108.52224397659302, 108.52311396598816, 112.5471441745758, 112.54879117012024, 116.5690221786499, 116.56974601745605, 120.58570408821106, 124.5974931716919, 124.59907007217407, 128.61177015304565, 128.6132390499115, 132.62150502204895, 132.62300395965576, 136.63647198677063, 136.63819003105164, 136.6396460533142, 140.6570529937744, 140.65842413902283, 144.66145396232605, 144.67398619651794, 144.67542505264282, 148.69155311584473, 148.6928460597992, 152.7187249660492, 152.72076106071472, 156.72933506965637, 160.7464361190796, 160.7482991218567, 164.76922011375427, 164.77088904380798, 168.78245496749878, 168.7840540409088, 172.79517602920532, 172.79676008224487, 176.8106541633606, 176.8122639656067, 180.82411408424377, 180.82617712020874, 184.83850407600403, 184.84042501449585, 188.85090112686157, 192.8717381954193, 192.87344312667847, 196.88498401641846, 196.88672709465027, 200.90403699874878, 200.9057741165161, 204.91791701316833, 204.91981101036072, 204.92146110534668, 208.94718217849731, 208.94917511940002, 208.9516830444336, 212.96826601028442, 216.9761941432953, 216.97818899154663, 220.98975610733032, 220.99291610717773, 220.99495100975037, 225.0172929763794, 225.01962208747864, 229.0895471572876, 229.0918309688568, 233.1335060596466, 233.13556504249573, 237.13921809196472, 237.14128613471985, 241.15303015708923, 241.1558301448822, 245.1631519794464, 245.16599416732788, 249.1704649925232, 249.17250108718872, 249.1751790046692, 253.18156504631042, 253.18390011787415, 253.18629503250122, 257.19885301589966, 257.20138716697693, 261.21165108680725, 261.21418499946594, 265.2246220111847, 265.2278289794922, 269.23620796203613, 269.23850297927856, 273.24648904800415, 277.25211811065674, 277.2546100616455, 277.2572510242462, 281.26660799980164, 281.26931405067444, 285.2870919704437, 285.2913701534271, 289.30435013771057, 293.3140070438385, 293.3176341056824, 293.3210470676422, 297.32840299606323, 297.33196210861206, 301.36113119125366, 301.3649170398712, 305.3744390010834, 305.3775930404663, 309.381961107254, 309.384957075119, 313.3947501182556, 313.3978440761566, 317.41033601760864, 317.415146112442, 321.4221680164337, 321.4253640174866, 325.45021414756775, 325.45431900024414, 325.45712018013, 329.49433302879333, 329.5028121471405, 333.5071451663971, 333.51162099838257, 337.51758909225464, 341.526486158371, 341.53154611587524, 345.5418441295624, 345.5439701080322, 345.54684495925903, 349.56380701065063, 349.56623697280884, 353.57282400131226, 353.5765800476074, 357.5851809978485, 357.58844208717346, 361.595801115036, 361.5992181301117, 365.6166341304779, 365.6205081939697, 369.6593360900879, 369.66237115859985, 373.69909405708313, 373.70530796051025, 377.7174081802368, 377.7216591835022, 381.7282700538635, 385.73505306243896, 385.73977398872375, 385.7440710067749, 389.7753891944885, 389.7787630558014, 393.78491401672363, 393.78840613365173, 397.81137704849243, 397.8147130012512, 401.8241391181946, 401.83056807518005, 405.8491041660309, 405.8523280620575, 409.8630850315094, 409.8712341785431, 413.88156819343567, 413.8889830112457, 417.8998851776123, 417.903174161911, 421.91972517967224, 421.9233989715576, 425.9294891357422, 425.9378399848938, 429.9517180919647, 429.95602917671204, 433.98633909225464, 433.98970913887024, 438.0039231777191, 438.00932598114014, 442.0204300880432, 442.0268511772156, 446.03891801834106, 446.04249715805054, 446.0462009906769, 450.0507171154022, 450.0566051006317, 450.0634241104126, 450.0710940361023, 454.0718400478363, 454.08055996894836, 454.0868420600891, 454.0932071208954, 458.09155106544495, 458.1118950843811, 458.1178891658783, 458.1269690990448, 462.1340341567993, 462.13984417915344, 462.14555311203003, 466.15093898773193, 466.1557340621948, 466.16320514678955, 466.17409205436707, 466.18356108665466, 470.17235112190247, 470.1886639595032, 470.19975209236145, 474.2077760696411, 474.21474504470825, 474.22237396240234, 474.23024797439575, 478.22643399238586, 478.2316529750824, 478.2413890361786, 482.2367889881134, 482.24267196655273, 482.25049901008606, 486.2612671852112, 486.27027106285095, 486.27712297439575, 490.2799069881439, 490.28559708595276, 490.29258012771606, 490.29994201660156, 490.30654406547546, 490.31290006637573, 494.3212480545044, 494.3264629840851, 494.3492081165314, 494.35350012779236, 498.34118700027466, 498.34980607032776, 498.36965918540955, 498.3805990219116, 502.37150597572327, 502.3806619644165, 502.39047503471375, 506.38865208625793, 506.3990170955658, 506.4101719856262, 506.42062401771545, 510.41146898269653, 510.418261051178, 510.42798614501953, 514.4519550800323, 518.4621729850769, 518.4657180309296, 518.4706020355225, 522.4792141914368, 522.4840071201324, 522.4896349906921, 522.4946341514587, 522.499575138092, 526.5013999938965, 526.5065250396729, 526.5280621051788, 526.5338411331177, 530.5184819698334, 530.5257661342621, 530.5413551330566, 530.550085067749, 534.5407390594482, 534.5476260185242, 534.5574240684509, 534.566477060318, 538.5545120239258, 538.5597970485687, 538.5817711353302, 538.5876200199127, 542.5735650062561, 542.5810480117798, 542.6023840904236, 542.609129190445, 546.5960011482239, 546.6043410301208, 546.6223201751709, 546.6289901733398, 546.6362149715424, 550.6442980766296, 550.657219171524, 550.6729800701141, 550.6843149662018, 554.6827471256256, 554.6881091594696, 554.6947870254517, 558.7051801681519, 558.7107481956482, 558.7161600589752, 558.7209801673889, 562.731124162674, 562.7385971546173, 562.7445051670074, 562.751650094986, 566.7579259872437, 566.7682490348816, 566.7776989936829, 566.7871820926666, 566.7972531318665, 570.790934085846, 570.7972371578217, 570.8034989833832, 570.8093280792236, 570.8159871101379, 570.8223941326141, 570.828794002533, 574.8193500041962, 574.8259291648865, 574.8324480056763, 574.8386039733887, 578.8378171920776, 578.8628010749817, 578.8701751232147, 578.8761961460114, 578.8816020488739, 582.8853771686554, 582.8932111263275, 582.9015440940857, 582.9108481407166, 582.9197251796722, 586.9168291091919, 586.9234511852264, 586.9308631420135, 586.9373869895935, 586.9440221786499, 586.9503309726715, 590.9404110908508, 590.9467821121216, 590.9540109634399, 590.9614040851593, 590.967677116394]
noisy values: [0.6237107156186104, 0.6237107156186104, 2.90446484187254, 2.9996983925770007, 2.9996983925770007, 2.9996983925770007, 2.9996983925770007, 2.9996983925770007, 2.9996983925770007, 3.034533104159845, 3.6567092730426425, 3.6567092730426425, 3.81149795699974, 3.81149795699974, 3.81149795699974, 3.81149795699974, 3.81149795699974, 3.81149795699974, 3.81149795699974, 3.81149795699974, 3.81149795699974, 3.81149795699974, 3.81149795699974, 3.81149795699974, 3.81149795699974, 3.81149795699974, 3.81149795699974, 3.81149795699974, 3.81149795699974, 3.81149795699974, 3.81149795699974, 3.81149795699974, 3.81149795699974, 3.81149795699974, 3.8356259039697123, 3.8356259039697123, 3.8356259039697123, 3.8356259039697123, 3.8356259039697123, 3.8356259039697123, 3.8356259039697123, 3.8356259039697123, 3.8356259039697123, 3.8356259039697123, 3.8356259039697123, 3.8356259039697123, 3.8356259039697123, 3.8356259039697123, 3.8356259039697123, 3.8356259039697123, 3.8356259039697123, 3.8356259039697123, 3.8356259039697123, 3.8356259039697123, 3.8356259039697123, 3.8356259039697123, 3.8356259039697123, 3.8356259039697123, 3.8356259039697123, 3.8356259039697123, 3.8356259039697123, 3.8356259039697123, 3.8356259039697123, 3.8356259039697123, 3.8356259039697123, 3.8356259039697123, 3.8356259039697123, 3.836043646535165, 3.836043646535165, 3.836043646535165, 3.836043646535165, 3.836043646535165, 3.836043646535165, 3.8499399217390793, 3.8499399217390793, 3.8499399217390793, 3.8499399217390793, 3.8499399217390793, 3.8499399217390793, 3.8499399217390793, 3.8499399217390793, 3.8499399217390793, 3.852139279793089, 3.852139279793089, 3.854470168134948, 3.854470168134948, 3.854470168134948, 3.854470168134948, 3.854470168134948, 3.854470168134948, 3.854470168134948, 3.854470168134948, 3.854470168134948, 3.854470168134948, 3.854470168134948, 3.854470168134948, 3.854470168134948, 3.854470168134948, 3.854470168134948, 3.854470168134948, 3.854470168134948, 3.854470168134948, 3.854470168134948, 3.854470168134948, 3.854470168134948, 3.855160940292933, 3.855160940292933, 3.855160940292933, 3.855160940292933, 3.858157776487147, 3.858157776487147, 3.858157776487147, 3.858157776487147, 3.858157776487147, 3.858157776487147, 3.858157776487147, 3.858157776487147, 3.858157776487147, 3.858157776487147, 3.858157776487147, 3.858157776487147, 3.858157776487147, 3.858157776487147, 3.858157776487147, 3.858157776487147, 3.858157776487147, 3.858157776487147, 3.858157776487147, 3.858157776487147, 3.858157776487147, 3.858157776487147, 3.858157776487147, 3.858157776487147, 3.858157776487147, 3.858157776487147, 3.858157776487147, 3.858157776487147, 3.858157776487147, 3.858157776487147, 3.858157776487147, 3.858157776487147, 3.858157776487147, 3.858157776487147, 3.858157776487147, 3.858157776487147, 3.861442720641003, 3.861442720641003, 3.861645782569587, 3.861645782569587, 3.861645782569587, 3.861645782569587, 3.862656724929166, 3.862656724929166, 3.8626576051215418, 3.8626576051215418, 3.8626576051215418, 3.8626576051215418, 3.8626576051215418, 3.8626576051215418, 3.8626576051215418, 3.8626576051215418, 3.8626576051215418, 3.8626576051215418, 3.8626576051215418, 3.8626576051215418, 3.8626576051215418, 3.8626576051215418, 3.8626576051215418, 3.8626576051215418, 3.8626576051215418, 3.8626576051215418, 3.8626576051215418, 3.8626576051215418, 3.8626576051215418, 3.8626576051215418, 3.8626576051215418, 3.8626576051215418, 3.8626576051215418, 3.8626576051215418, 3.8626576051215418, 3.8626576051215418, 3.8626576051215418, 3.8626576051215418, 3.8626576051215418, 3.8626576051215418, 3.8626576051215418, 3.8626576051215418, 3.8626576051215418, 3.8626576051215418, 3.8626576051215418, 3.8626576051215418, 3.8626576051215418, 3.8626576051215418, 3.8626576051215418, 3.8626576051215418, 3.8626576051215418, 3.8626576051215418, 3.8626576051215418, 3.8626576051215418, 3.8626576051215418, 3.8626576051215418, 3.8626576051215418, 3.8626576051215418, 3.8626576051215418, 3.8626576051215418, 3.8626576051215418, 3.8626576051215418, 3.8626576051215418, 3.8626576051215418, 3.8626576051215418, 3.8626576051215418, 3.8626576051215418, 3.8626576051215418, 3.8626576051215418, 3.8626576051215418, 3.8626576051215418, 3.8626576051215418, 3.8626576051215418, 3.8626576051215418, 3.8626576051215418, 3.8626576051215418, 3.8626576051215418, 3.8626576051215418, 3.8626576051215418, 3.8626576051215418, 3.8626576051215418, 3.8626576051215418, 3.8626576051215418, 3.8626576051215418, 3.8626576051215418, 3.8626576051215418, 3.8626576051215418, 3.8626576051215418, 3.8626576051215418, 3.8626576051215418, 3.8626576051215418, 3.8626576051215418, 3.8626576051215418, 3.8626576051215418, 3.8626576051215418, 3.8626576051215418, 3.8626576051215418, 3.8626576051215418, 3.8626576051215418, 3.8626576051215418, 3.8626576051215418, 3.8626576051215418, 3.8626576051215418, 3.8626576051215418, 3.8626576051215418, 3.8626576051215418, 3.8626576051215418, 3.8626576051215418, 3.8626576051215418, 3.8626576051215418, 3.8626576051215418, 3.8626576051215418, 3.8626576051215418, 3.8626576051215418, 3.8626576051215418, 3.8626576051215418, 3.8626576051215418, 3.8626576051215418, 3.8626576051215418, 3.8626576051215418, 3.8626576051215418, 3.8626576051215418, 3.8626576051215418, 3.8626576051215418, 3.8626576051215418, 3.8626576051215418, 3.8626576051215418, 3.8626576051215418, 3.8626576051215418, 3.8626576051215418, 3.8626576051215418, 3.8626576051215418, 3.8626576051215418, 3.8626576051215418, 3.8626576051215418, 3.8626576051215418, 3.8626576051215418, 3.8626576051215418, 3.8626576051215418, 3.8626576051215418, 3.8626576051215418, 3.8626576051215418, 3.8626576051215418, 3.8626576051215418, 3.8626576051215418, 3.8626576051215418, 3.8626576051215418, 3.8626576051215418, 3.8626576051215418, 3.8626576051215418, 3.8626576051215418, 3.8626576051215418, 3.8626576051215418, 3.8626576051215418, 3.8626576051215418, 3.8626576051215418, 3.8626576051215418, 3.8626576051215418, 3.8626576051215418, 3.8626576051215418, 3.8626576051215418, 3.8626576051215418, 3.8626576051215418, 3.8626576051215418, 3.8626576051215418, 3.8626576051215418, 3.8626576051215418, 3.8626576051215418, 3.8626576051215418, 3.8626576051215418, 3.8626576051215418, 3.8626576051215418, 3.8626576051215418, 3.8626576051215418, 3.8626576051215418, 3.8626576051215418, 3.8626576051215418, 3.8626576051215418, 3.8626576051215418, 3.8626576051215418, 3.8626576051215418, 3.8626576051215418, 3.8626576051215418, 3.8626576051215418, 3.8626576051215418, 3.8626576051215418, 3.8626576051215418, 3.8626576051215418, 3.8626576051215418, 3.8626576051215418, 3.8626576051215418, 3.8626576051215418, 3.8626576051215418, 3.8626576051215418, 3.8626576051215418, 3.8626576051215418, 3.8626576051215418, 3.8626576051215418, 3.8626576051215418, 3.8626576051215418, 3.8626576051215418, 3.8626576051215418, 3.8626576051215418, 3.8626576051215418, 3.8626576051215418, 3.8626576051215418, 3.8626576051215418, 3.8626576051215418, 3.8626576051215418, 3.8626576051215418, 3.8626576051215418, 3.8626576051215418, 3.8626576051215418, 3.8626576051215418, 3.8626576051215418, 3.8626576051215418, 3.8626576051215418, 3.8626576051215418, 3.8626576051215418, 3.8626576051215418, 3.8626576051215418, 3.8626576051215418]
data points:
values: [0.6280220150705937, 0.6280220150705937, 2.904484009098526, 2.999716768817375, 2.999716768817375, 2.999716768817375, 2.999716768817375, 2.999716768817375, 2.999716768817375, 3.0345376190400914, 3.656709344911328, 3.656709344911328, 3.8114980631664195, 3.8114980631664195, 3.8114980631664195, 3.8114980631664195, 3.8114980631664195, 3.8114980631664195, 3.8114980631664195, 3.8114980631664195, 3.8114980631664195, 3.8114980631664195, 3.8114980631664195, 3.8114980631664195, 3.8114980631664195, 3.8114980631664195, 3.8114980631664195, 3.8114980631664195, 3.8114980631664195, 3.8114980631664195, 3.8114980631664195, 3.8114980631664195, 3.8114980631664195, 3.8114980631664195, 3.835626266522449, 3.835626266522449, 3.835626266522449, 3.835626266522449, 3.835626266522449, 3.835626266522449, 3.835626266522449, 3.835626266522449, 3.835626266522449, 3.835626266522449, 3.835626266522449, 3.835626266522449, 3.835626266522449, 3.835626266522449, 3.835626266522449, 3.835626266522449, 3.835626266522449, 3.835626266522449, 3.835626266522449, 3.835626266522449, 3.835626266522449, 3.835626266522449, 3.835626266522449, 3.835626266522449, 3.835626266522449, 3.835626266522449, 3.835626266522449, 3.835626266522449, 3.835626266522449, 3.835626266522449, 3.835626266522449, 3.835626266522449, 3.835626266522449, 3.835626266522449, 3.8360438579291434, 3.8360438579291434, 3.8360438579291434, 3.8360438579291434, 3.8360438579291434, 3.849940185412446, 3.849940185412446, 3.849940185412446, 3.849940185412446, 3.849940185412446, 3.849940185412446, 3.849940185412446, 3.849940185412446, 3.849940185412446, 3.849940185412446, 3.8521395318297356, 3.8521395318297356, 3.854470306588529, 3.854470306588529, 3.854470306588529, 3.854470306588529, 3.854470306588529, 3.854470306588529, 3.854470306588529, 3.854470306588529, 3.854470306588529, 3.854470306588529, 3.854470306588529, 3.854470306588529, 3.854470306588529, 3.854470306588529, 3.854470306588529, 3.854470306588529, 3.854470306588529, 3.854470306588529, 3.854470306588529, 3.854470306588529, 3.854470306588529, 3.855161086076884, 3.855161086076884, 3.855161086076884, 3.858157900917103, 3.858157900917103, 3.858157900917103, 3.858157900917103, 3.858157900917103, 3.858157900917103, 3.858157900917103, 3.858157900917103, 3.858157900917103, 3.858157900917103, 3.858157900917103, 3.858157900917103, 3.858157900917103, 3.858157900917103, 3.858157900917103, 3.858157900917103, 3.858157900917103, 3.858157900917103, 3.858157900917103, 3.858157900917103, 3.858157900917103, 3.858157900917103, 3.858157900917103, 3.858157900917103, 3.858157900917103, 3.858157900917103, 3.858157900917103, 3.858157900917103, 3.858157900917103, 3.858157900917103, 3.858157900917103, 3.858157900917103, 3.858157900917103, 3.858157900917103, 3.858157900917103, 3.858157900917103, 3.861442864778521, 3.861442864778521, 3.861442864778521, 3.861645920455538, 3.861645920455538, 3.861645920455538, 3.861645920455538, 3.8626568806638417, 3.8626568806638417, 3.8626577521925003, 3.8626577521925003, 3.8626577521925003, 3.8626577521925003, 3.8626577521925003, 3.8626577521925003, 3.8626577521925003, 3.8626577521925003, 3.8626577521925003, 3.8626577521925003, 3.8626577521925003, 3.8626577521925003, 3.8626577521925003, 3.8626577521925003, 3.8626577521925003, 3.8626577521925003, 3.8626577521925003, 3.8626577521925003, 3.8626577521925003, 3.8626577521925003, 3.8626577521925003, 3.8626577521925003, 3.8626577521925003, 3.8626577521925003, 3.8626577521925003, 3.8626577521925003, 3.8626577521925003, 3.8626577521925003, 3.8626577521925003, 3.8626577521925003, 3.8626577521925003, 3.8626577521925003, 3.8626577521925003, 3.8626577521925003, 3.8626577521925003, 3.8626577521925003, 3.8626577521925003, 3.8626577521925003, 3.8626577521925003, 3.8626577521925003, 3.8626577521925003, 3.8626577521925003, 3.8626577521925003, 3.8626577521925003, 3.8626577521925003, 3.8626577521925003, 3.8626577521925003, 3.8626577521925003, 3.8626577521925003, 3.8626577521925003, 3.8626577521925003, 3.8626577521925003, 3.8626577521925003, 3.8626577521925003, 3.8626577521925003, 3.8626577521925003, 3.8626577521925003, 3.8626577521925003, 3.8626577521925003, 3.8626577521925003, 3.8626577521925003, 3.8626577521925003, 3.8626577521925003, 3.8626577521925003, 3.8626577521925003, 3.8626577521925003, 3.8626577521925003, 3.8626577521925003, 3.8626577521925003, 3.8626577521925003, 3.8626577521925003, 3.8626577521925003, 3.8626577521925003, 3.8626577521925003, 3.8626577521925003, 3.8626577521925003, 3.8626577521925003, 3.8626577521925003, 3.8626577521925003, 3.8626577521925003, 3.8626577521925003, 3.8626577521925003, 3.8626577521925003, 3.8626577521925003, 3.8626577521925003, 3.8626577521925003, 3.8626577521925003, 3.8626577521925003, 3.8626577521925003, 3.8626577521925003, 3.8626577521925003, 3.8626577521925003, 3.8626577521925003, 3.8626577521925003, 3.8626577521925003, 3.8626577521925003, 3.8626577521925003, 3.8626577521925003, 3.8626577521925003, 3.8626577521925003, 3.8626577521925003, 3.8626577521925003, 3.8626577521925003, 3.8626577521925003, 3.8626577521925003, 3.8626577521925003, 3.8626577521925003, 3.8626577521925003, 3.8626577521925003, 3.8626577521925003, 3.8626577521925003, 3.8626577521925003, 3.8626577521925003, 3.8626577521925003, 3.8626577521925003, 3.8626577521925003, 3.8626577521925003, 3.8626577521925003, 3.8626577521925003, 3.8626577521925003, 3.8626577521925003, 3.8626577521925003, 3.8626577521925003, 3.8626577521925003, 3.8626577521925003, 3.8626577521925003, 3.8626577521925003, 3.8626577521925003, 3.8626577521925003, 3.8626577521925003, 3.8626577521925003, 3.8626577521925003, 3.8626577521925003, 3.8626577521925003, 3.8626577521925003, 3.8626577521925003, 3.8626577521925003, 3.8626577521925003, 3.8626577521925003, 3.8626577521925003, 3.8626577521925003, 3.8626577521925003, 3.8626577521925003, 3.8626577521925003, 3.8626577521925003, 3.8626577521925003, 3.8626577521925003, 3.8626577521925003, 3.8626577521925003, 3.8626577521925003, 3.8626577521925003, 3.8626577521925003, 3.8626577521925003, 3.8626577521925003, 3.8626577521925003, 3.8626577521925003, 3.8626577521925003, 3.8626577521925003, 3.8626577521925003, 3.8626577521925003, 3.8626577521925003, 3.8626577521925003, 3.8626577521925003, 3.8626577521925003, 3.8626577521925003, 3.8626577521925003, 3.8626577521925003, 3.8626577521925003, 3.8626577521925003, 3.8626577521925003, 3.8626577521925003, 3.8626577521925003, 3.8626577521925003, 3.8626577521925003, 3.8626577521925003, 3.8626577521925003, 3.8626577521925003, 3.8626577521925003, 3.8626577521925003, 3.8626577521925003, 3.8626577521925003, 3.8626577521925003, 3.8626577521925003, 3.8626577521925003, 3.8626577521925003, 3.8626577521925003, 3.8626577521925003, 3.8626577521925003, 3.8626577521925003, 3.8626577521925003, 3.8626577521925003, 3.8626577521925003, 3.8626577521925003, 3.8626577521925003, 3.8626577521925003, 3.8626577521925003, 3.8626577521925003, 3.8626577521925003, 3.8626577521925003, 3.8626577521925003, 3.8626577521925003, 3.8626577521925003, 3.8626577521925003, 3.8626577521925003, 3.8626577521925003, 3.8626577521925003, 3.8626577521925003, 3.8626577521925003, 3.8626577521925003, 3.8626577521925003, 3.8626577521925003, 3.8626577521925003, 3.8626577521925003]
real values1: [0.6280220150705937, 0.6280220150705937, 2.904484009098526, 2.999716768817375, 2.999716768817375, 2.999716768817375, 2.999716768817375, 2.999716768817375, 2.999716768817375, 3.0345376190400914, 3.656709344911328, 3.656709344911328, 3.8114980631664195, 3.8114980631664195, 3.8114980631664195, 3.8114980631664195, 3.8114980631664195, 3.8114980631664195, 3.8114980631664195, 3.8114980631664195, 3.8114980631664195, 3.8114980631664195, 3.8114980631664195, 3.8114980631664195, 3.8114980631664195, 3.8114980631664195, 3.8114980631664195, 3.8114980631664195, 3.8114980631664195, 3.8114980631664195, 3.8114980631664195, 3.8114980631664195, 3.8114980631664195, 3.8114980631664195, 3.835626266522449, 3.835626266522449, 3.835626266522449, 3.835626266522449, 3.835626266522449, 3.835626266522449, 3.835626266522449, 3.835626266522449, 3.835626266522449, 3.835626266522449, 3.835626266522449, 3.835626266522449, 3.835626266522449, 3.835626266522449, 3.835626266522449, 3.835626266522449, 3.835626266522449, 3.835626266522449, 3.835626266522449, 3.835626266522449, 3.835626266522449, 3.835626266522449, 3.835626266522449, 3.835626266522449, 3.835626266522449, 3.835626266522449, 3.835626266522449, 3.835626266522449, 3.835626266522449, 3.835626266522449, 3.835626266522449, 3.835626266522449, 3.835626266522449, 3.8360438579291434, 3.8360438579291434, 3.8360438579291434, 3.8360438579291434, 3.8360438579291434, 3.8360438579291434, 3.849940185412446, 3.849940185412446, 3.849940185412446, 3.849940185412446, 3.849940185412446, 3.849940185412446, 3.849940185412446, 3.849940185412446, 3.849940185412446, 3.8521395318297356, 3.8521395318297356, 3.854470306588529, 3.854470306588529, 3.854470306588529, 3.854470306588529, 3.854470306588529, 3.854470306588529, 3.854470306588529, 3.854470306588529, 3.854470306588529, 3.854470306588529, 3.854470306588529, 3.854470306588529, 3.854470306588529, 3.854470306588529, 3.854470306588529, 3.854470306588529, 3.854470306588529, 3.854470306588529, 3.854470306588529, 3.854470306588529, 3.854470306588529, 3.855161086076884, 3.855161086076884, 3.855161086076884, 3.855161086076884, 3.858157900917103, 3.858157900917103, 3.858157900917103, 3.858157900917103, 3.858157900917103, 3.858157900917103, 3.858157900917103, 3.858157900917103, 3.858157900917103, 3.858157900917103, 3.858157900917103, 3.858157900917103, 3.858157900917103, 3.858157900917103, 3.858157900917103, 3.858157900917103, 3.858157900917103, 3.858157900917103, 3.858157900917103, 3.858157900917103, 3.858157900917103, 3.858157900917103, 3.858157900917103, 3.858157900917103, 3.858157900917103, 3.858157900917103, 3.858157900917103, 3.858157900917103, 3.858157900917103, 3.858157900917103, 3.858157900917103, 3.858157900917103, 3.858157900917103, 3.858157900917103, 3.858157900917103, 3.858157900917103, 3.861442864778521, 3.861442864778521, 3.861645920455538, 3.861645920455538, 3.861645920455538, 3.861645920455538, 3.8626568806638417, 3.8626568806638417, 3.8626577521925003, 3.8626577521925003, 3.8626577521925003, 3.8626577521925003, 3.8626577521925003, 3.8626577521925003, 3.8626577521925003, 3.8626577521925003, 3.8626577521925003, 3.8626577521925003, 3.8626577521925003, 3.8626577521925003, 3.8626577521925003, 3.8626577521925003, 3.8626577521925003, 3.8626577521925003, 3.8626577521925003, 3.8626577521925003, 3.8626577521925003, 3.8626577521925003, 3.8626577521925003, 3.8626577521925003, 3.8626577521925003, 3.8626577521925003, 3.8626577521925003, 3.8626577521925003, 3.8626577521925003, 3.8626577521925003, 3.8626577521925003, 3.8626577521925003, 3.8626577521925003, 3.8626577521925003, 3.8626577521925003, 3.8626577521925003, 3.8626577521925003, 3.8626577521925003, 3.8626577521925003, 3.8626577521925003, 3.8626577521925003, 3.8626577521925003, 3.8626577521925003, 3.8626577521925003, 3.8626577521925003, 3.8626577521925003, 3.8626577521925003, 3.8626577521925003, 3.8626577521925003, 3.8626577521925003, 3.8626577521925003, 3.8626577521925003, 3.8626577521925003, 3.8626577521925003, 3.8626577521925003, 3.8626577521925003, 3.8626577521925003, 3.8626577521925003, 3.8626577521925003, 3.8626577521925003, 3.8626577521925003, 3.8626577521925003, 3.8626577521925003, 3.8626577521925003, 3.8626577521925003, 3.8626577521925003, 3.8626577521925003, 3.8626577521925003, 3.8626577521925003, 3.8626577521925003, 3.8626577521925003, 3.8626577521925003, 3.8626577521925003, 3.8626577521925003, 3.8626577521925003, 3.8626577521925003, 3.8626577521925003, 3.8626577521925003, 3.8626577521925003, 3.8626577521925003, 3.8626577521925003, 3.8626577521925003, 3.8626577521925003, 3.8626577521925003, 3.8626577521925003, 3.8626577521925003, 3.8626577521925003, 3.8626577521925003, 3.8626577521925003, 3.8626577521925003, 3.8626577521925003, 3.8626577521925003, 3.8626577521925003, 3.8626577521925003, 3.8626577521925003, 3.8626577521925003, 3.8626577521925003, 3.8626577521925003, 3.8626577521925003, 3.8626577521925003, 3.8626577521925003, 3.8626577521925003, 3.8626577521925003, 3.8626577521925003, 3.8626577521925003, 3.8626577521925003, 3.8626577521925003, 3.8626577521925003, 3.8626577521925003, 3.8626577521925003, 3.8626577521925003, 3.8626577521925003, 3.8626577521925003, 3.8626577521925003, 3.8626577521925003, 3.8626577521925003, 3.8626577521925003, 3.8626577521925003, 3.8626577521925003, 3.8626577521925003, 3.8626577521925003, 3.8626577521925003, 3.8626577521925003, 3.8626577521925003, 3.8626577521925003, 3.8626577521925003, 3.8626577521925003, 3.8626577521925003, 3.8626577521925003, 3.8626577521925003, 3.8626577521925003, 3.8626577521925003, 3.8626577521925003, 3.8626577521925003, 3.8626577521925003, 3.8626577521925003, 3.8626577521925003, 3.8626577521925003, 3.8626577521925003, 3.8626577521925003, 3.8626577521925003, 3.8626577521925003, 3.8626577521925003, 3.8626577521925003, 3.8626577521925003, 3.8626577521925003, 3.8626577521925003, 3.8626577521925003, 3.8626577521925003, 3.8626577521925003, 3.8626577521925003, 3.8626577521925003, 3.8626577521925003, 3.8626577521925003, 3.8626577521925003, 3.8626577521925003, 3.8626577521925003, 3.8626577521925003, 3.8626577521925003, 3.8626577521925003, 3.8626577521925003, 3.8626577521925003, 3.8626577521925003, 3.8626577521925003, 3.8626577521925003, 3.8626577521925003, 3.8626577521925003, 3.8626577521925003, 3.8626577521925003, 3.8626577521925003, 3.8626577521925003, 3.8626577521925003, 3.8626577521925003, 3.8626577521925003, 3.8626577521925003, 3.8626577521925003, 3.8626577521925003, 3.8626577521925003, 3.8626577521925003, 3.8626577521925003, 3.8626577521925003, 3.8626577521925003, 3.8626577521925003, 3.8626577521925003, 3.8626577521925003, 3.8626577521925003, 3.8626577521925003, 3.8626577521925003, 3.8626577521925003, 3.8626577521925003, 3.8626577521925003, 3.8626577521925003, 3.8626577521925003, 3.8626577521925003, 3.8626577521925003, 3.8626577521925003, 3.8626577521925003, 3.8626577521925003, 3.8626577521925003, 3.8626577521925003, 3.8626577521925003, 3.8626577521925003, 3.8626577521925003, 3.8626577521925003, 3.8626577521925003, 3.8626577521925003, 3.8626577521925003, 3.8626577521925003, 3.8626577521925003, 3.8626577521925003, 3.8626577521925003, 3.8626577521925003, 3.8626577521925003, 3.8626577521925003, 3.8626577521925003, 3.8626577521925003]
real values2: [0.6280220150705937, 0.6280220150705937, 2.904484009098526, 2.999716768817375, 2.999716768817375, 2.999716768817375, 2.999716768817375, 2.999716768817375, 2.999716768817375, 3.0345376190400914, 3.656709344911328, 3.656709344911328, 3.8114980631664195, 3.8114980631664195, 3.8114980631664195, 3.8114980631664195, 3.8114980631664195, 3.8114980631664195, 3.8114980631664195, 3.8114980631664195, 3.8114980631664195, 3.8114980631664195, 3.8114980631664195, 3.8114980631664195, 3.8114980631664195, 3.8114980631664195, 3.8114980631664195, 3.8114980631664195, 3.8114980631664195, 3.8114980631664195, 3.8114980631664195, 3.8114980631664195, 3.8114980631664195, 3.8114980631664195, 3.835626266522449, 3.835626266522449, 3.835626266522449, 3.835626266522449, 3.835626266522449, 3.835626266522449, 3.835626266522449, 3.835626266522449, 3.835626266522449, 3.835626266522449, 3.835626266522449, 3.835626266522449, 3.835626266522449, 3.835626266522449, 3.835626266522449, 3.835626266522449, 3.835626266522449, 3.835626266522449, 3.835626266522449, 3.835626266522449, 3.835626266522449, 3.835626266522449, 3.835626266522449, 3.835626266522449, 3.835626266522449, 3.835626266522449, 3.835626266522449, 3.835626266522449, 3.835626266522449, 3.835626266522449, 3.835626266522449, 3.835626266522449, 3.835626266522449, 3.8360438579291434, 3.8360438579291434, 3.8360438579291434, 3.8360438579291434, 3.8360438579291434, 3.8360438579291434, 3.849940185412446, 3.849940185412446, 3.849940185412446, 3.849940185412446, 3.849940185412446, 3.849940185412446, 3.849940185412446, 3.849940185412446, 3.849940185412446, 3.8521395318297356, 3.8521395318297356, 3.854470306588529, 3.854470306588529, 3.854470306588529, 3.854470306588529, 3.854470306588529, 3.854470306588529, 3.854470306588529, 3.854470306588529, 3.854470306588529, 3.854470306588529, 3.854470306588529, 3.854470306588529, 3.854470306588529, 3.854470306588529, 3.854470306588529, 3.854470306588529, 3.854470306588529, 3.854470306588529, 3.854470306588529, 3.854470306588529, 3.854470306588529, 3.855161086076884, 3.855161086076884, 3.855161086076884, 3.855161086076884, 3.858157900917103, 3.858157900917103, 3.858157900917103, 3.858157900917103, 3.858157900917103, 3.858157900917103, 3.858157900917103, 3.858157900917103, 3.858157900917103, 3.858157900917103, 3.858157900917103, 3.858157900917103, 3.858157900917103, 3.858157900917103, 3.858157900917103, 3.858157900917103, 3.858157900917103, 3.858157900917103, 3.858157900917103, 3.858157900917103, 3.858157900917103, 3.858157900917103, 3.858157900917103, 3.858157900917103, 3.858157900917103, 3.858157900917103, 3.858157900917103, 3.858157900917103, 3.858157900917103, 3.858157900917103, 3.858157900917103, 3.858157900917103, 3.858157900917103, 3.858157900917103, 3.858157900917103, 3.858157900917103, 3.861442864778521, 3.861442864778521, 3.861645920455538, 3.861645920455538, 3.861645920455538, 3.861645920455538, 3.8626568806638417, 3.8626568806638417, 3.8626577521925003, 3.8626577521925003, 3.8626577521925003, 3.8626577521925003, 3.8626577521925003, 3.8626577521925003, 3.8626577521925003, 3.8626577521925003, 3.8626577521925003, 3.8626577521925003, 3.8626577521925003, 3.8626577521925003, 3.8626577521925003, 3.8626577521925003, 3.8626577521925003, 3.8626577521925003, 3.8626577521925003, 3.8626577521925003, 3.8626577521925003, 3.8626577521925003, 3.8626577521925003, 3.8626577521925003, 3.8626577521925003, 3.8626577521925003, 3.8626577521925003, 3.8626577521925003, 3.8626577521925003, 3.8626577521925003, 3.8626577521925003, 3.8626577521925003, 3.8626577521925003, 3.8626577521925003, 3.8626577521925003, 3.8626577521925003, 3.8626577521925003, 3.8626577521925003, 3.8626577521925003, 3.8626577521925003, 3.8626577521925003, 3.8626577521925003, 3.8626577521925003, 3.8626577521925003, 3.8626577521925003, 3.8626577521925003, 3.8626577521925003, 3.8626577521925003, 3.8626577521925003, 3.8626577521925003, 3.8626577521925003, 3.8626577521925003, 3.8626577521925003, 3.8626577521925003, 3.8626577521925003, 3.8626577521925003, 3.8626577521925003, 3.8626577521925003, 3.8626577521925003, 3.8626577521925003, 3.8626577521925003, 3.8626577521925003, 3.8626577521925003, 3.8626577521925003, 3.8626577521925003, 3.8626577521925003, 3.8626577521925003, 3.8626577521925003, 3.8626577521925003, 3.8626577521925003, 3.8626577521925003, 3.8626577521925003, 3.8626577521925003, 3.8626577521925003, 3.8626577521925003, 3.8626577521925003, 3.8626577521925003, 3.8626577521925003, 3.8626577521925003, 3.8626577521925003, 3.8626577521925003, 3.8626577521925003, 3.8626577521925003, 3.8626577521925003, 3.8626577521925003, 3.8626577521925003, 3.8626577521925003, 3.8626577521925003, 3.8626577521925003, 3.8626577521925003, 3.8626577521925003, 3.8626577521925003, 3.8626577521925003, 3.8626577521925003, 3.8626577521925003, 3.8626577521925003, 3.8626577521925003, 3.8626577521925003, 3.8626577521925003, 3.8626577521925003, 3.8626577521925003, 3.8626577521925003, 3.8626577521925003, 3.8626577521925003, 3.8626577521925003, 3.8626577521925003, 3.8626577521925003, 3.8626577521925003, 3.8626577521925003, 3.8626577521925003, 3.8626577521925003, 3.8626577521925003, 3.8626577521925003, 3.8626577521925003, 3.8626577521925003, 3.8626577521925003, 3.8626577521925003, 3.8626577521925003, 3.8626577521925003, 3.8626577521925003, 3.8626577521925003, 3.8626577521925003, 3.8626577521925003, 3.8626577521925003, 3.8626577521925003, 3.8626577521925003, 3.8626577521925003, 3.8626577521925003, 3.8626577521925003, 3.8626577521925003, 3.8626577521925003, 3.8626577521925003, 3.8626577521925003, 3.8626577521925003, 3.8626577521925003, 3.8626577521925003, 3.8626577521925003, 3.8626577521925003, 3.8626577521925003, 3.8626577521925003, 3.8626577521925003, 3.8626577521925003, 3.8626577521925003, 3.8626577521925003, 3.8626577521925003, 3.8626577521925003, 3.8626577521925003, 3.8626577521925003, 3.8626577521925003, 3.8626577521925003, 3.8626577521925003, 3.8626577521925003, 3.8626577521925003, 3.8626577521925003, 3.8626577521925003, 3.8626577521925003, 3.8626577521925003, 3.8626577521925003, 3.8626577521925003, 3.8626577521925003, 3.8626577521925003, 3.8626577521925003, 3.8626577521925003, 3.8626577521925003, 3.8626577521925003, 3.8626577521925003, 3.8626577521925003, 3.8626577521925003, 3.8626577521925003, 3.8626577521925003, 3.8626577521925003, 3.8626577521925003, 3.8626577521925003, 3.8626577521925003, 3.8626577521925003, 3.8626577521925003, 3.8626577521925003, 3.8626577521925003, 3.8626577521925003, 3.8626577521925003, 3.8626577521925003, 3.8626577521925003, 3.8626577521925003, 3.8626577521925003, 3.8626577521925003, 3.8626577521925003, 3.8626577521925003, 3.8626577521925003, 3.8626577521925003, 3.8626577521925003, 3.8626577521925003, 3.8626577521925003, 3.8626577521925003, 3.8626577521925003, 3.8626577521925003, 3.8626577521925003, 3.8626577521925003, 3.8626577521925003, 3.8626577521925003, 3.8626577521925003, 3.8626577521925003, 3.8626577521925003, 3.8626577521925003, 3.8626577521925003, 3.8626577521925003, 3.8626577521925003, 3.8626577521925003, 3.8626577521925003, 3.8626577521925003, 3.8626577521925003, 3.8626577521925003, 3.8626577521925003, 3.8626577521925003, 3.8626577521925003, 3.8626577521925003, 3.8626577521925003]
Done!

