('generated stochastic delays:', [array([ 2, 11,  5, ...,  2,  3,  1])])
('opt_fidel_cost:', 1.0)
Running Experiment1: 
('total budget:', 600)
Auto Init: 
C: 0.006103201357804554
nu: 0.006103201357804554
Budget Remaining: 591.991355896
Number of MFHOO Instances: 3
Budget per MFHOO Instance:196.330451965
Running SOO number: 1 rho: 0.95 nu: 0.006103201357804554
delay_type: DHOO
policy: UCBV
[0.0625 0.5625 0.875 ]
final iterations:51956644
final HOO number of nodes:179
final HOO height:14
final duration:196
final optimal value:3.811498 
time durations: [0.0013170242309570312, 4.016870021820068, 4.017171859741211, 4.017889022827148, 8.020611047744751, 8.021339893341064, 8.02193307876587, 12.02320384979248, 12.023835897445679, 16.029283046722412, 20.032378911972046, 20.033074855804443, 24.04268503189087, 24.043272972106934, 28.046947956085205, 28.047481060028076, 32.051517963409424, 36.06126689910889, 36.062325954437256, 40.06920099258423, 44.07446885108948, 44.075284004211426, 48.07843494415283, 48.07914996147156, 52.09842896461487, 52.09935402870178, 56.10162806510925, 60.10904002189636, 60.110092878341675, 64.11588406562805, 68.12215089797974, 68.1236629486084, 72.13503694534302, 76.14168691635132, 76.14288806915283, 80.1611258983612, 80.1619520187378, 84.16722989082336, 84.16870903968811, 88.17326593399048, 88.17414093017578, 92.19755291938782, 96.20177793502808, 96.20285105705261, 100.21497988700867, 100.21597003936768, 104.23286485671997, 104.2348690032959, 108.24119997024536, 108.24232602119446, 112.24637699127197, 112.24775099754333, 112.24893403053284, 116.26562285423279, 116.26680302619934, 120.27247405052185, 120.2739679813385, 120.27509999275208, 124.2875108718872, 124.2887110710144, 124.29001688957214, 128.30582690238953, 128.30706000328064, 132.31589007377625, 132.317321062088, 136.3204140663147, 136.3218469619751, 140.34336805343628, 144.3466980457306, 144.3479609489441, 148.3528549671173, 152.35970902442932, 152.36141800880432, 156.37397289276123, 160.38041591644287, 160.38163590431213, 164.3841540813446, 164.3857250213623, 168.4027509689331, 168.4044370651245, 172.43634605407715, 176.44504189491272, 176.44668006896973, 180.45034193992615, 180.45239400863647, 184.45688891410828, 184.45844101905823, 188.4637188911438, 188.46559190750122, 192.47348594665527]
noisy values: [0.6237107156186104, 2.90446484187254, 2.90446484187254, 2.90446484187254, 2.999699311389019, 2.999699311389019, 2.999699311389019, 2.999699311389019, 2.999699311389019, 2.999699311389019, 2.999699311389019, 2.999699311389019, 2.999699311389019, 2.999699311389019, 2.999699311389019, 2.999699311389019, 2.999699311389019, 2.999699311389019, 2.999699311389019, 2.999699311389019, 2.999699311389019, 2.999699311389019, 3.5171991789564703, 3.5171991789564703, 3.5171991789564703, 3.5171991789564703, 3.5171991789564703, 3.5171991789564703, 3.5171991789564703, 3.5171991789564703, 3.5171991789564703, 3.5171991789564703, 3.5171991789564703, 3.5171991789564703, 3.5171991789564703, 3.656709283292914, 3.656709283292914, 3.656709283292914, 3.656709283292914, 3.656709283292914, 3.656709283292914, 3.808900527741125, 3.808900527741125, 3.808900527741125, 3.808900527741125, 3.808900527741125, 3.808900527741125, 3.808900527741125, 3.808900527741125, 3.808900527741125, 3.808900527741125, 3.808900527741125, 3.808900527741125, 3.808900527741125, 3.808900527741125, 3.808900527741125, 3.808900527741125, 3.808900527741125, 3.808900527741125, 3.808900527741125, 3.808900527741125, 3.808900527741125, 3.808900527741125, 3.808900527741125, 3.808900527741125, 3.808900527741125, 3.808900527741125, 3.808900527741125, 3.808900527741125, 3.808900527741125, 3.808900527741125, 3.808900527741125, 3.808900527741125, 3.811497972141763, 3.811497972141763, 3.811497972141763, 3.811497972141763, 3.811497972141763, 3.811497972141763, 3.811497972141763, 3.811497972141763, 3.811497972141763, 3.811497972141763, 3.811497972141763, 3.811497972141763, 3.811497972141763, 3.811497972141763, 3.811497972141763, 3.811497972141763, 3.811497972141763]
data points:
values: [0.6280220150705937, 2.904484009098526, 2.904484009098526, 2.904484009098526, 2.999716768817375, 2.999716768817375, 2.999716768817375, 2.999716768817375, 2.999716768817375, 2.999716768817375, 2.999716768817375, 2.999716768817375, 2.999716768817375, 2.999716768817375, 2.999716768817375, 2.999716768817375, 2.999716768817375, 2.999716768817375, 2.999716768817375, 2.999716768817375, 2.999716768817375, 2.999716768817375, 3.517199242641789, 3.517199242641789, 3.517199242641789, 3.517199242641789, 3.517199242641789, 3.517199242641789, 3.517199242641789, 3.517199242641789, 3.517199242641789, 3.517199242641789, 3.517199242641789, 3.517199242641789, 3.517199242641789, 3.656709344911328, 3.656709344911328, 3.656709344911328, 3.656709344911328, 3.656709344911328, 3.656709344911328, 3.8089006370366474, 3.8089006370366474, 3.8089006370366474, 3.8089006370366474, 3.8089006370366474, 3.8089006370366474, 3.8089006370366474, 3.8089006370366474, 3.8089006370366474, 3.8089006370366474, 3.8089006370366474, 3.8089006370366474, 3.8089006370366474, 3.8089006370366474, 3.8089006370366474, 3.8089006370366474, 3.8089006370366474, 3.8089006370366474, 3.8089006370366474, 3.8089006370366474, 3.8089006370366474, 3.8089006370366474, 3.8089006370366474, 3.8089006370366474, 3.8089006370366474, 3.8089006370366474, 3.8089006370366474, 3.8089006370366474, 3.8089006370366474, 3.8089006370366474, 3.8089006370366474, 3.8089006370366474, 3.8089006370366474, 3.8114980631664195, 3.8114980631664195, 3.8114980631664195, 3.8114980631664195, 3.8114980631664195, 3.8114980631664195, 3.8114980631664195, 3.8114980631664195, 3.8114980631664195, 3.8114980631664195, 3.8114980631664195, 3.8114980631664195, 3.8114980631664195, 3.8114980631664195, 3.8114980631664195, 3.8114980631664195]
real values1: [0.6280220150705937, 2.904484009098526, 2.904484009098526, 2.904484009098526, 2.999716768817375, 2.999716768817375, 2.999716768817375, 2.999716768817375, 2.999716768817375, 2.999716768817375, 2.999716768817375, 2.999716768817375, 2.999716768817375, 2.999716768817375, 2.999716768817375, 2.999716768817375, 2.999716768817375, 2.999716768817375, 2.999716768817375, 2.999716768817375, 2.999716768817375, 2.999716768817375, 3.517199242641789, 3.517199242641789, 3.517199242641789, 3.517199242641789, 3.517199242641789, 3.517199242641789, 3.517199242641789, 3.517199242641789, 3.517199242641789, 3.517199242641789, 3.517199242641789, 3.517199242641789, 3.517199242641789, 3.656709344911328, 3.656709344911328, 3.656709344911328, 3.656709344911328, 3.656709344911328, 3.656709344911328, 3.8089006370366474, 3.8089006370366474, 3.8089006370366474, 3.8089006370366474, 3.8089006370366474, 3.8089006370366474, 3.8089006370366474, 3.8089006370366474, 3.8089006370366474, 3.8089006370366474, 3.8089006370366474, 3.8089006370366474, 3.8089006370366474, 3.8089006370366474, 3.8089006370366474, 3.8089006370366474, 3.8089006370366474, 3.8089006370366474, 3.8089006370366474, 3.8089006370366474, 3.8089006370366474, 3.8089006370366474, 3.8089006370366474, 3.8089006370366474, 3.8089006370366474, 3.8089006370366474, 3.8089006370366474, 3.8089006370366474, 3.8089006370366474, 3.8089006370366474, 3.8089006370366474, 3.8089006370366474, 3.8114980631664195, 3.8114980631664195, 3.8114980631664195, 3.8114980631664195, 3.8114980631664195, 3.8114980631664195, 3.8114980631664195, 3.8114980631664195, 3.8114980631664195, 3.8114980631664195, 3.8114980631664195, 3.8114980631664195, 3.8114980631664195, 3.8114980631664195, 3.8114980631664195, 3.8114980631664195, 3.8114980631664195]
real values2: [0.6280220150705937, 2.904484009098526, 2.904484009098526, 2.904484009098526, 2.999716768817375, 2.999716768817375, 2.999716768817375, 2.999716768817375, 2.999716768817375, 2.999716768817375, 2.999716768817375, 2.999716768817375, 2.999716768817375, 2.999716768817375, 2.999716768817375, 2.999716768817375, 2.999716768817375, 2.999716768817375, 2.999716768817375, 2.999716768817375, 2.999716768817375, 2.999716768817375, 3.517199242641789, 3.517199242641789, 3.517199242641789, 3.517199242641789, 3.517199242641789, 3.517199242641789, 3.517199242641789, 3.517199242641789, 3.517199242641789, 3.517199242641789, 3.517199242641789, 3.517199242641789, 3.517199242641789, 3.656709344911328, 3.656709344911328, 3.656709344911328, 3.656709344911328, 3.656709344911328, 3.656709344911328, 3.8089006370366474, 3.8089006370366474, 3.8089006370366474, 3.8089006370366474, 3.8089006370366474, 3.8089006370366474, 3.8089006370366474, 3.8089006370366474, 3.8089006370366474, 3.8089006370366474, 3.8089006370366474, 3.8089006370366474, 3.8089006370366474, 3.8089006370366474, 3.8089006370366474, 3.8089006370366474, 3.8089006370366474, 3.8089006370366474, 3.8089006370366474, 3.8089006370366474, 3.8089006370366474, 3.8089006370366474, 3.8089006370366474, 3.8089006370366474, 3.8089006370366474, 3.8089006370366474, 3.8089006370366474, 3.8089006370366474, 3.8089006370366474, 3.8089006370366474, 3.8089006370366474, 3.8089006370366474, 3.8114980631664195, 3.8114980631664195, 3.8114980631664195, 3.8114980631664195, 3.8114980631664195, 3.8114980631664195, 3.8114980631664195, 3.8114980631664195, 3.8114980631664195, 3.8114980631664195, 3.8114980631664195, 3.8114980631664195, 3.8114980631664195, 3.8114980631664195, 3.8114980631664195, 3.8114980631664195, 3.8114980631664195]
Done!
Running SOO number: 2 rho: 0.925945462757 nu: 0.006103201357804554
delay_type: DHOO
policy: UCBV
[0.0625 0.5625 0.875 ]
final iterations:58211503
final HOO number of nodes:218
final HOO height:12
final duration:196
final optimal value:3.811498 
time durations: [0.0003819465637207031, 4.003612995147705, 4.004178047180176, 8.007601976394653, 8.008151054382324, 8.008461952209473, 12.01176404953003, 12.018898010253906, 12.019603967666626, 16.028183937072754, 16.032371997833252, 16.032832145690918, 16.039917945861816, 16.040596961975098, 20.04473614692688, 20.045408964157104, 24.088739156723022, 24.08934211730957, 28.093233108520508, 28.09400510787964, 32.10058403015137, 32.101526975631714, 36.11789298057556, 36.11880016326904, 36.119399070739746, 40.13372802734375, 40.1346161365509, 44.142714977264404, 48.148436069488525, 48.149304151535034, 48.15020513534546, 48.15096116065979, 48.15190601348877, 48.152642011642456, 52.1531720161438, 52.15424394607544, 52.1584050655365, 56.16310405731201, 56.164042949676514, 60.16830396652222, 60.16925311088562, 64.18395400047302, 64.20400404930115, 64.20515704154968, 68.20840716362, 68.20991015434265, 72.21434903144836, 72.21540808677673, 76.22854995727539, 76.23008394241333, 80.23882794380188, 80.24006795883179, 80.24117016792297, 80.24274802207947, 84.24433302879333, 84.24546194076538, 88.24960112571716, 92.25297999382019, 92.2540111541748, 96.26424217224121, 96.26507306098938, 100.27903199195862, 100.28041315078735, 100.2816309928894, 104.28705596923828, 104.30849695205688, 104.30971813201904, 108.31614708900452, 108.31755900382996, 112.32412505149841, 112.32571196556091, 116.34075713157654, 116.3422040939331, 120.35154414176941, 124.35871601104736, 124.36018896102905, 128.36845803260803, 128.37001204490662, 132.38075804710388, 132.38234496116638, 136.39529705047607, 136.3967170715332, 140.4090039730072, 140.4107961654663, 144.41742205619812, 144.41982793807983, 148.43474698066711, 148.4365930557251, 152.452082157135, 152.45362210273743, 156.45871114730835, 156.46057105064392, 160.4673490524292, 164.47121810913086, 164.473060131073, 168.48062801361084, 168.48238110542297, 172.4943540096283, 172.49598002433777, 176.50253701210022, 176.50427412986755, 176.50606107711792, 180.5228979587555, 180.52513194084167, 180.52702116966248, 184.54436111450195, 184.54625606536865, 188.56656908988953, 188.56877493858337, 192.5723741054535, 192.57459497451782]
noisy values: [0.6237107156186104, 0.6237107156186104, 0.6237107156186104, 2.9044653271975416, 2.999699311389019, 2.999699311389019, 2.999699311389019, 2.999699311389019, 2.999699311389019, 2.999699311389019, 2.999699311389019, 2.999699311389019, 2.999699311389019, 2.999699311389019, 2.999699311389019, 2.999699311389019, 2.999699311389019, 2.999699311389019, 3.034533647533856, 3.034533647533856, 3.034533647533856, 3.034533647533856, 3.3846796597503888, 3.614949461368677, 3.614949461368677, 3.631528456477006, 3.631528456477006, 3.631528456477006, 3.631528456477006, 3.631528456477006, 3.656709283292914, 3.656709283292914, 3.656709283292914, 3.656709283292914, 3.656709283292914, 3.656709283292914, 3.656709283292914, 3.8114979766929955, 3.8114979766929955, 3.8114979766929955, 3.8114979766929955, 3.8114979766929955, 3.8114979766929955, 3.8114979766929955, 3.8114979766929955, 3.8114979766929955, 3.8114979766929955, 3.8114979766929955, 3.8114979766929955, 3.8114979766929955, 3.8114979766929955, 3.8114979766929955, 3.8114979766929955, 3.8114979766929955, 3.8114979766929955, 3.8114979766929955, 3.8114979766929955, 3.8114979766929955, 3.8114979766929955, 3.8114979766929955, 3.8114979766929955, 3.8114979766929955, 3.8114979766929955, 3.8114979766929955, 3.8114979766929955, 3.8114979766929955, 3.8114979766929955, 3.8114979766929955, 3.8114979766929955, 3.8114979766929955, 3.8114979766929955, 3.8114979766929955, 3.8114979766929955, 3.8114979766929955, 3.8114979766929955, 3.8114979766929955, 3.8114979766929955, 3.8114979766929955, 3.8114979766929955, 3.8114979766929955, 3.8114979766929955, 3.8114979766929955, 3.8114979766929955, 3.8114979766929955, 3.8114979766929955, 3.8114979766929955, 3.8114979766929955, 3.8114979766929955, 3.8114979766929955, 3.8114979766929955, 3.8114979766929955, 3.8114979766929955, 3.8114979766929955, 3.8114979766929955, 3.8114979766929955, 3.8114979766929955, 3.8114979766929955, 3.8114979766929955, 3.8114979766929955, 3.8114979766929955, 3.8114979766929955, 3.8114979766929955, 3.8114979766929955, 3.8114979766929955, 3.8114979766929955, 3.8114979766929955, 3.8114979766929955, 3.8114979766929955, 3.8114979766929955, 3.8114979766929955, 3.8114979766929955]
data points:
values: [0.6280220150705937, 0.6280220150705937, 0.6280220150705937, 2.904484009098526, 2.999716768817375, 2.999716768817375, 2.999716768817375, 2.999716768817375, 2.999716768817375, 2.999716768817375, 2.999716768817375, 2.999716768817375, 2.999716768817375, 2.999716768817375, 2.999716768817375, 2.999716768817375, 2.999716768817375, 2.999716768817375, 3.0345376190400914, 3.0345376190400914, 3.0345376190400914, 3.0345376190400914, 3.6149495350176917, 3.6149495350176917, 3.6149495350176917, 3.6315285240318365, 3.6315285240318365, 3.6315285240318365, 3.6315285240318365, 3.6315285240318365, 3.656709344911328, 3.656709344911328, 3.656709344911328, 3.656709344911328, 3.656709344911328, 3.656709344911328, 3.656709344911328, 3.8114980631664195, 3.8114980631664195, 3.8114980631664195, 3.8114980631664195, 3.8114980631664195, 3.8114980631664195, 3.8114980631664195, 3.8114980631664195, 3.8114980631664195, 3.8114980631664195, 3.8114980631664195, 3.8114980631664195, 3.8114980631664195, 3.8114980631664195, 3.8114980631664195, 3.8114980631664195, 3.8114980631664195, 3.8114980631664195, 3.8114980631664195, 3.8114980631664195, 3.8114980631664195, 3.8114980631664195, 3.8114980631664195, 3.8114980631664195, 3.8114980631664195, 3.8114980631664195, 3.8114980631664195, 3.8114980631664195, 3.8114980631664195, 3.8114980631664195, 3.8114980631664195, 3.8114980631664195, 3.8114980631664195, 3.8114980631664195, 3.8114980631664195, 3.8114980631664195, 3.8114980631664195, 3.8114980631664195, 3.8114980631664195, 3.8114980631664195, 3.8114980631664195, 3.8114980631664195, 3.8114980631664195, 3.8114980631664195, 3.8114980631664195, 3.8114980631664195, 3.8114980631664195, 3.8114980631664195, 3.8114980631664195, 3.8114980631664195, 3.8114980631664195, 3.8114980631664195, 3.8114980631664195, 3.8114980631664195, 3.8114980631664195, 3.8114980631664195, 3.8114980631664195, 3.8114980631664195, 3.8114980631664195, 3.8114980631664195, 3.8114980631664195, 3.8114980631664195, 3.8114980631664195, 3.8114980631664195, 3.8114980631664195, 3.8114980631664195, 3.8114980631664195, 3.8114980631664195, 3.8114980631664195, 3.8114980631664195, 3.8114980631664195, 3.8114980631664195, 3.8114980631664195, 3.8114980631664195]
real values1: [0.6280220150705937, 0.6280220150705937, 0.6280220150705937, 2.904484009098526, 2.999716768817375, 2.999716768817375, 2.999716768817375, 2.999716768817375, 2.999716768817375, 2.999716768817375, 2.999716768817375, 2.999716768817375, 2.999716768817375, 2.999716768817375, 2.999716768817375, 2.999716768817375, 2.999716768817375, 2.999716768817375, 3.0345376190400914, 3.0345376190400914, 3.0345376190400914, 3.0345376190400914, 3.6149495350176917, 3.6149495350176917, 3.6149495350176917, 3.6315285240318365, 3.6315285240318365, 3.6315285240318365, 3.6315285240318365, 3.6315285240318365, 3.656709344911328, 3.656709344911328, 3.656709344911328, 3.656709344911328, 3.656709344911328, 3.656709344911328, 3.656709344911328, 3.8114980631664195, 3.8114980631664195, 3.8114980631664195, 3.8114980631664195, 3.8114980631664195, 3.8114980631664195, 3.8114980631664195, 3.8114980631664195, 3.8114980631664195, 3.8114980631664195, 3.8114980631664195, 3.8114980631664195, 3.8114980631664195, 3.8114980631664195, 3.8114980631664195, 3.8114980631664195, 3.8114980631664195, 3.8114980631664195, 3.8114980631664195, 3.8114980631664195, 3.8114980631664195, 3.8114980631664195, 3.8114980631664195, 3.8114980631664195, 3.8114980631664195, 3.8114980631664195, 3.8114980631664195, 3.8114980631664195, 3.8114980631664195, 3.8114980631664195, 3.8114980631664195, 3.8114980631664195, 3.8114980631664195, 3.8114980631664195, 3.8114980631664195, 3.8114980631664195, 3.8114980631664195, 3.8114980631664195, 3.8114980631664195, 3.8114980631664195, 3.8114980631664195, 3.8114980631664195, 3.8114980631664195, 3.8114980631664195, 3.8114980631664195, 3.8114980631664195, 3.8114980631664195, 3.8114980631664195, 3.8114980631664195, 3.8114980631664195, 3.8114980631664195, 3.8114980631664195, 3.8114980631664195, 3.8114980631664195, 3.8114980631664195, 3.8114980631664195, 3.8114980631664195, 3.8114980631664195, 3.8114980631664195, 3.8114980631664195, 3.8114980631664195, 3.8114980631664195, 3.8114980631664195, 3.8114980631664195, 3.8114980631664195, 3.8114980631664195, 3.8114980631664195, 3.8114980631664195, 3.8114980631664195, 3.8114980631664195, 3.8114980631664195, 3.8114980631664195, 3.8114980631664195, 3.8114980631664195]
real values2: [0.6280220150705937, 0.6280220150705937, 0.6280220150705937, 2.904484009098526, 2.999716768817375, 2.999716768817375, 2.999716768817375, 2.999716768817375, 2.999716768817375, 2.999716768817375, 2.999716768817375, 2.999716768817375, 2.999716768817375, 2.999716768817375, 2.999716768817375, 2.999716768817375, 2.999716768817375, 2.999716768817375, 3.0345376190400914, 3.0345376190400914, 3.0345376190400914, 3.0345376190400914, 3.6149495350176917, 3.6149495350176917, 3.6149495350176917, 3.6315285240318365, 3.6315285240318365, 3.6315285240318365, 3.6315285240318365, 3.6315285240318365, 3.656709344911328, 3.656709344911328, 3.656709344911328, 3.656709344911328, 3.656709344911328, 3.656709344911328, 3.656709344911328, 3.8114980631664195, 3.8114980631664195, 3.8114980631664195, 3.8114980631664195, 3.8114980631664195, 3.8114980631664195, 3.8114980631664195, 3.8114980631664195, 3.8114980631664195, 3.8114980631664195, 3.8114980631664195, 3.8114980631664195, 3.8114980631664195, 3.8114980631664195, 3.8114980631664195, 3.8114980631664195, 3.8114980631664195, 3.8114980631664195, 3.8114980631664195, 3.8114980631664195, 3.8114980631664195, 3.8114980631664195, 3.8114980631664195, 3.8114980631664195, 3.8114980631664195, 3.8114980631664195, 3.8114980631664195, 3.8114980631664195, 3.8114980631664195, 3.8114980631664195, 3.8114980631664195, 3.8114980631664195, 3.8114980631664195, 3.8114980631664195, 3.8114980631664195, 3.8114980631664195, 3.8114980631664195, 3.8114980631664195, 3.8114980631664195, 3.8114980631664195, 3.8114980631664195, 3.8114980631664195, 3.8114980631664195, 3.8114980631664195, 3.8114980631664195, 3.8114980631664195, 3.8114980631664195, 3.8114980631664195, 3.8114980631664195, 3.8114980631664195, 3.8114980631664195, 3.8114980631664195, 3.8114980631664195, 3.8114980631664195, 3.8114980631664195, 3.8114980631664195, 3.8114980631664195, 3.8114980631664195, 3.8114980631664195, 3.8114980631664195, 3.8114980631664195, 3.8114980631664195, 3.8114980631664195, 3.8114980631664195, 3.8114980631664195, 3.8114980631664195, 3.8114980631664195, 3.8114980631664195, 3.8114980631664195, 3.8114980631664195, 3.8114980631664195, 3.8114980631664195, 3.8114980631664195, 3.8114980631664195]
Done!
Updating C
C: 0.008544481900926375
nu_max: 0.008544481900926375
Running SOO number: 3 rho: 0.857375 nu: 0.008544481900926375
delay_type: DHOO
policy: UCBV
