('generated stochastic delays:', [array([ 2, 11,  5, ...,  2,  3,  1])])
('opt_fidel_cost:', 1.0)
Running Experiment1: 
('total budget:', 600)
Auto Init: 
C: 0.8313313703582592
nu: 0.8313313703582592
Budget Remaining: 591.995836973
Number of MFHOO Instances: 1
Budget per MFHOO Instance:590.995836973
Running SOO number: 1 rho: 0.95 nu: 0.8313313703582592
delay_type: HOO
policy: UCBV
[0.54296875 0.14453125]
final iterations:74
final HOO number of nodes:149
final HOO height:15
final duration:592
final optimal value:-0.401123 
time durations: [8.009684085845947, 16.012587070465088, 24.022701025009155, 32.039403200149536, 40.05224299430847, 48.06355118751526, 56.07144212722778, 64.08447098731995, 72.08803915977478, 80.0968132019043, 88.10314011573792, 96.11038398742676, 104.12106704711914, 112.13071012496948, 120.13768815994263, 128.14264822006226, 136.14775800704956, 144.15764117240906, 152.1631371974945, 160.17407417297363, 168.18039798736572, 176.18683409690857, 184.19625306129456, 192.20854902267456, 200.2161340713501, 208.22228002548218, 216.23050713539124, 224.2350721359253, 232.24405908584595, 240.2509150505066, 248.25630021095276, 256.2631471157074, 264.2677400112152, 272.2759029865265, 280.288987159729, 288.30028104782104, 296.3114891052246, 304.3224971294403, 312.33121705055237, 320.3416130542755, 328.3492941856384, 336.36177921295166, 344.3703889846802, 352.3780200481415, 360.38969111442566, 368.3975009918213, 376.4096281528473, 384.41816902160645, 392.42335319519043, 400.4355421066284, 408.4461090564728, 416.455708026886, 424.4682950973511, 432.47930216789246, 440.4918169975281, 448.4993691444397, 456.5082461833954, 464.5144290924072, 472.52537202835083, 480.53741908073425, 488.5497341156006, 496.560506105423, 504.57220911979675, 512.5855212211609, 520.6018650531769, 528.6176390647888, 536.6327199935913, 544.6496670246124, 552.6599521636963, 560.676910161972, 568.6865200996399, 576.6996550559998, 584.7146530151367, 592.7317152023315]
noisy values: [-3.2693864500647454, -3.2693864500647454, -3.2693864500647454, -3.2693864500647454, -3.2693864500647454, -3.2693864500647454, -1.878555389133357, -1.1364511705127924, -1.1364511705127924, -1.1364511705127924, -1.0557382984011134, -1.0557382984011134, -0.6921541650187368, -0.6921541650187368, -0.6921541650187368, -0.5410908809183166, -0.5410908809183166, -0.5410908809183166, -0.5410908809183166, -0.5410908809183166, -0.5410908809183166, -0.5410908809183166, -0.4192740843598184, -0.4192740843598184, -0.4192740843598184, -0.4192740843598184, -0.4192740843598184, -0.4192740843598184, -0.4192740843598184, -0.4192740843598184, -0.4192740843598184, -0.41441796772828887, -0.41441796772828887, -0.41441796772828887, -0.41441796772828887, -0.41441796772828887, -0.41441796772828887, -0.41441796772828887, -0.41441796772828887, -0.41441796772828887, -0.41441796772828887, -0.41441796772828887, -0.41441796772828887, -0.4129869857993498, -0.4129869857993498, -0.4129869857993498, -0.4129869857993498, -0.4129869857993498, -0.4129869857993498, -0.4129869857993498, -0.4129869857993498, -0.4129869857993498, -0.4129869857993498, -0.4129869857993498, -0.4129869857993498, -0.4129869857993498, -0.4016094836719688, -0.4016094836719688, -0.4016094836719688, -0.4016094836719688, -0.4016094836719688, -0.4016094836719688, -0.4016094836719688, -0.4016094836719688, -0.4016094836719688, -0.4011232135929639, -0.4011232135929639, -0.4011232135929639, -0.4011232135929639, -0.4011232135929639, -0.4011232135929639, -0.4011232135929639, -0.4011232135929639, -0.4011232135929639]
data points:
values: [-3.156436450015981, -3.156436450015981, -3.156436450015981, -3.156436450015981, -3.156436450015981, -3.156436450015981, -2.065240567292882, -1.2367994993539337, -1.2367994993539337, -1.2367994993539337, -1.2367994993539337, -1.138531354346135, -1.138531354346135, -0.7604847887383777, -0.7604847887383777, -0.7604847887383777, -0.5458465207772178, -0.5458465207772178, -0.5458465207772178, -0.5458465207772178, -0.5458465207772178, -0.5458465207772178, -0.5458465207772178, -0.43001364392046426, -0.43001364392046426, -0.43001364392046426, -0.43001364392046426, -0.43001364392046426, -0.43001364392046426, -0.43001364392046426, -0.43001364392046426, -0.43001364392046426, -0.4212631441387078, -0.4212631441387078, -0.4212631441387078, -0.4212631441387078, -0.4212631441387078, -0.4212631441387078, -0.4212631441387078, -0.4212631441387078, -0.4212631441387078, -0.4212631441387078, -0.4212631441387078, -0.4212631441387078, -0.41388689903157605, -0.41388689903157605, -0.41388689903157605, -0.41388689903157605, -0.41388689903157605, -0.41388689903157605, -0.41388689903157605, -0.41388689903157605, -0.41388689903157605, -0.41388689903157605, -0.41388689903157605, -0.41388689903157605, -0.41388689903157605, -0.39808373997248303, -0.39808373997248303, -0.39808373997248303, -0.39808373997248303, -0.39808373997248303, -0.39808373997248303, -0.39808373997248303, -0.39808373997248303, -0.39808373997248303, -0.4088994252956635, -0.4088994252956635, -0.4088994252956635, -0.4088994252956635, -0.4088994252956635, -0.4088994252956635, -0.4088994252956635, -0.4088994252956635]
Done!
