('generated stochastic delays:', [array([ 2, 11,  5, ...,  2,  3,  1])])
('opt_fidel_cost:', 1.0)
Running Experiment1: 
('total budget:', 600)
Auto Init: 
C: 0.8313313703582592
nu: 0.8313313703582592
Budget Remaining: 591.989755869
Number of MFHOO Instances: 1
Budget per MFHOO Instance:590.989755869
Running SOO number: 1 rho: 0.95 nu: 0.8313313703582592
delay_type: HOO
policy: UCBV
[0.54589844 0.12451172]
final iterations:74
final HOO number of nodes:149
final HOO height:21
final duration:593
final optimal value:-0.519116 
time durations: [8.00629997253418, 16.015594005584717, 24.02510094642639, 32.031147956848145, 40.038285970687866, 48.04638409614563, 56.05360198020935, 64.06151294708252, 72.0732491016388, 80.07616996765137, 88.08564901351929, 96.09110903739929, 104.09949207305908, 112.11111998558044, 120.12261199951172, 128.1312770843506, 136.14222407341003, 144.1487329006195, 152.154226064682, 160.15781903266907, 168.16676902770996, 176.17262387275696, 184.18010187149048, 192.18635392189026, 200.1926040649414, 208.19819402694702, 216.20726609230042, 224.2120509147644, 232.22174787521362, 240.2278928756714, 248.2365539073944, 256.24275493621826, 264.2511730194092, 272.26285004615784, 280.2729709148407, 288.2840600013733, 296.290244102478, 304.29425287246704, 312.3020529747009, 320.3053328990936, 328.3136088848114, 336.3222370147705, 344.84270000457764, 352.8507390022278, 360.8591010570526, 368.8718478679657, 376.8797490596771, 384.89126110076904, 392.9042110443115, 400.916955947876, 408.9249300956726, 416.93141293525696, 424.93778705596924, 432.9456980228424, 440.95730090141296, 448.96635699272156, 456.97513699531555, 464.98671793937683, 472.9979500770569, 481.00683093070984, 489.0152659416199, 497.02538108825684, 505.03438901901245, 513.0387818813324, 521.0440108776093, 529.0529010295868, 537.063775062561, 545.0740389823914, 553.0813090801239, 561.0899169445038, 569.1026880741119, 577.1117279529572, 585.1196150779724, 593.1297090053558]
noisy values: [-3.2693864500647454, -3.2693864500647454, -3.2693864500647454, -3.2693864500647454, -3.2693864500647454, -1.878555389133357, -1.1364511705127924, -1.1364511705127924, -1.0557382984011134, -0.6921541650187368, -0.5852528064027673, -0.5852528064027673, -0.5852528064027673, -0.5852528064027673, -0.5644593252309509, -0.5644593252309509, -0.5432389831364901, -0.5432389831364901, -0.5432389831364901, -0.5324450200155155, -0.5324450200155155, -0.5324450200155155, -0.5324450200155155, -0.5324450200155155, -0.5324450200155155, -0.5324450200155155, -0.5324450200155155, -0.5324450200155155, -0.5236498078773355, -0.5236498078773355, -0.5236498078773355, -0.5236498078773355, -0.5236498078773355, -0.5236498078773355, -0.5236498078773355, -0.5236498078773355, -0.522673992833969, -0.522673992833969, -0.522673992833969, -0.522673992833969, -0.522673992833969, -0.522673992833969, -0.522673992833969, -0.522673992833969, -0.522673992833969, -0.522673992833969, -0.5191160233446777, -0.5191160233446777, -0.5191160233446777, -0.5191160233446777, -0.5191160233446777, -0.5191160233446777, -0.5191160233446777, -0.5191160233446777, -0.5191160233446777, -0.5191160233446777, -0.5191160233446777, -0.5191160233446777, -0.5191160233446777, -0.5191160233446777, -0.5191160233446777, -0.5191160233446777, -0.5191160233446777, -0.5191160233446777, -0.5191160233446777, -0.5191160233446777, -0.5191160233446777, -0.5191160233446777, -0.5191160233446777, -0.5191160233446777, -0.5191160233446777, -0.5191160233446777, -0.5191160233446777, -0.5191160233446777]
data points:
values: [-3.156436450015981, -3.156436450015981, -3.156436450015981, -3.156436450015981, -3.156436450015981, -2.065240567292882, -1.2367994993539337, -1.2367994993539337, -1.2367994993539337, -1.138531354346135, -0.7604847887383777, -0.6366682720651493, -0.6366682720651493, -0.6366682720651493, -0.6366682720651493, -0.6061414031402013, -0.6061414031402013, -0.5802631959207343, -0.5802631959207343, -0.5802631959207343, -0.566327834922566, -0.566327834922566, -0.566327834922566, -0.566327834922566, -0.566327834922566, -0.566327834922566, -0.566327834922566, -0.566327834922566, -0.566327834922566, -0.5546979199160589, -0.5546979199160589, -0.5546979199160589, -0.5546979199160589, -0.5546979199160589, -0.5546979199160589, -0.5546979199160589, -0.5546979199160589, -0.55160214699157, -0.55160214699157, -0.55160214699157, -0.55160214699157, -0.55160214699157, -0.55160214699157, -0.55160214699157, -0.55160214699157, -0.55160214699157, -0.55160214699157, -0.5461132684755707, -0.5461132684755707, -0.5461132684755707, -0.5461132684755707, -0.5461132684755707, -0.5461132684755707, -0.5461132684755707, -0.5461132684755707, -0.5461132684755707, -0.5461132684755707, -0.5461132684755707, -0.5461132684755707, -0.5461132684755707, -0.5461132684755707, -0.5461132684755707, -0.5461132684755707, -0.5461132684755707, -0.5461132684755707, -0.5461132684755707, -0.5461132684755707, -0.5461132684755707, -0.5461132684755707, -0.5461132684755707, -0.5461132684755707, -0.5461132684755707, -0.5461132684755707, -0.5461132684755707]
Done!
