('generated stochastic delays:', [array([ 2, 11,  5, ...,  2,  3,  1])])
('opt_fidel_cost:', 1.0)
Running Experiment1: 
('total budget:', 600)
Auto Init: 
C: 0.8313313703582592
nu: 0.8313313703582592
Budget Remaining: 591.994739056
Number of MFHOO Instances: 1
Budget per MFHOO Instance:590.994739056
Running SOO number: 1 rho: 0.95 nu: 0.8313313703582592
delay_type: HOO
policy: UCBV
[0.54589844 0.12451172]
final iterations:74
final HOO number of nodes:149
final HOO height:20
final duration:592
final optimal value:-0.519116 
time durations: [8.008541107177734, 16.016402006149292, 24.0243182182312, 32.03429818153381, 40.04073619842529, 48.04871320724487, 56.0605411529541, 64.06721615791321, 72.07674717903137, 80.08712220191956, 88.09546208381653, 96.10387015342712, 104.11266613006592, 112.12314319610596, 120.12804818153381, 128.13709807395935, 136.14799618721008, 144.1566300392151, 152.16820120811462, 160.17813110351562, 168.18954014778137, 176.19939613342285, 184.20681309700012, 192.21593809127808, 200.2260890007019, 208.23397517204285, 216.2443130016327, 224.25202012062073, 232.2631812095642, 240.2723400592804, 248.28471302986145, 256.2936360836029, 264.2987461090088, 272.30166721343994, 280.308443069458, 288.3211281299591, 296.32900404930115, 304.3359889984131, 312.347971200943, 320.358430147171, 328.36932611465454, 336.38102316856384, 344.3898980617523, 352.3967640399933, 360.40596413612366, 368.4126191139221, 376.41930413246155, 384.4252941608429, 392.43121218681335, 400.43903708457947, 408.44418501853943, 416.4511630535126, 424.4592590332031, 432.4714422225952, 440.48127007484436, 448.4880721569061, 456.4971890449524, 464.5062460899353, 472.5149760246277, 480.52396416664124, 488.535845041275, 496.5399341583252, 504.5497581958771, 512.5577821731567, 520.5611851215363, 528.5716760158539, 536.5851230621338, 544.5954501628876, 552.6032030582428, 560.6150510311127, 568.6198101043701, 576.6336951255798, 584.6399149894714, 592.6487650871277]
noisy values: [-3.2693864500647454, -3.2693864500647454, -3.2693864500647454, -3.2693864500647454, -3.2693864500647454, -1.878555389133357, -1.1364511705127924, -1.1364511705127924, -1.0557382984011134, -0.6921541650187368, -0.5852528064027673, -0.5852528064027673, -0.5852528064027673, -0.5852528064027673, -0.5852528064027673, -0.5852528064027673, -0.5644593252309509, -0.5644593252309509, -0.5644593252309509, -0.5644593252309509, -0.5432389831364901, -0.5432389831364901, -0.5432389831364901, -0.5432389831364901, -0.5432389831364901, -0.5432389831364901, -0.5432389831364901, -0.5432389831364901, -0.5324450200155155, -0.5324450200155155, -0.5324450200155155, -0.5324450200155155, -0.5324450200155155, -0.5324450200155155, -0.5324450200155155, -0.5324450200155155, -0.5324450200155155, -0.5324450200155155, -0.5236498078773355, -0.5236498078773355, -0.5236498078773355, -0.5236498078773355, -0.5236498078773355, -0.5236498078773355, -0.5236498078773355, -0.5236498078773355, -0.5236498078773355, -0.5236498078773355, -0.5236498078773355, -0.5236498078773355, -0.5236498078773355, -0.5236498078773355, -0.5236498078773355, -0.5236498078773355, -0.5236498078773355, -0.5236498078773355, -0.5236498078773355, -0.5236498078773355, -0.522673992833969, -0.522673992833969, -0.522673992833969, -0.522673992833969, -0.522673992833969, -0.522673992833969, -0.522673992833969, -0.522673992833969, -0.522673992833969, -0.522673992833969, -0.522673992833969, -0.522673992833969, -0.522673992833969, -0.522673992833969, -0.522673992833969, -0.5191160233446777]
data points:
values: [-3.156436450015981, -3.156436450015981, -3.156436450015981, -3.156436450015981, -3.156436450015981, -2.065240567292882, -1.2367994993539337, -1.2367994993539337, -1.2367994993539337, -1.138531354346135, -0.7604847887383777, -0.6366682720651493, -0.6366682720651493, -0.6366682720651493, -0.6366682720651493, -0.6366682720651493, -0.6366682720651493, -0.6061414031402013, -0.6061414031402013, -0.6061414031402013, -0.6061414031402013, -0.5802631959207343, -0.5802631959207343, -0.5802631959207343, -0.5802631959207343, -0.5802631959207343, -0.5802631959207343, -0.5802631959207343, -0.5802631959207343, -0.566327834922566, -0.566327834922566, -0.566327834922566, -0.566327834922566, -0.566327834922566, -0.566327834922566, -0.566327834922566, -0.566327834922566, -0.566327834922566, -0.566327834922566, -0.5546979199160589, -0.5546979199160589, -0.5546979199160589, -0.5546979199160589, -0.5546979199160589, -0.5546979199160589, -0.5546979199160589, -0.5546979199160589, -0.5546979199160589, -0.5546979199160589, -0.5546979199160589, -0.5546979199160589, -0.5546979199160589, -0.5546979199160589, -0.5546979199160589, -0.5546979199160589, -0.5546979199160589, -0.5546979199160589, -0.5546979199160589, -0.5546979199160589, -0.55160214699157, -0.55160214699157, -0.55160214699157, -0.55160214699157, -0.55160214699157, -0.55160214699157, -0.55160214699157, -0.55160214699157, -0.55160214699157, -0.55160214699157, -0.55160214699157, -0.55160214699157, -0.55160214699157, -0.55160214699157, -0.55160214699157]
Done!
