('generated stochastic delays:', [array([ 2, 11,  5, ...,  2,  3,  1])])
('opt_fidel_cost:', 1.0)
Running Experiment1: 
('total budget:', 600)
Auto Init: 
C: 0.8313313703582592
nu: 0.8313313703582592
Budget Remaining: 591.997066021
Number of MFHOO Instances: 1
Budget per MFHOO Instance:590.997066021
Running SOO number: 1 rho: 0.95 nu: 0.8313313703582592
delay_type: HOO
policy: UCBV
[0.54589844 0.12451172]
final iterations:74
final HOO number of nodes:149
final HOO height:20
final duration:592
final optimal value:-0.519116 
time durations: [8.006271123886108, 16.01377511024475, 24.01552414894104, 32.02739119529724, 40.04564023017883, 48.06239414215088, 56.07341909408569, 64.0854070186615, 72.08972501754761, 80.10026717185974, 88.10789203643799, 96.1192090511322, 104.1221821308136, 112.12743020057678, 120.13715815544128, 128.1477291584015, 136.158527135849, 144.1683850288391, 152.17429900169373, 160.18238019943237, 168.18829607963562, 176.1971230506897, 184.2054409980774, 192.21661019325256, 200.22866320610046, 208.23719310760498, 216.24798107147217, 224.2570080757141, 232.26446509361267, 240.27638721466064, 248.28886914253235, 256.29573607444763, 264.3035340309143, 272.3146171569824, 280.32424807548523, 288.32799005508423, 296.3356990814209, 304.34028720855713, 312.35055804252625, 320.3593771457672, 328.3706691265106, 336.3815791606903, 344.3942310810089, 352.40724301338196, 360.4203100204468, 368.4240880012512, 376.43454909324646, 384.44358921051025, 392.4541141986847, 400.46729612350464, 408.47721815109253, 416.48661708831787, 424.4941351413727, 432.4989449977875, 440.5076570510864, 448.5178451538086, 456.5285680294037, 464.53549814224243, 472.54640221595764, 480.55599904060364, 488.5641031265259, 496.57024812698364, 504.5815110206604, 512.5902400016785, 520.5980410575867, 528.6068332195282, 536.6145679950714, 544.6202080249786, 552.6296560764313, 560.6366250514984, 568.6454961299896, 576.6572730541229, 584.6625771522522, 592.6707220077515]
noisy values: [-3.2693864500647454, -3.2693864500647454, -3.2693864500647454, -3.2693864500647454, -3.2693864500647454, -1.878555389133357, -1.1364511705127924, -1.1364511705127924, -1.0557382984011134, -0.6921541650187368, -0.5852528064027673, -0.5852528064027673, -0.5852528064027673, -0.5852528064027673, -0.5852528064027673, -0.5644593252309509, -0.5644593252309509, -0.5644593252309509, -0.5644593252309509, -0.5644593252309509, -0.5432389831364901, -0.5432389831364901, -0.5432389831364901, -0.5432389831364901, -0.5432389831364901, -0.5432389831364901, -0.5357770412305793, -0.5357770412305793, -0.5324450200155155, -0.5324450200155155, -0.5324450200155155, -0.5324450200155155, -0.5324450200155155, -0.5324450200155155, -0.5324450200155155, -0.5281856273705703, -0.5281856273705703, -0.5281856273705703, -0.5281856273705703, -0.5281856273705703, -0.5236498078773355, -0.5236498078773355, -0.5236498078773355, -0.5236498078773355, -0.5236498078773355, -0.5236498078773355, -0.5236498078773355, -0.522673992833969, -0.522673992833969, -0.522673992833969, -0.522673992833969, -0.522673992833969, -0.522673992833969, -0.522673992833969, -0.522673992833969, -0.522673992833969, -0.522673992833969, -0.522673992833969, -0.522673992833969, -0.522673992833969, -0.522673992833969, -0.522673992833969, -0.522673992833969, -0.522673992833969, -0.522673992833969, -0.522673992833969, -0.5191160233446777, -0.5191160233446777, -0.5191160233446777, -0.5191160233446777, -0.5191160233446777, -0.5191160233446777, -0.5191160233446777, -0.5191160233446777]
data points:
values: [-3.156436450015981, -3.156436450015981, -3.156436450015981, -3.156436450015981, -3.156436450015981, -2.065240567292882, -1.2367994993539337, -1.2367994993539337, -1.2367994993539337, -1.138531354346135, -0.7604847887383777, -0.6366682720651493, -0.6366682720651493, -0.6366682720651493, -0.6366682720651493, -0.6366682720651493, -0.6061414031402013, -0.6061414031402013, -0.6061414031402013, -0.6061414031402013, -0.6061414031402013, -0.5802631959207343, -0.5802631959207343, -0.5802631959207343, -0.5802631959207343, -0.5802631959207343, -0.5802631959207343, -0.5667294360429196, -0.5667294360429196, -0.566327834922566, -0.566327834922566, -0.566327834922566, -0.566327834922566, -0.566327834922566, -0.566327834922566, -0.566327834922566, -0.5564109472988754, -0.5564109472988754, -0.5564109472988754, -0.5564109472988754, -0.5564109472988754, -0.5546979199160589, -0.5546979199160589, -0.5546979199160589, -0.5546979199160589, -0.5546979199160589, -0.5546979199160589, -0.5546979199160589, -0.55160214699157, -0.55160214699157, -0.55160214699157, -0.55160214699157, -0.55160214699157, -0.55160214699157, -0.55160214699157, -0.55160214699157, -0.55160214699157, -0.55160214699157, -0.55160214699157, -0.55160214699157, -0.55160214699157, -0.55160214699157, -0.55160214699157, -0.55160214699157, -0.55160214699157, -0.55160214699157, -0.55160214699157, -0.5461132684755707, -0.5461132684755707, -0.5461132684755707, -0.5461132684755707, -0.5461132684755707, -0.5461132684755707, -0.5461132684755707]
Done!
