('generated stochastic delays:', [array([ 2, 11,  5, ...,  2,  3,  1])])
('opt_fidel_cost:', 1.0)
Running Experiment1: 
('total budget:', 600)
Auto Init: 
C: 0.8313313703582592
nu: 0.8313313703582592
Budget Remaining: 591.994402885
Number of MFHOO Instances: 1
Budget per MFHOO Instance:590.994402885
Running SOO number: 1 rho: 0.95 nu: 0.8313313703582592
delay_type: HOO
policy: UCBV
[0.54492188 0.12402344]
final iterations:74
final HOO number of nodes:149
final HOO height:18
final duration:592
final optimal value:-0.523650 
time durations: [8.009706974029541, 16.018166065216064, 24.025580883026123, 32.03474187850952, 40.04474091529846, 48.05008888244629, 56.059601068496704, 64.0639078617096, 72.0731430053711, 80.08050990104675, 88.09118986129761, 96.09732007980347, 104.10219597816467, 112.11042594909668, 120.12121987342834, 128.12973499298096, 136.1399118900299, 144.14667201042175, 152.15065002441406, 160.16147685050964, 168.16736507415771, 176.17258191108704, 184.18308806419373, 192.18828296661377, 200.19578385353088, 208.2034158706665, 216.21148991584778, 224.21405601501465, 232.21915006637573, 240.2286069393158, 248.24093103408813, 256.2513659000397, 264.26322388648987, 272.27207803726196, 280.283921957016, 288.2951169013977, 296.2979619503021, 304.3060600757599, 312.31259202957153, 320.32272386550903, 328.3308320045471, 336.3392629623413, 344.34825587272644, 352.361300945282, 360.37074184417725, 368.378879070282, 376.3916120529175, 384.4031329154968, 392.4113419055939, 400.4200029373169, 408.4317240715027, 416.43981289863586, 424.4490399360657, 432.4593598842621, 440.4676640033722, 448.4759249687195, 456.48587107658386, 464.4971408843994, 472.50783586502075, 480.51900005340576, 488.52567291259766, 496.5362980365753, 504.5469720363617, 512.5559890270233, 520.5684289932251, 528.581032037735, 536.5902819633484, 544.6020309925079, 552.6115579605103, 560.6195499897003, 568.625077009201, 576.6288168430328, 584.6359970569611, 592.6453969478607]
noisy values: [-3.2693864500647454, -3.2693864500647454, -3.2693864500647454, -3.2693864500647454, -3.2693864500647454, -3.2693864500647454, -1.878555389133357, -1.1364511705127924, -1.1364511705127924, -1.0557382984011134, -1.0557382984011134, -1.0557382984011134, -0.6921541650187368, -0.6921541650187368, -0.5852528064027673, -0.5852528064027673, -0.5852528064027673, -0.5852528064027673, -0.5852528064027673, -0.5852528064027673, -0.5852528064027673, -0.5852528064027673, -0.5852528064027673, -0.5852528064027673, -0.5852528064027673, -0.5644593252309509, -0.5644593252309509, -0.5644593252309509, -0.5644593252309509, -0.5644593252309509, -0.5644593252309509, -0.5644593252309509, -0.5644593252309509, -0.5432389831364901, -0.5432389831364901, -0.5432389831364901, -0.5432389831364901, -0.5432389831364901, -0.5432389831364901, -0.5432389831364901, -0.5432389831364901, -0.5432389831364901, -0.5432389831364901, -0.5432389831364901, -0.5357770412305793, -0.5324450200155155, -0.5324450200155155, -0.5324450200155155, -0.5324450200155155, -0.5324450200155155, -0.5324450200155155, -0.5324450200155155, -0.5324450200155155, -0.5324450200155155, -0.5324450200155155, -0.5324450200155155, -0.5324450200155155, -0.5324450200155155, -0.5324450200155155, -0.5324450200155155, -0.5324450200155155, -0.5281856273705703, -0.5281856273705703, -0.5281856273705703, -0.5236498078773355, -0.5236498078773355, -0.5236498078773355, -0.5236498078773355, -0.5236498078773355, -0.5236498078773355, -0.5236498078773355, -0.5236498078773355, -0.5236498078773355, -0.5236498078773355]
data points:
values: [-3.156436450015981, -3.156436450015981, -3.156436450015981, -3.156436450015981, -3.156436450015981, -3.156436450015981, -2.065240567292882, -1.2367994993539337, -1.2367994993539337, -1.2367994993539337, -1.138531354346135, -1.138531354346135, -1.138531354346135, -0.7604847887383777, -0.7604847887383777, -0.6366682720651493, -0.6366682720651493, -0.6366682720651493, -0.6366682720651493, -0.6366682720651493, -0.6366682720651493, -0.6366682720651493, -0.6366682720651493, -0.6366682720651493, -0.6366682720651493, -0.6366682720651493, -0.6061414031402013, -0.6061414031402013, -0.6061414031402013, -0.6061414031402013, -0.6061414031402013, -0.6061414031402013, -0.6061414031402013, -0.6061414031402013, -0.5802631959207343, -0.5802631959207343, -0.5802631959207343, -0.5802631959207343, -0.5802631959207343, -0.5802631959207343, -0.5802631959207343, -0.5802631959207343, -0.5802631959207343, -0.5802631959207343, -0.5802631959207343, -0.5667294360429196, -0.566327834922566, -0.566327834922566, -0.566327834922566, -0.566327834922566, -0.566327834922566, -0.566327834922566, -0.566327834922566, -0.566327834922566, -0.566327834922566, -0.566327834922566, -0.566327834922566, -0.566327834922566, -0.566327834922566, -0.566327834922566, -0.566327834922566, -0.566327834922566, -0.5564109472988754, -0.5564109472988754, -0.5564109472988754, -0.5546979199160589, -0.5546979199160589, -0.5546979199160589, -0.5546979199160589, -0.5546979199160589, -0.5546979199160589, -0.5546979199160589, -0.5546979199160589, -0.5546979199160589]
Done!
