('generated stochastic delays:', [array([ 2, 11,  5, ...,  2,  3,  1])])
('opt_fidel_cost:', 1.0)
Running Experiment1: 
('total budget:', 600)
Auto Init: 
C: 0.8313313703582592
nu: 0.8313313703582592
Budget Remaining: 591.990040064
Number of MFHOO Instances: 1
Budget per MFHOO Instance:590.990040064
Running SOO number: 1 rho: 0.95 nu: 0.8313313703582592
delay_type: HOO
policy: UCBV
[0.5390625  0.15234375]
final iterations:59
final HOO number of nodes:119
final HOO height:14
final duration:738
final optimal value:-0.412987 
time durations: [8.016232013702393, 16.022665977478027, 24.03080105781555, 32.0377140045166, 40.046988010406494, 48.053099155426025, 56.06367206573486, 64.07237815856934, 72.08044409751892, 80.09229516983032, 88.10172295570374, 96.10813307762146, 104.11175513267517, 112.12359309196472, 120.12801313400269, 128.1382360458374, 136.14607000350952, 144.15299010276794, 152.16105318069458, 160.17354106903076, 168.18138599395752, 176.18626499176025, 184.19519710540771, 192.2018210887909, 200.20955300331116, 208.21976613998413, 216.23044300079346, 224.23656010627747, 232.2469470500946, 240.25801396369934, 248.26610112190247, 256.27469515800476, 264.28595209121704, 272.2947759628296, 280.30315113067627, 288.3114061355591, 296.31521010398865, 304.3231129646301, 312.3323640823364, 320.34512996673584, 328.35713601112366, 336.36137104034424, 344.36882996559143, 352.37901496887207, 360.3875801563263, 368.39623618125916, 376.4070920944214, 384.4167790412903, 392.43257308006287, 400.44378995895386, 408.4570710659027, 439.2687051296234, 464.628142118454, 472.652960062027, 480.6773090362549, 488.7035720348358, 496.7248339653015, 504.7487540245056, 738.4429910182953]
noisy values: [-3.2693864500647454, -3.2693864500647454, -3.2693864500647454, -3.2693864500647454, -3.2693864500647454, -3.2693864500647454, -1.878555389133357, -1.1364511705127924, -1.1364511705127924, -1.1364511705127924, -1.1364511705127924, -0.9526503569505866, -0.5410908809183166, -0.5410908809183166, -0.5410908809183166, -0.5410908809183166, -0.5410908809183166, -0.5410908809183166, -0.5410908809183166, -0.5410908809183166, -0.5410908809183166, -0.4192740843598184, -0.4192740843598184, -0.4192740843598184, -0.4192740843598184, -0.4192740843598184, -0.4192740843598184, -0.4192740843598184, -0.4192740843598184, -0.4192740843598184, -0.4192740843598184, -0.4192740843598184, -0.4192740843598184, -0.4192740843598184, -0.4192740843598184, -0.41441796772828887, -0.41441796772828887, -0.41441796772828887, -0.41441796772828887, -0.41441796772828887, -0.41441796772828887, -0.41441796772828887, -0.41441796772828887, -0.41441796772828887, -0.41441796772828887, -0.41441796772828887, -0.41441796772828887, -0.41441796772828887, -0.4129869857993498, -0.4129869857993498, -0.4129869857993498, -0.4129869857993498, -0.4129869857993498, -0.4129869857993498, -0.4129869857993498, -0.4129869857993498, -0.4129869857993498, -0.4129869857993498, -0.4129869857993498]
data points:
values: [-3.156436450015981, -3.156436450015981, -3.156436450015981, -3.156436450015981, -3.156436450015981, -3.156436450015981, -2.065240567292882, -1.2367994993539337, -1.2367994993539337, -1.2367994993539337, -1.2367994993539337, -1.2367994993539337, -0.8982767384760351, -0.5458465207772178, -0.5458465207772178, -0.5458465207772178, -0.5458465207772178, -0.5458465207772178, -0.5458465207772178, -0.5458465207772178, -0.5458465207772178, -0.5458465207772178, -0.43001364392046426, -0.43001364392046426, -0.43001364392046426, -0.43001364392046426, -0.43001364392046426, -0.43001364392046426, -0.43001364392046426, -0.43001364392046426, -0.43001364392046426, -0.43001364392046426, -0.43001364392046426, -0.43001364392046426, -0.43001364392046426, -0.43001364392046426, -0.4212631441387078, -0.4212631441387078, -0.4212631441387078, -0.4212631441387078, -0.4212631441387078, -0.4212631441387078, -0.4212631441387078, -0.4212631441387078, -0.4212631441387078, -0.4212631441387078, -0.4212631441387078, -0.4212631441387078, -0.4212631441387078, -0.41388689903157605, -0.41388689903157605, -0.41388689903157605, -0.41388689903157605, -0.41388689903157605, -0.41388689903157605, -0.41388689903157605, -0.41388689903157605, -0.41388689903157605, -0.41388689903157605]
Done!
