('generated stochastic delays:', [array([ 2, 11,  5, ...,  2,  3,  1])])
('opt_fidel_cost:', 1.0)
Running Experiment1: 
('total budget:', 600)
Auto Init: 
C: 0.8313313703582592
nu: 0.8313313703582592
Budget Remaining: 591.991261005
Number of MFHOO Instances: 1
Budget per MFHOO Instance:590.991261005
Running SOO number: 1 rho: 0.95 nu: 0.8313313703582592
delay_type: HOO
policy: UCBV
[0.54589844 0.12451172]
final iterations:74
final HOO number of nodes:149
final HOO height:20
final duration:592
final optimal value:-0.519116 
time durations: [8.008250951766968, 16.01648187637329, 24.025511026382446, 32.033957958221436, 40.04056096076965, 48.04841089248657, 56.052623987197876, 64.06221795082092, 72.07251286506653, 80.08119487762451, 88.08825898170471, 96.09314703941345, 104.09563302993774, 112.10630798339844, 120.11687803268433, 128.12121486663818, 136.1279718875885, 144.13166189193726, 152.1356999874115, 160.1415228843689, 168.1473879814148, 176.15499591827393, 184.16141390800476, 192.16825485229492, 200.1777160167694, 208.18395686149597, 216.1927728652954, 224.20024704933167, 232.20828104019165, 240.21535992622375, 248.22256588935852, 256.2307620048523, 264.23782205581665, 272.24582505226135, 280.2547359466553, 288.26076197624207, 296.27062487602234, 304.27570605278015, 312.27926087379456, 320.2859480381012, 328.2916028499603, 336.29973101615906, 344.3081798553467, 352.3152849674225, 360.32424688339233, 368.3297200202942, 376.33869791030884, 384.3489339351654, 392.35826802253723, 400.36650800704956, 408.3794639110565, 416.39249992370605, 424.4031620025635, 432.41351199150085, 440.4220290184021, 448.432461977005, 456.444207906723, 464.4556188583374, 472.45999097824097, 480.46864104270935, 488.4740319252014, 496.48680305480957, 504.49592185020447, 512.5077359676361, 520.5196208953857, 528.5322439670563, 536.5372939109802, 544.5460529327393, 552.5548758506775, 560.5620858669281, 568.57093501091, 576.580491065979, 584.5897099971771, 592.5990419387817]
noisy values: [-3.2693864500647454, -3.2693864500647454, -3.2693864500647454, -3.2693864500647454, -3.2693864500647454, -1.878555389133357, -1.1364511705127924, -1.1364511705127924, -1.0557382984011134, -0.6921541650187368, -0.5852528064027673, -0.5852528064027673, -0.5852528064027673, -0.5852528064027673, -0.5852528064027673, -0.5644593252309509, -0.5644593252309509, -0.5644593252309509, -0.5644593252309509, -0.5432389831364901, -0.5432389831364901, -0.5432389831364901, -0.5432389831364901, -0.5432389831364901, -0.5432389831364901, -0.5432389831364901, -0.5357770412305793, -0.5357770412305793, -0.5357770412305793, -0.5324450200155155, -0.5324450200155155, -0.5236498078773355, -0.5236498078773355, -0.5236498078773355, -0.5236498078773355, -0.5236498078773355, -0.5236498078773355, -0.5236498078773355, -0.5236498078773355, -0.5236498078773355, -0.522673992833969, -0.522673992833969, -0.522673992833969, -0.522673992833969, -0.522673992833969, -0.522673992833969, -0.522673992833969, -0.522673992833969, -0.522673992833969, -0.522673992833969, -0.522673992833969, -0.522673992833969, -0.522673992833969, -0.522673992833969, -0.522673992833969, -0.522673992833969, -0.522673992833969, -0.522673992833969, -0.522673992833969, -0.5191160233446777, -0.5191160233446777, -0.5191160233446777, -0.5191160233446777, -0.5191160233446777, -0.5191160233446777, -0.5191160233446777, -0.5191160233446777, -0.5191160233446777, -0.5191160233446777, -0.5191160233446777, -0.5191160233446777, -0.5191160233446777, -0.5191160233446777, -0.5191160233446777]
data points:
values: [-3.156436450015981, -3.156436450015981, -3.156436450015981, -3.156436450015981, -3.156436450015981, -2.065240567292882, -1.2367994993539337, -1.2367994993539337, -1.2367994993539337, -1.138531354346135, -0.7604847887383777, -0.6366682720651493, -0.6366682720651493, -0.6366682720651493, -0.6366682720651493, -0.6366682720651493, -0.6061414031402013, -0.6061414031402013, -0.6061414031402013, -0.6061414031402013, -0.5802631959207343, -0.5802631959207343, -0.5802631959207343, -0.5802631959207343, -0.5802631959207343, -0.5802631959207343, -0.5802631959207343, -0.5667294360429196, -0.5667294360429196, -0.5667294360429196, -0.566327834922566, -0.566327834922566, -0.5546979199160589, -0.5546979199160589, -0.5546979199160589, -0.5546979199160589, -0.5546979199160589, -0.5546979199160589, -0.5546979199160589, -0.5546979199160589, -0.5546979199160589, -0.55160214699157, -0.55160214699157, -0.55160214699157, -0.55160214699157, -0.55160214699157, -0.55160214699157, -0.55160214699157, -0.55160214699157, -0.55160214699157, -0.55160214699157, -0.55160214699157, -0.55160214699157, -0.55160214699157, -0.55160214699157, -0.55160214699157, -0.55160214699157, -0.55160214699157, -0.55160214699157, -0.55160214699157, -0.5461132684755707, -0.5461132684755707, -0.5461132684755707, -0.5461132684755707, -0.5461132684755707, -0.5461132684755707, -0.5461132684755707, -0.5461132684755707, -0.5461132684755707, -0.5461132684755707, -0.5461132684755707, -0.5461132684755707, -0.5461132684755707, -0.5461132684755707]
Done!
